0,1074.22418,130.68331
1,447.07423,291.78704
2,1122.91319,-86.87283
3,1046.87762,83.32914
4,1031.40056,226.92808
5,698.33479,395.21027
6,794.64265,396.63401
7,728.94995,346.17671
8,774.34345,387.02316
9,1046.69380,380.03923
10,562.93340,403.35004
11,1116.07447,-57.12805
12,1117.50602,-68.48766
13,485.26285,325.13484
14,709.37732,421.11423
15,737.26199,345.86233
16,651.30818,373.32751
17,950.52720,361.52652
18,548.74027,356.02358
19,1038.04925,192.01881
20,830.77941,412.27085
21,1038.27771,466.88327
22,905.92234,483.06725
23,814.57677,391.26304
24,754.55377,574.22286
25,787.88696,442.27229
26,1067.36954,13.75066
27,456.30979,305.52568
28,1028.52558,243.00105
29,578.01532,467.03457
30,1102.85030,-18.57117
31,659.97230,416.38875
32,460.83241,299.40766
33,1092.93664,-75.91787
34,635.47471,380.94827
35,483.81506,328.48453
36,576.33058,467.76834
37,849.42553,434.85973
38,448.55503,371.29897
39,1071.71849,127.36588
40,655.95514,437.58994
41,1049.35017,123.76108
42,1042.88446,382.78145
43,613.15436,453.91608
44,1116.87344,-62.00781
45,784.30664,368.88133
46,842.58528,389.59456
47,602.74782,419.82255
48,938.42753,359.63164
49,753.10055,381.56942
50,703.87454,362.73212
51,770.43124,405.99157
52,813.00791,384.15629
53,1067.37301,76.14770
54,1034.07329,230.47669
55,576.17012,407.61027
56,400.01783,178.57267
57,726.08748,364.20890
58,617.34392,345.21665
59,1114.10117,-31.39279
60,1116.34281,502.31621
61,726.41237,465.56914
62,790.95541,404.29338
63,711.08028,357.61143
64,685.25478,466.80394
65,781.93621,440.33573
66,803.36249,393.55959
67,753.29729,403.15190
68,880.28943,447.37964
69,1116.17270,-139.64627
70,1079.58603,-3.80629
71,566.50344,426.98431
72,981.13431,480.65848
73,1122.41046,-105.34941
74,1122.37923,-63.79451
75,437.13453,408.31452
76,471.63482,364.94632
77,472.68467,314.77220
78,1078.65011,111.98725
79,744.79612,370.19307
80,943.72703,426.01597
81,623.92631,385.99478
82,789.12571,368.85992
83,651.55224,346.20114
84,1023.04577,243.72030
85,1078.81495,-15.73676
86,1119.42098,-132.19698
87,1096.73404,-12.20740
88,768.83140,437.75472
89,1027.68802,469.57009
90,471.46390,321.53909
91,606.23381,405.61405
92,519.33058,521.07917
93,1127.05515,-155.80780
94,724.45470,406.97820
95,1054.70705,162.86087
96,797.36924,388.58430
97,615.31376,519.96827
98,615.26590,492.51367
99,728.93368,348.69494
100,909.13080,430.86778
101,1040.00206,100.12376
102,777.10121,431.60684
103,1039.71134,106.42587
104,1041.84734,100.74354
105,1119.48380,-74.26129
106,826.45493,370.04117
107,800.87698,387.55006
108,902.22483,366.43314
109,491.82701,332.93839
110,475.32703,364.73673
111,859.65066,357.29744
112,595.19519,359.09207
113,506.36203,332.34957
114,1093.48208,-85.22271
115,425.32725,452.33098
116,455.16703,371.14878
117,1093.16545,-54.56786
118,640.51679,361.75769
119,641.47594,392.09138
120,889.20578,361.13015
121,1099.23655,-143.50614
122,1081.08545,-0.88532
123,949.99722,354.39032
124,1095.28640,-61.65110
125,764.51838,434.14529
126,986.78829,372.99017
127,1041.36633,105.21697
128,1098.50870,-109.53416
129,648.17428,363.91103
130,582.56131,345.63506
131,1117.36575,-56.69242
132,1129.79321,-93.41244
133,460.09223,306.96321
134,758.09543,360.06768
135,1114.26646,-100.90268
136,1111.23609,-145.82875
137,1117.81614,-171.21593
138,582.90519,515.99831
139,718.56513,527.02313
140,1096.48106,-35.53747
141,1052.82524,473.62136
142,643.15245,384.03743
143,608.37264,428.65556
144,1114.55760,-93.09368
145,517.53618,433.12160
146,713.53591,355.95978
147,1109.09686,-161.64769
148,674.75674,390.61847
149,1116.10530,-44.69645
150,958.07916,350.64242
151,1049.03759,389.17821
152,408.63087,378.92690
153,620.44026,483.06508
154,981.04691,413.53569
155,796.25485,396.27944
156,1073.08711,35.48158
157,590.12263,405.59444
158,735.64891,434.10689
159,495.27001,246.58885
160,1116.32127,-108.35341
161,751.40866,429.87477
162,1100.20221,-70.25791
163,836.88567,378.54249
164,1027.12576,223.19654
165,736.86513,362.25993
166,1092.18246,-119.72633
167,455.63708,339.24037
168,1057.90710,450.14465
169,534.71800,353.67237
170,886.12871,363.10075
171,941.32769,347.94639
172,656.54880,420.34810
173,608.46782,370.90111
174,768.75279,372.51636
175,714.96697,413.98865
176,470.93258,306.09885
177,866.42482,354.11376
178,1025.97226,392.96155
179,554.08042,372.35721
180,750.20878,388.95861
181,843.48400,429.73881
182,432.10305,395.65947
183,1110.01405,-110.45881
184,633.51674,390.04418
185,585.13319,399.70373
186,1093.72439,-96.21001
187,769.36834,395.14501
188,768.49863,404.58300
189,1056.43040,427.35993
190,1111.47683,-129.43104
191,808.22501,393.07715
192,775.01204,373.37022
193,864.11983,557.65206
194,822.52835,398.30492
195,710.69970,414.02033
196,745.08426,407.00900
197,1097.95736,-111.91623
198,618.64851,397.74372
199,1071.11331,136.71198
200,638.89609,372.76572
201,552.06683,357.60629
202,708.93297,359.83491
203,692.79979,327.63542
204,1113.10763,-154.33176
205,1090.61213,65.82861
206,795.70399,381.26208
207,1045.57468,201.00579
208,468.80582,347.97348
209,1070.60762,10.67681
210,649.16978,429.42790
211,767.01765,369.80345
212,1103.00706,2.92627
213,860.33604,347.29046
214,1097.34203,-48.97885
215,665.51787,555.38271
216,453.11426,294.08921
217,735.66090,382.15032
218,1005.00049,335.83141
219,806.62927,389.66382
220,994.69359,409.52764
221,1107.29003,-160.67111
222,654.93074,408.62692
223,417.91038,473.24547
224,1104.83972,-74.28407
225,730.31080,374.09974
226,936.56795,385.04447
227,1046.40988,199.91687
228,1117.18702,-136.30659
229,1111.86399,507.78161
230,741.62929,387.55961
231,462.19588,376.74356
232,451.82351,236.46555
233,728.12281,530.93049
234,1054.88865,59.85780
235,867.73778,386.62524
236,522.13893,565.59594
237,445.71801,391.61026
238,1133.68267,-153.61616
239,1013.89832,347.11757
240,912.01870,447.64700
241,1096.27404,-76.20316
242,755.04242,371.26226
243,1026.66191,448.71093
244,1124.16070,-97.67541
245,672.47348,383.98513
246,651.25604,406.43709
247,780.01519,473.67631
248,1096.23944,-105.25565
249,399.03551,178.57937
250,514.33638,435.40647
251,1034.73116,375.66208
252,583.13535,406.43787
253,464.26639,309.04928
254,786.56646,366.63244
255,886.65549,370.84393
256,723.72421,351.03945
257,1099.28163,79.51028
258,801.63714,394.82139
259,957.83515,459.62030
260,1115.85671,-95.86238
261,473.80670,611.09270
262,876.80524,364.18880
263,829.94773,431.47802
264,910.99072,358.39340
265,863.61076,440.52188
266,1106.39043,-9.67682
267,1066.67481,45.51606
268,773.02973,406.79906
269,498.41567,552.47778
270,1081.45099,85.07987
271,843.00560,435.23555
272,470.14118,314.07253
273,847.58295,413.27808
274,627.17808,526.58264
275,1102.42422,484.10325
276,804.40063,368.25186
277,755.53003,378.70434
278,1103.03566,-129.57262
279,614.05220,343.14598
280,467.58060,364.75896
281,1048.54363,487.11339
282,984.78110,319.76251
283,630.82862,465.37224
284,1099.87872,33.20075
285,968.31050,379.71720
286,723.53028,426.86307
287,681.08494,376.59291
288,1135.56428,-152.62213
289,875.08569,493.19995
290,949.91172,363.67891
291,1119.51937,-71.23384
292,696.52211,360.89858
293,1050.52262,449.80008
294,1045.45203,196.05186
295,615.17316,454.24732
296,1106.82113,-122.57903
297,427.70154,556.77940
298,1001.89335,452.44703
299,730.30287,398.05777
300,857.73276,353.77428
301,756.48276,478.15479
302,642.92353,410.03446
303,751.99748,555.27052
304,479.82274,326.58633
305,1040.22774,418.18070
306,1025.77866,399.64894
307,1098.85990,-53.76550
308,809.91834,386.91823
309,790.24889,396.38873
310,942.45090,408.71105
311,743.35882,389.41527
312,939.56128,420.14739
313,1074.21571,6.50035
314,876.17667,460.32855
315,683.87069,404.00941
316,1114.71834,-163.26833
317,1068.57999,430.23537
318,1003.09892,414.12573
319,745.96082,430.07534
320,1091.00182,98.72444
321,496.98748,334.56482
322,771.73106,367.43082
323,590.55802,481.73257
324,465.41741,324.03046
325,757.79784,388.12924
326,452.19494,406.15564
327,535.55669,353.22250
328,615.01024,362.94201
329,1000.93789,138.43387
330,986.99069,365.93908
331,889.71160,316.66992
332,775.50430,397.62023
333,638.26845,379.81970
334,1104.30217,-54.08244
335,778.64777,371.67559
336,1089.41655,83.68932
337,728.45127,369.71292
338,1075.44755,117.66404
339,739.81728,393.14829
340,1077.08113,9.29981
341,746.41886,411.23177
342,1084.56730,111.45428
343,574.91023,353.83341
344,857.34734,465.20969
345,880.10590,366.04299
346,1050.24520,163.27574
347,575.32592,451.48193
348,679.26051,408.57828
349,861.17721,431.11238
350,618.05451,400.75089
351,499.39037,372.46834
352,971.86730,384.51122
353,1113.37340,-12.25938
354,893.36362,467.93063
355,1079.18973,-26.13153
356,839.20793,420.85875
357,1106.32010,-69.46471
358,582.08360,391.40127
359,1039.12774,102.13489
360,1115.55400,-69.16378
361,664.69939,361.40277
362,1038.62332,383.14321
363,1110.35025,-40.17360
364,947.60548,466.55493
365,926.56853,366.17293
366,1130.69992,-100.50872
367,738.55509,525.22083
368,711.25617,537.88358
369,1089.62900,101.44782
370,1042.64599,201.72309
371,597.22873,410.68623
372,1114.14354,-133.12156
373,1089.46682,96.72362
374,1104.75254,32.81259
375,540.83110,427.48004
376,914.50030,360.61817
377,1062.14113,168.93175
378,607.76178,355.77441
379,592.31910,479.24223
380,848.10670,396.74110
381,1060.76531,448.70368
382,746.59589,402.73574
383,1123.73981,-83.16758
384,1111.81479,-91.40307
385,1113.82989,-43.24482
386,1089.88215,-12.42492
387,738.48655,368.47073
388,1044.64866,103.14545
389,545.81096,348.13493
390,449.06251,396.50241
391,737.99135,376.94290
392,1115.43021,-64.54222
393,605.76494,486.08876
394,1041.97610,198.48840
395,797.98026,399.68343
396,578.17764,468.43488
397,910.20251,354.52813
398,786.37973,389.98795
399,1116.24177,-75.88828
400,647.38815,390.80813
401,542.49850,368.88385
402,733.89736,448.76525
403,749.49181,361.90032
404,661.05266,396.08482
405,1070.32166,19.96613
406,624.99634,405.71030
407,931.56912,487.00728
408,1085.21442,43.50528
409,1077.54052,119.23872
410,1014.73768,400.45757
411,385.72858,381.16416
412,783.61012,362.03032
413,382.50984,378.65039
414,607.31492,441.61073
415,1108.15451,-124.72745
416,1054.28286,157.51000
417,705.17675,372.48719
418,807.34746,396.83428
419,903.99876,454.81895
420,763.62123,356.11339
421,369.43575,145.12022
422,457.36501,317.69947
423,664.23350,370.70394
424,1129.26055,-103.93940
425,681.46554,390.58998
426,591.68456,441.29791
427,625.04831,370.37346
428,1125.97841,-95.92995
429,876.31802,437.30134
430,662.51705,345.33803
431,652.10286,401.40561
432,1038.85592,111.58109
433,751.97202,397.63269
434,867.10647,352.54461
435,712.31148,381.44067
436,918.96601,458.68582
437,1024.90378,440.28580
438,563.77490,375.79315
439,982.30940,402.87664
440,558.21580,338.32545
441,457.49654,307.33368
442,886.98174,381.89869
443,859.10080,313.81563
444,735.47848,358.33124
445,1118.76799,-101.29999
446,1112.64644,-46.47859
447,688.05838,423.68287
448,759.93076,409.16894
449,1045.95115,161.21428
450,451.09558,296.35605
451,1104.96704,-144.99250
452,591.43890,361.51166
453,1021.98362,439.36569
454,658.86851,403.45819
455,1054.48251,407.98872
456,1039.08540,104.77228
457,522.34168,336.04563
458,1123.23747,-93.95414
459,765.08341,371.86996
460,802.97196,379.67113
461,552.82301,388.00084
462,893.52078,366.60305
463,539.55806,394.02737
464,813.52793,371.23218
465,493.64976,307.16862
466,802.57866,382.41006
467,1081.36430,88.73191
468,773.47716,378.68096
469,785.17502,426.05543
470,1013.33247,279.78125
471,602.96444,439.58685
472,1018.35073,252.99737
473,763.76024,392.24911
474,1029.44556,386.06592
475,748.27560,363.03137
476,966.96759,465.77553
477,666.14633,415.67761
478,456.46227,299.00762
479,792.70860,393.75407
480,1122.93852,-103.98599
481,635.23589,388.57295
482,1101.75834,-35.90164
483,1025.64747,462.21893
484,819.05055,376.34089
485,1110.38445,-112.14573
486,634.55061,405.68908
487,1087.64686,-66.77337
488,1082.25314,-33.62733
489,739.21400,414.85366
490,431.25565,386.31323
491,1069.08760,14.99970
492,1120.58133,-90.66248
493,1050.20764,511.73404
494,791.04170,382.75463
495,985.97400,326.69437
496,544.10171,391.97301
497,754.36587,357.79056
498,851.55803,459.90637
499,698.85135,377.89072
500,1114.92541,-119.20423
501,956.68267,384.90032
502,406.34298,393.85552
503,844.55911,350.97010
504,1112.37020,-97.68578
505,1049.87589,197.98946
506,538.73831,390.47822
507,552.04239,351.49421
508,531.32246,425.71739
509,647.13600,383.17539
510,776.49146,406.73072
511,1041.73807,396.19219
512,1118.16953,-103.00442
513,394.42119,174.11456
514,503.49786,431.51409
515,766.02416,415.22679
516,545.65237,394.82296
517,729.09793,407.63733
518,791.47287,353.55624
519,1101.63965,-153.51951
520,1034.31128,402.78732
521,841.95872,371.78132
522,720.40550,391.62812
523,1121.43114,-93.04388
524,1094.28065,87.69862
525,879.97333,476.69331
526,1053.98583,442.31127
527,800.26719,467.07859
528,1087.19294,-61.63981
529,1108.65376,-135.84205
530,1030.70494,414.83340
531,699.47320,364.80946
532,647.85561,404.15830
533,876.78478,446.77629
534,1121.34697,-85.03824
535,691.24374,412.24278
536,647.64017,475.00761
537,776.90687,410.64459
538,654.14136,390.48949
539,1096.39741,-91.15191
540,1052.36112,411.46685
541,1105.83354,20.53556
542,815.15181,451.58746
543,610.38776,364.35164
544,1074.37575,127.38059
545,833.83448,372.83861
546,980.61421,323.46891
547,1087.28536,-40.91310
548,1102.08658,60.54138
549,557.90799,391.29602
550,451.70324,337.47749
551,1112.87768,-64.73494
552,1103.13661,-74.76479
553,770.41315,445.26468
554,724.44871,482.26998
555,614.97901,443.16409
556,789.47219,399.21345
557,633.97492,411.72989
558,760.02915,373.88369
559,658.28812,395.72368
560,1134.33082,-102.90844
561,1091.39067,33.83966
562,762.98831,413.29384
563,1016.99613,270.66818
564,507.91133,448.01287
565,975.39925,429.21987
566,1122.87541,-99.59163
567,1087.22627,65.64925
568,466.29279,311.44884
569,773.46183,429.73075
570,766.63839,428.48002
571,731.45882,369.04883
572,584.04599,369.48496
573,748.31729,594.68317
574,1060.13486,386.45231
575,451.77763,292.59403
576,673.22787,349.63918
577,498.95647,417.31361
578,1093.69169,-64.90529
579,909.59923,381.94581
580,901.85916,362.17631
581,775.91920,434.66040
582,734.09024,354.97975
583,872.56494,320.12948
584,1058.08914,150.52219
585,475.62992,312.86106
586,1080.52911,105.48320
587,486.44170,386.04581
588,437.36174,388.21168
589,726.56698,415.69054
590,789.29090,438.57147
591,821.49703,415.25744
592,645.25497,394.05134
593,541.89055,433.26808
594,893.44188,476.03997
595,936.71891,370.94214
596,1021.19616,197.58484
597,653.96739,426.30124
598,1036.39282,432.72014
599,483.43428,321.99079
600,1108.74377,-57.21280
601,809.76952,423.57811
602,963.70678,408.44414
603,667.40505,409.01850
604,750.69711,385.70082
605,742.93812,375.49469
606,1083.09701,-12.73952
607,750.49187,408.23205
608,542.17877,402.96157
609,816.21839,394.12498
610,631.01168,392.29875
611,672.76270,427.88477
612,1032.07750,100.42976
613,727.80737,489.48322
614,1058.14101,515.24201
615,667.64165,394.38151
616,656.59376,431.30554
617,588.87409,401.57173
618,597.92426,402.26614
619,1026.92109,218.07535
620,737.18545,383.40354
621,628.55429,408.94651
622,600.11801,375.34100
623,1068.52619,139.80029
624,1112.06828,-167.51060
625,1094.32905,-97.85767
626,1081.11642,28.83089
627,894.47781,432.03003
628,554.82903,391.83042
629,733.06948,394.48045
630,730.78344,402.28943
631,822.96893,377.11556
632,717.56010,364.08577
633,516.09097,468.87241
634,872.42417,363.53567
635,716.68279,385.85716
636,1016.28073,398.90874
637,649.77337,408.19426
638,1123.70909,-72.18561
639,757.42094,379.45649
640,807.33394,442.07908
641,637.66617,426.21351
642,786.30890,386.17844
643,1081.98762,-7.92804
644,989.02343,470.66566
645,543.53611,350.08119
646,617.49493,496.78459
647,970.80092,422.42934
648,840.38072,382.97190
649,824.08538,370.05143
650,701.90333,370.02162
651,478.10518,336.24466
652,727.31828,399.08612
653,959.38489,355.63792
654,793.30231,397.77567
655,756.11674,421.01227
656,577.60237,382.84429
657,610.08818,644.71499
658,756.70695,450.22801
659,719.35861,379.10406
660,465.99761,330.01482
661,1028.96254,256.84692
662,1067.71184,19.64022
663,686.51332,368.45765
664,815.75994,378.14822
665,476.66616,308.50736
666,597.80283,376.35821
667,1041.84400,378.81428
668,470.93620,539.92109
669,879.06968,409.69420
670,1119.15274,-64.81184
671,483.40229,358.43619
672,544.73096,373.91809
673,843.96800,384.87379
674,751.68986,348.20054
675,449.21827,293.26344
676,579.80368,354.93104
677,869.62385,502.87066
678,543.52836,355.08384
679,1067.77700,142.97129
680,784.85164,417.56916
681,1089.07667,74.45210
682,744.22262,372.94757
683,916.45433,361.53684
684,1099.26404,-66.65832
685,808.02393,446.94316
686,624.24463,350.01496
687,1037.45943,475.10502
688,477.89192,318.85829
689,630.19347,422.10115
690,1051.88339,76.16632
691,644.98892,451.05805
692,841.25281,412.08054
693,724.69049,364.57806
694,420.31331,433.85166
695,1076.84719,-15.61301
696,1113.39650,-56.38846
697,1060.87615,440.09997
698,805.27056,402.84254
699,1068.73446,129.84095
700,1086.05714,-68.54990
701,644.06271,415.83232
702,712.90764,526.76108
703,543.79370,398.84545
704,980.81779,341.94727
705,1119.47771,-61.18212
706,1116.78477,-152.42341
707,746.73228,383.92411
708,548.65593,396.20026
709,775.03660,366.23730
710,367.70288,144.44561
711,921.17230,465.79633
712,450.52208,381.21201
713,1070.45633,438.60426
714,769.42838,386.09282
715,715.78428,358.83270
716,856.44277,389.10113
717,724.34787,359.51896
718,728.15660,366.55412
719,520.08929,423.32806
720,690.07559,406.16183
721,636.79257,440.65618
722,1113.28891,-85.62766
723,1116.53088,-132.86618
724,922.73857,377.34326
725,1044.76780,205.70801
726,1051.74332,435.02222
727,1014.91478,377.56838
728,649.08453,409.70913
729,582.72380,373.62354
730,928.02078,369.20595
731,1101.23814,-127.15871
732,660.73218,356.33354
733,717.47243,370.11401
734,735.18845,408.00901
735,864.78849,443.93186
736,1040.14437,251.46524
737,790.64796,378.31230
738,691.90510,385.37185
739,564.09213,354.29332
740,1116.95583,-86.95124
741,1006.92738,451.43558
742,1074.89926,115.23203
743,659.62018,447.57539
744,1009.95566,266.43936
745,627.98293,419.00003
746,773.62608,420.62958
747,741.14383,360.60279
748,1038.80489,223.63123
749,633.05409,453.98664
750,1050.10762,83.39449
751,649.64100,395.53630
752,1057.53223,155.33959
753,581.21095,469.86887
754,386.71281,382.15959
755,1023.27714,222.61796
756,597.49060,453.45748
757,471.74891,326.49393
758,740.03331,369.53195
759,1112.16250,-135.73460
760,1113.11648,-85.27797
761,734.91679,401.17233
762,815.67846,376.13586
763,814.64166,358.11153
764,473.26977,361.61316
765,1038.84566,409.00627
766,629.77281,428.72580
767,751.96818,376.84000
768,658.02000,398.32976
769,700.94573,363.50631
770,673.98075,418.06655
771,1113.23949,-117.22875
772,1102.06322,-102.90479
773,710.68760,391.69584
774,788.48055,409.03527
775,683.26774,371.34207
776,1034.55962,373.82083
777,609.03822,391.15322
778,1079.33228,-8.28744
779,784.30283,367.10322
780,1108.50851,528.63552
781,496.93900,312.47732
782,983.20943,468.66548
783,650.31941,400.75140
784,1039.70970,481.33436
785,1132.81934,-163.02299
786,669.66198,365.77904
787,1129.22503,-108.24667
788,930.13722,365.53297
789,861.48878,365.54732
790,870.99673,368.74765
791,1110.89065,-77.43135
792,447.13611,352.71179
793,1104.18293,-104.44676
794,721.57349,395.12855
795,655.63294,398.83674
796,770.08801,360.78151
797,887.76750,451.78773
798,649.07502,521.89223
799,1132.98133,-166.44005
800,527.11072,327.76096
801,1097.58313,-88.27276
802,886.80282,383.03483
803,1108.31023,-34.89777
804,1106.40350,-101.62108
805,437.09509,406.18659
806,712.22574,351.32453
807,675.43573,372.78156
808,741.90469,351.46574
809,1114.15642,-29.68307
810,1124.52427,-91.86517
811,1107.76453,-62.86022
812,518.46086,355.21259
813,483.88428,316.21593
814,991.04838,299.07101
815,752.74638,372.54118
816,1124.10187,-89.27380
817,471.02752,302.45748
818,1094.64905,-71.23465
819,595.19589,479.17344
820,789.84475,417.54749
821,1013.11368,486.97886
822,960.44901,471.11666
823,808.55659,405.67539
824,489.35837,322.65856
825,930.56241,434.62354
826,777.02485,417.89008
827,772.31193,410.11723
828,785.11000,383.70813
829,1065.42128,157.78285
830,1024.38843,258.69152
831,872.73453,385.32917
832,427.56564,409.89717
833,741.00875,455.32169
834,1115.80105,-151.22819
835,836.05264,352.71498
836,732.64494,372.08451
837,967.37753,410.37401
838,793.16400,407.36614
839,1075.62666,454.56558
840,1128.74281,-99.97692
841,1121.87358,-96.46512
842,651.02045,404.23223
843,779.16789,405.41833
844,793.90272,412.07763
845,742.37828,395.50025
846,1109.04674,-108.13079
847,737.27029,398.77856
848,1117.32865,500.86944
849,974.14958,376.13208
850,748.60265,373.91916
851,732.44282,361.38771
852,898.65952,384.04307
853,1102.03140,-92.03587
854,926.91738,451.09444
855,1110.40347,-55.80808
856,1099.54086,51.02776
857,558.68620,354.98784
858,825.65519,439.11297
859,548.83875,353.76942
860,1112.38815,-73.60685
861,898.62104,358.22897
862,1116.10794,-80.87274
863,835.13233,370.16619
864,719.22819,367.89211
865,662.37172,425.51608
866,913.90003,475.80024
867,765.02072,399.07280
868,689.57881,403.57636
869,581.72421,472.32370
870,546.08524,555.60570
871,1037.34438,117.15917
872,516.02995,352.70206
873,1089.99329,-28.03990
874,1040.19666,219.00804
875,856.11234,390.58725
876,725.49908,356.13606
877,556.55645,348.66808
878,770.00084,398.26749
879,669.31776,398.73762
880,652.67095,377.95569
881,812.92273,378.65642
882,839.88829,426.17561
883,657.49442,378.31808
884,520.50014,530.80396
885,1088.69610,460.23482
886,783.98240,391.37742
887,552.58991,396.59079
888,1125.78227,-106.23329
889,804.61138,397.11164
890,742.17211,398.02188
891,703.46727,387.94943
892,607.56626,488.63650
893,794.40905,383.59941
894,1059.82362,444.20377
895,746.38402,380.67776
896,793.42856,431.29974
897,1122.32246,-69.43275
898,684.98060,392.25522
899,599.70979,482.35099
900,582.36642,423.50011
901,779.38755,442.84320
902,603.07124,427.51720
903,540.56326,414.87342
904,972.11263,404.43842
905,712.65767,426.12143
906,752.34943,383.53589
907,683.98550,409.19550
908,600.84656,387.07907
909,549.95421,364.48908
910,961.07544,360.46630
911,1112.46996,-141.34249
912,733.47753,383.26839
913,746.77544,386.38259
914,642.20043,367.81267
915,716.83597,398.77427
916,810.46320,399.78195
917,753.74545,384.90591
918,1059.58639,159.04068
919,755.85760,376.56802
920,622.66065,400.72124
921,1097.18499,-140.68139
922,974.86881,337.42535
923,1107.18089,-111.73617
924,745.35414,414.80871
925,925.25950,450.10129
926,725.20293,409.87965
927,952.15113,475.41257
928,921.05925,414.88512
929,1078.39227,123.90902
930,1071.00487,421.92235
931,676.57605,376.17266
932,1097.28528,32.24098
933,1108.60256,-131.45803
934,1101.90939,-110.27873
935,1110.41497,-103.53073
936,631.66965,379.48140
937,722.12787,498.62093
938,776.86505,399.87709
939,765.99906,362.64171
940,623.75370,391.62577
941,768.61779,366.98779
942,722.78958,386.06304
943,863.91331,395.10805
944,888.45459,417.11014
945,1051.61274,80.84916
946,652.74202,365.70431
947,1024.00276,464.97301
948,1085.29883,-48.29315
949,449.50227,295.29446
950,613.29941,389.61448
951,899.99794,445.19831
952,781.04600,394.35261
953,1114.55600,-84.51924
954,534.75180,423.57792
955,1075.22980,2.38647
956,1040.84319,101.79785
957,767.74093,378.84073
958,1085.54394,100.70646
959,552.34721,350.37094
960,857.79312,383.57917
961,623.40532,471.35579
962,1080.68721,118.29965
963,861.86708,416.13941
964,757.49549,371.66760
965,559.25813,389.39865
966,737.51810,410.96156
967,1023.19430,451.43351
968,644.63423,420.32634
969,1059.12244,43.93491
970,953.80638,477.51591
971,798.52442,384.55992
972,890.17684,358.48532
973,1126.58405,-73.61781
974,728.80012,395.34496
975,521.30943,339.48929
976,1086.11698,107.48210
977,964.30785,263.32460
978,451.73051,390.24393
979,1111.63264,-141.70874
980,448.97379,291.98121
981,937.05091,354.76645
982,839.70718,380.18709
983,863.83123,366.93714
984,801.65214,374.45706
985,993.20135,446.75471
986,1093.91265,-106.97633
987,872.84218,412.39974
988,973.51861,453.45511
989,500.47114,357.86443
990,740.20623,404.87529
991,1010.79652,459.28023
992,832.11650,400.83634
993,1103.38456,-131.12995
994,627.44195,368.40952
995,455.90855,346.94061
996,653.96495,419.91277
997,517.38709,592.55511
998,952.76576,383.21114
999,1120.73742,-82.36728
1000,502.47785,588.81182
1001,863.11541,375.30685
1002,668.40437,368.80739
1003,386.15568,379.47269
1004,548.24876,406.58504
1005,520.13257,413.31028
1006,922.48407,357.38117
1007,733.63966,404.60700
1008,1091.02772,90.65778
1009,1064.55419,422.83587
1010,1078.17904,126.27964
1011,1087.14904,104.76610
1012,1117.49861,-54.41812
1013,831.41318,374.10756
1014,1014.83511,268.89456
1015,842.45908,357.65561
1016,456.11146,326.79942
1017,1034.21028,112.49860
1018,1115.99498,-124.51582
1019,832.84177,359.14316
1020,929.04827,356.94735
1021,725.20964,394.63834
1022,605.98021,357.59317
1023,721.78173,408.69190
1024,786.39286,393.82512
1025,987.64636,224.62577
1026,1131.00993,-107.07250
1027,1059.75876,79.19514
1028,1133.72589,-150.87947
1029,1068.23972,133.99228
1030,1121.95960,-151.60701
1031,1072.42774,130.18434
1032,812.80066,414.19482
1033,678.66148,410.86211
1034,1092.77870,-91.31939
1035,625.74928,497.07878
1036,794.84009,367.73283
1037,722.14592,366.60362
1038,444.82227,602.73310
1039,727.51821,411.06210
1040,1081.08744,-47.43220
1041,822.67065,384.16643
1042,737.68950,392.67393
1043,1034.78231,437.38758
1044,671.71329,374.05588
1045,1037.00409,399.58352
1046,1072.67864,422.89180
1047,1090.29286,93.47797
1048,536.12094,429.06060
1049,1015.23720,445.53277
1050,806.01276,374.73728
1051,755.50389,355.78521
1052,1100.69001,-42.99896
1053,937.61585,474.74986
1054,767.74597,394.16265
1055,564.35750,370.23460
1056,936.58389,380.21254
1057,1110.83517,-131.40144
1058,693.48386,367.82385
1059,710.51616,372.47422
1060,656.90262,402.13475
1061,848.28768,371.79905
1062,802.76735,397.54572
1063,877.74755,358.87885
1064,465.46214,303.98658
1065,849.64468,409.29992
1066,563.06176,385.24954
1067,785.38461,368.82136
1068,515.48295,397.04237
1069,723.99895,399.03315
1070,554.54058,362.58093
1071,795.15191,376.67662
1072,718.16301,417.92493
1073,693.89387,399.15303
1074,716.60107,394.45148
1075,1066.92527,85.81652
1076,1010.15628,294.70049
1077,1096.77310,88.42939
1078,560.54682,406.45538
1079,540.70736,382.85675
1080,574.77539,461.05146
1081,996.52926,377.94662
1082,908.71681,360.33352
1083,733.80689,535.14055
1084,638.63034,397.83625
1085,686.09409,469.95070
1086,731.34946,443.45019
1087,1094.20682,-100.34506
1088,820.15541,381.98070
1089,677.96787,401.60592
1090,1042.97825,196.14884
1091,966.83905,395.70676
1092,411.76182,458.51556
1093,811.23669,435.45677
1094,1082.78886,111.17448
1095,535.13654,451.39818
1096,530.44857,446.45204
1097,812.47395,395.13552
1098,605.75790,368.42357
1099,770.64687,379.33186
1100,1118.37317,-93.54321
1101,879.10309,390.25052
1102,620.14820,494.40308
1103,1071.73875,401.56578
1104,1097.04345,-53.28242
1105,930.11532,374.71448
1106,1108.38500,-114.77606
1107,1045.64979,203.16643
1108,1035.63247,205.73647
1109,1041.02457,477.97998
1110,814.85905,408.67656
1111,1040.79441,118.91277
1112,1091.18632,-34.37998
1113,629.56323,362.21250
1114,933.32848,377.03386
1115,445.82545,387.89635
1116,1091.15117,-70.76930
1117,935.00641,392.01488
1118,597.12675,457.21451
1119,818.61501,402.00157
1120,1038.00027,500.27315
1121,810.54761,392.92717
1122,849.87000,425.07048
1123,1082.08979,99.28596
1124,888.33040,316.06257
1125,1130.39089,-95.75399
1126,460.79076,332.45425
1127,449.37109,290.39657
1128,454.30659,385.00164
1129,952.91846,446.92742
1130,561.20165,618.26559
1131,509.16224,355.27166
1132,768.68151,396.74015
1133,589.18114,392.00619
1134,666.73435,403.44809
1135,785.84413,413.73546
1136,780.25166,398.66284
1137,1124.88507,-100.38698
1138,705.14944,397.49194
1139,751.31650,391.51251
1140,540.09456,352.93690
1141,1040.79277,407.81999
1142,1092.79155,1.16193
1143,1094.85240,79.31410
1144,1036.66099,455.81709
1145,718.96267,352.55171
1146,1103.14399,-98.81284
1147,837.96695,369.28027
1148,544.48236,385.10036
1149,432.13248,430.71460
1150,990.14368,366.82939
1151,756.29380,417.09544
1152,801.46557,423.01609
1153,707.91823,409.17374
1154,767.40581,392.64720
1155,456.49617,294.76560
1156,825.24948,392.79008
1157,662.45433,380.76130
1158,1032.44286,231.18385
1159,1086.03552,93.64002
1160,680.67316,485.53465
1161,1072.78746,15.45917
1162,704.84998,415.38829
1163,591.03225,424.67148
1164,575.70871,357.67621
1165,724.93380,375.08677
1166,1023.58559,236.31790
1167,996.90189,369.34485
1168,474.80344,340.49884
1169,1080.05465,-11.03994
1170,765.09529,383.23751
1171,534.53437,356.03893
1172,1109.99215,-142.73943
1173,574.44408,430.53781
1174,1118.13642,-138.46361
1175,1130.60684,-169.27694
1176,1113.85596,-71.37250
1177,1128.67691,-131.16477
1178,1095.69544,-73.59443
1179,571.21360,385.33160
1180,1063.29670,136.99995
1181,694.00584,386.98282
1182,756.09506,393.32915
1183,774.50428,347.91888
1184,917.70810,461.02083
1185,772.43077,351.88836
1186,448.85472,303.28086
1187,1096.86456,-114.10263
1188,998.64585,406.54962
1189,550.28162,348.28215
1190,453.56759,368.47859
1191,755.84706,414.51727
1192,787.90439,419.96499
1193,747.22230,351.80342
1194,865.75521,362.15167
1195,1122.92388,-123.01798
1196,649.83188,385.85946
1197,638.08874,430.24117
1198,578.58396,376.45194
1199,764.38785,409.85748
1200,1075.78973,439.00013
1201,743.33715,353.03857
1202,1057.56163,382.70985
1203,455.12759,300.17624
1204,1069.65629,124.12637
1205,616.16844,515.09121
1206,758.56271,426.93063
1207,731.15141,424.24297
1208,724.44685,422.61077
1209,750.97976,372.31706
1210,695.37538,340.74856
1211,1045.36274,461.22875
1212,936.78540,551.11569
1213,960.87711,592.64060
1214,997.61651,601.81197
1215,711.92433,643.39293
1216,551.67747,657.43000
1217,583.52932,620.92203
1218,622.19949,650.95900
1219,789.84512,640.75426
1220,1006.57142,255.79601
1221,928.46952,567.37013
1222,1015.44338,604.02656
1223,678.95571,631.12513
1224,1104.64841,-135.72816
1225,709.05635,646.61615
1226,984.18141,576.29344
1227,975.12117,575.23679
1228,788.05008,637.34735
1229,551.06949,626.80860
1230,413.67678,593.04485
1231,1030.87595,462.70594
1232,1037.74380,279.19347
1233,1097.56485,577.93062
1234,707.35162,628.89766
1235,1087.69286,542.95708
1236,577.96165,660.62039
1237,751.65510,588.64815
1238,1042.53437,244.27051
1239,1020.81331,613.82745
1240,967.78888,558.15931
1241,725.46680,619.09377
1242,751.51071,528.26408
1243,1032.41726,285.18509
1244,434.18068,551.33936
1245,1065.28238,541.74400
1246,1111.50591,566.84178
1247,1013.84834,321.36308
1248,927.86677,580.10176
1249,973.03860,564.66500
1250,1050.60319,580.85244
1251,566.77225,542.17927
1252,979.57386,604.38924
1253,1008.40513,565.46755
1254,742.47074,560.77936
1255,1069.37170,158.05312
1256,1105.43284,17.75153
1257,1133.94948,538.18819
1258,792.47344,617.18262
1259,794.42485,619.47059
1260,972.56158,583.70765
1261,1123.21187,-162.57428
1262,1025.38952,504.02868
1263,802.88818,604.99498
1264,497.74671,639.07839
1265,777.65786,606.02861
1266,472.79477,653.92617
1267,512.15349,587.50242
1268,950.99427,520.12597
1269,1021.24700,380.11227
1270,1024.15260,443.41086
1271,1033.68850,475.80069
1272,1015.03179,430.60091
1273,617.77091,654.26462
1274,450.28394,619.23159
1275,1019.93144,238.30904
1276,627.07558,597.55115
1277,1128.55768,-120.15317
1278,1114.55459,556.90425
1279,618.39339,645.92397
1280,1068.96518,153.46678
1281,381.17566,159.08981
1282,378.93597,545.93827
1283,901.16846,513.16670
1284,966.75346,581.19008
1285,750.01321,498.19141
1286,716.23251,641.32323
1287,573.98886,630.03698
1288,945.02771,519.32544
1289,392.46562,619.70222
1290,1097.43381,66.38973
1291,1045.01285,242.07345
1292,1018.05433,329.56062
1293,981.97677,604.51982
1294,1016.34373,562.57102
1295,642.59278,629.12688
1296,736.02771,626.52029
1297,1067.92656,597.90371
1298,1009.78810,309.00336
1299,644.51727,659.52360
1300,563.52390,653.50863
1301,832.15384,621.15851
1302,1016.62611,434.98909
1303,1024.93740,319.83180
1304,669.90552,414.28286
1305,371.96430,146.24136
1306,626.67492,619.72363
1307,1045.40071,454.10519
1308,523.93710,667.50525
1309,1122.08499,-50.06826
1310,569.07572,626.49146
1311,536.67105,648.99589
1312,1052.42822,214.31297
1313,887.93585,565.00778
1314,851.55736,531.48791
1315,943.98018,476.89652
1316,1090.86757,542.25375
1317,585.94255,599.43304
1318,734.36846,476.53583
1319,1076.90025,525.25205
1320,519.86230,657.81912
1321,1009.60090,598.75050
1322,1098.42835,538.42013
1323,946.95864,552.21390
1324,859.68713,602.99607
1325,1100.54489,17.76717
1326,486.67919,642.89539
1327,895.54343,338.61621
1328,933.40971,549.15688
1329,1098.80785,553.09729
1330,1123.53567,-128.22214
1331,571.53137,667.45695
1332,1048.31461,477.42688
1333,736.18605,590.20392
1334,1122.07994,-79.07182
1335,459.13338,586.02976
1336,1055.50876,199.87023
1337,1070.88773,139.71839
1338,1007.47831,438.12797
1339,784.08598,642.58193
1340,1127.81935,551.06868
1341,685.02804,602.25167
1342,566.00624,666.83708
1343,1022.46240,584.96934
1344,762.87881,604.02921
1345,399.75880,657.56682
1346,1015.71844,213.36549
1347,1014.39498,405.47034
1348,1085.95247,512.38260
1349,387.11557,518.12769
1350,1106.00599,28.54276
1351,547.31883,658.85880
1352,837.11227,623.73608
1353,1015.95739,549.97528
1354,975.49346,410.36680
1355,806.04290,327.78384
1356,896.11090,623.68613
1357,976.78948,523.71097
1358,981.26849,440.05573
1359,545.02015,649.27788
1360,1121.76577,557.14291
1361,476.59182,650.42975
1362,1077.77058,548.37264
1363,976.79110,613.26444
1364,1049.99956,589.16743
1365,908.21326,597.29144
1366,383.76666,380.88749
1367,678.53072,655.50922
1368,1111.66063,-149.47440
1369,388.94851,168.10637
1370,1092.27611,-17.61128
1371,1131.98981,-136.69133
1372,999.13068,556.75474
1373,575.38441,486.16922
1374,688.87133,486.85324
1375,718.60488,612.06475
1376,533.34120,645.45271
1377,577.98394,336.33045
1378,1034.58377,569.03372
1379,542.89199,619.96101
1380,1127.58910,-92.87659
1381,760.17610,616.96274
1382,1031.43819,386.70932
1383,1080.21860,124.47063
1384,575.34967,669.71972
1385,1030.14613,554.82643
1386,965.65388,588.22785
1387,1091.35872,527.82246
1388,608.80856,656.20820
1389,1086.77449,119.23297
1390,1088.76237,-4.60403
1391,1039.53351,594.55474
1392,822.86955,589.74220
1393,451.10619,538.58754
1394,1025.50454,359.29806
1395,771.36517,641.06153
1396,983.25512,612.49871
1397,776.56728,612.02841
1398,413.88745,660.26346
1399,659.44541,641.20320
1400,536.88471,672.53584
1401,1113.42081,0.33679
1402,1070.65562,162.11338
1403,900.73442,583.24729
1404,1046.98502,583.98889
1405,642.62711,633.83338
1406,1056.37652,525.53599
1407,1095.49552,95.71811
1408,932.04248,555.33057
1409,492.32761,670.60696
1410,460.36382,666.86318
1411,592.34036,645.92580
1412,564.35442,660.77867
1413,1125.75356,-92.72256
1414,1033.96132,470.59673
1415,968.57594,603.43038
1416,804.79701,636.82565
1417,707.95814,632.83029
1418,821.36864,567.47137
1419,1004.31711,567.79260
1420,397.66060,394.72025
1421,908.14170,581.77411
1422,600.74414,652.75140
1423,986.22536,609.88543
1424,1118.98025,-164.21555
1425,583.98796,533.67296
1426,459.55710,659.76357
1427,1004.24228,592.36037
1428,1086.42541,114.97310
1429,1063.52432,95.19403
1430,744.11653,559.08585
1431,770.40647,642.25820
1432,955.40630,603.49634
1433,961.03270,483.00951
1434,870.93723,495.11664
1435,537.23696,659.04119
1436,580.55995,636.89743
1437,1127.45676,-153.08267
1438,745.16174,630.11639
1439,1035.50196,224.67854
1440,795.74447,624.87083
1441,1076.84509,581.43564
1442,1047.77025,216.34938
1443,764.88790,636.71043
1444,515.09903,669.08588
1445,798.51373,514.33094
1446,1017.12596,454.53120
1447,484.18393,656.27221
1448,675.07044,655.95519
1449,581.01410,634.87330
1450,961.33671,605.58370
1451,560.89916,631.24045
1452,914.55135,589.47149
1453,609.54711,642.32538
1454,1121.44594,-110.67342
1455,786.54974,592.80316
1456,958.96663,615.95456
1457,490.89658,656.80761
1458,755.17541,627.55153
1459,929.83947,580.53751
1460,838.95333,604.26629
1461,571.64317,483.24239
1462,380.10639,380.42303
1463,1029.05244,424.93133
1464,570.92141,490.89090
1465,996.20956,609.18434
1466,446.62924,662.17990
1467,1064.32614,580.75723
1468,900.64999,589.08769
1469,1063.97414,593.82700
1470,571.59635,648.42421
1471,641.23884,614.75074
1472,433.48138,666.30303
1473,746.06547,595.23274
1474,1029.20764,438.96302
1475,400.17880,472.15342
1476,1075.17156,589.75823
1477,378.62736,155.30825
1478,1035.94303,600.17399
1479,456.47550,663.78375
1480,547.98507,657.17324
1481,763.06339,565.87259
1482,786.45472,635.74398
1483,702.88353,594.94754
1484,980.14087,536.90714
1485,861.25174,625.58231
1486,1052.06946,569.87872
1487,495.67863,597.53418
1488,1099.88473,61.55408
1489,1064.16574,132.89337
1490,775.13238,622.82132
1491,501.49662,629.12560
1492,571.10016,645.48387
1493,834.87927,632.69993
1494,601.21106,667.24568
1495,1121.78106,553.62558
1496,1123.85273,-75.47225
1497,1131.22929,-83.62131
1498,913.94438,584.78824
1499,753.24271,623.78358
1500,376.90276,559.54791
1501,1127.53449,-105.30243
1502,1062.92014,182.08954
1503,731.53956,642.36541
1504,559.59459,671.46826
1505,450.47697,335.39248
1506,1023.84243,563.02163
1507,1022.59478,257.94846
1508,542.08708,647.87609
1509,1107.34598,4.87330
1510,982.25774,315.83620
1511,1019.55512,535.81871
1512,910.17181,487.22425
1513,464.80921,666.03359
1514,1117.88022,-18.01544
1515,865.69206,451.17836
1516,1117.79544,543.05280
1517,556.86354,617.46181
1518,428.75192,632.04008
1519,506.25757,665.26399
1520,1084.96633,517.26923
1521,1060.10112,519.12811
1522,589.02532,462.04279
1523,853.74078,623.29746
1524,1006.36183,524.18284
1525,781.52379,616.34264
1526,967.68450,484.69279
1527,979.41182,329.47142
1528,1109.63321,549.29281
1529,415.35053,564.20605
1530,722.94369,558.93739
1531,937.65652,592.17825
1532,793.25038,528.19230
1533,897.26106,387.52344
1534,1118.75789,-99.15880
1535,674.22730,575.99414
1536,566.38088,655.43799
1537,794.45032,617.74357
1538,454.30588,626.89236
1539,441.61030,226.69225
1540,574.17754,470.51110
1541,985.82798,619.82800
1542,433.15909,637.76231
1543,869.70885,513.06449
1544,1028.01937,416.35778
1545,560.83166,660.67131
1546,1110.70117,12.77139
1547,1094.57507,71.17086
1548,731.22649,473.41575
1549,943.21789,624.72385
1550,454.54328,247.32224
1551,403.68676,184.50323
1552,836.04939,625.58400
1553,927.16757,489.53258
1554,844.17048,578.17950
1555,823.33386,632.54127
1556,549.32644,649.81643
1557,585.61294,658.70889
1558,984.37807,594.72036
1559,1012.85677,452.04563
1560,1104.42939,45.57662
1561,797.45742,629.98324
1562,581.41413,619.19197
1563,757.72421,642.02713
1564,1127.67543,-112.76858
1565,1103.56884,576.31024
1566,997.61249,564.74970
1567,1042.57831,591.11220
1568,997.34220,570.40554
1569,422.31182,652.26080
1570,967.01452,475.65222
1571,410.10067,638.93881
1572,927.47090,569.85025
1573,1127.02325,-145.35520
1574,1064.83647,122.08590
1575,1126.58678,-101.57523
1576,985.72884,545.56379
1577,830.64368,616.86504
1578,1029.86161,610.77649
1579,1042.11562,571.18475
1580,974.03641,570.20778
1581,483.86084,556.70465
1582,580.31925,460.67874
1583,954.05719,505.18767
1584,491.14229,666.02739
1585,491.04174,595.70573
1586,1108.90249,-153.75612
1587,449.55501,640.97369
1588,963.02841,414.70564
1589,485.24777,664.24977
1590,547.33490,664.23570
1591,1115.00849,-153.18835
1592,970.60402,489.42728
1593,1042.99943,122.42739
1594,901.52118,577.44978
1595,1071.48668,531.01310
1596,402.06307,651.46959
1597,662.12981,619.72441
1598,1036.04607,132.70979
1599,491.59005,262.49750
1600,630.89668,640.04813
1601,1027.52468,303.93215
1602,560.23260,461.36849
1603,438.19944,541.56532
1604,726.52242,650.38788
1605,897.91025,512.00801
1606,898.86879,525.86127
1607,939.88889,531.56448
1608,700.10916,619.95368
1609,444.33511,233.43991
1610,940.77879,584.67301
1611,381.48971,540.92483
1612,970.25643,575.84884
1613,1114.41447,-111.51477
1614,932.57943,577.98680
1615,1051.68021,564.88232
1616,387.22617,653.00715
1617,947.10405,515.75654
1618,575.56430,634.02979
1619,1000.74441,608.13783
1620,423.15881,659.19766
1621,1123.65807,-113.29952
1622,632.10733,569.69129
1623,984.77689,584.84573
1624,978.81234,593.56853
1625,767.49930,583.05632
1626,368.29881,636.46431
1627,915.14187,565.83604
1628,459.55561,610.99607
1629,999.84560,232.56431
1630,1108.16797,30.06043
1631,959.60245,461.63763
1632,998.49486,616.56055
1633,1035.02041,279.20752
1634,986.43502,462.91347
1635,1061.19467,175.91725
1636,944.31517,602.79307
1637,469.17176,606.55881
1638,950.84508,579.74208
1639,1063.50374,185.55552
1640,569.01961,636.95032
1641,408.84941,654.01150
1642,561.05944,645.98075
1643,950.00404,562.08896
1644,1024.03249,185.55266
1645,1122.70003,-142.20715
1646,1038.48105,493.13161
1647,965.18965,613.65133
1648,1113.89264,-141.60797
1649,1080.55046,17.35071
1650,1123.04797,540.88802
1651,980.46469,595.46442
1652,947.93211,581.11605
1653,509.67776,656.29595
1654,644.17056,497.65761
1655,1065.42880,167.72684
1656,1050.34119,462.98479
1657,1095.01759,60.11843
1658,547.62290,666.95657
1659,413.14077,193.36171
1660,940.35660,572.06111
1661,462.86746,261.24400
1662,1096.18814,55.00176
1663,1042.60712,185.78056
1664,859.40133,524.40569
1665,921.04041,445.93696
1666,648.35111,508.53273
1667,1128.42010,-115.25023
1668,1103.53612,48.88828
1669,1018.58464,563.59948
1670,550.29161,647.42501
1671,1132.53604,-160.58756
1672,1038.66122,109.70539
1673,1132.53875,-168.28379
1674,1035.03380,498.04265
1675,743.94776,523.80522
1676,1097.06178,42.59411
1677,1130.14687,-145.41135
1678,606.97200,666.91687
1679,433.41946,619.50637
1680,1069.32561,522.39143
1681,831.15360,415.33683
1682,558.79552,639.59813
1683,1128.99799,-165.03018
1684,938.33076,565.94948
1685,402.87686,657.17029
1686,1099.62218,26.56281
1687,1036.60609,581.92741
1688,520.42773,618.25335
1689,1011.26698,242.49297
1690,954.25827,528.92142
1691,1005.24312,451.62722
1692,935.82262,540.45564
1693,764.81685,601.94977
1694,749.13125,602.96124
1695,416.54098,406.78127
1696,979.95582,547.74768
1697,1034.60944,129.48720
1698,1072.26399,148.10514
1699,947.71265,609.85354
1700,1002.19376,585.51455
1701,1025.75582,411.53183
1702,1076.92118,131.01772
1703,1029.25946,293.71199
1704,786.64731,613.77146
1705,1026.06307,556.96407
1706,977.60504,612.14998
1707,501.97244,652.92091
1708,1070.07756,149.33543
1709,497.51284,667.21435
1710,1088.59280,94.79782
1711,572.76915,666.73585
1712,410.85890,655.22216
1713,1017.73890,465.97508
1714,898.35322,535.92966
1715,583.82668,629.85303
1716,544.38038,625.84561
1717,534.03774,659.94143
1718,512.87048,626.15949
1719,563.02900,661.51789
1720,748.49592,379.79512
1721,945.53265,557.74952
1722,721.53224,614.11156
1723,804.79703,619.93348
1724,418.50305,661.28320
1725,945.97934,455.46196
1726,965.45191,618.95144
1727,816.98755,503.36906
1728,723.85722,626.81850
1729,838.56248,457.31168
1730,745.20757,639.65348
1731,1078.07996,585.81399
1732,998.60460,531.54084
1733,951.78155,567.75996
1734,563.51281,650.23145
1735,921.68518,545.34645
1736,802.15317,617.93696
1737,431.54825,652.12051
1738,591.23919,659.03547
1739,1029.53108,444.48748
1740,898.08285,574.26123
1741,1114.85574,-129.72508
1742,1018.34206,370.51517
1743,589.62357,635.96240
1744,844.58043,617.03990
1745,715.83986,587.33690
1746,1124.37041,-172.53584
1747,370.35128,147.28569
1748,468.32253,609.43496
1749,945.32519,581.15382
1750,1086.25441,593.62811
1751,979.35980,572.34413
1752,1022.32129,338.38162
1753,1014.79076,606.07764
1754,1021.85541,423.95551
1755,670.53942,643.04943
1756,684.86990,656.55966
1757,1012.89768,373.69135
1758,970.39650,405.16161
1759,635.58736,493.64382
1760,621.88685,637.98622
1761,976.15708,609.39948
1762,871.51039,589.29484
1763,447.00382,582.33811
1764,838.86457,626.26317
1765,970.23366,504.98207
1766,1025.83648,388.93755
1767,773.07893,647.71731
1768,1067.02606,545.03091
1769,788.00249,631.20064
1770,423.83031,575.75682
1771,965.83788,468.31203
1772,999.83545,434.51289
1773,561.30989,650.49507
1774,591.48872,662.00161
1775,880.89669,588.14345
1776,898.94943,562.59977
1777,530.50014,612.32776
1778,1026.76502,164.56443
1779,532.87105,444.92882
1780,770.52017,615.35432
1781,887.85643,487.38608
1782,515.00627,651.09172
1783,604.33290,590.94000
1784,1037.02664,604.59332
1785,438.96425,629.17126
1786,768.72953,630.48301
1787,463.58628,590.20548
1788,478.59841,660.59752
1789,408.36289,633.97611
1790,1040.63278,466.77167
1791,993.08847,581.79595
1792,814.28553,576.65731
1793,1027.45042,455.71287
1794,926.83799,536.52082
1795,728.91126,623.37470
1796,1015.04155,459.67202
1797,746.86029,601.31345
1798,1011.43558,469.17020
1799,1019.47414,410.20204
1800,1007.19100,585.40546
1801,406.55135,506.58458
1802,410.46689,449.84814
1803,845.46471,602.51397
1804,747.63093,581.26076
1805,714.78660,653.55855
1806,788.57568,623.48846
1807,462.42759,565.07007
1808,808.42672,605.14946
1809,1040.08571,180.98269
1810,1059.83003,489.14396
1811,942.09386,523.73419
1812,1120.14559,-171.43517
1813,773.38695,510.70957
1814,940.24997,599.00908
1815,956.54935,576.96533
1816,1035.34557,604.00895
1817,399.03528,495.19126
1818,1061.55910,593.89475
1819,720.58925,650.47304
1820,449.95713,629.50200
1821,558.55013,633.43764
1822,680.32169,653.76606
1823,821.49593,616.15732
1824,760.99295,621.81652
1825,673.99719,628.97752
1826,1010.27161,415.84501
1827,1086.06424,532.45002
1828,514.08270,640.81655
1829,799.54409,544.46871
1830,874.41711,567.84096
1831,477.16183,667.19888
1832,670.16382,522.87249
1833,941.20543,528.28810
1834,875.87693,563.11271
1835,1020.69008,559.30402
1836,791.22812,616.05605
1837,395.61894,617.43361
1838,874.33267,603.20898
1839,467.38341,590.34569
1840,1038.98901,512.92946
1841,1084.16806,478.57514
1842,1077.88239,597.25312
1843,1127.76555,-169.37279
1844,858.28743,519.57097
1845,1066.78126,173.45685
1846,412.91390,587.32843
1847,685.84582,638.65931
1848,846.58841,615.27068
1849,389.39137,557.47152
1850,670.25535,629.87850
1851,372.63413,635.77906
1852,764.37723,622.01951
1853,803.53795,583.12729
1854,1016.09672,477.59700
1855,582.55986,666.13622
1856,638.18369,635.43858
1857,988.61222,557.28107
1858,949.96252,422.71565
1859,1065.09690,530.61033
1860,1123.82498,-133.81734
1861,638.42921,629.45292
1862,736.17047,635.56481
1863,1096.27186,-135.47529
1864,1015.20637,611.18060
1865,678.99990,627.96320
1866,633.70055,489.63579
1867,1007.75417,601.11716
1868,568.32716,638.38379
1869,398.07162,632.90148
1870,1037.39235,444.10009
1871,788.49670,590.04690
1872,662.27534,655.87403
1873,948.16206,526.66965
1874,1051.64907,492.87227
1875,394.11509,637.52735
1876,986.12817,507.18529
1877,970.35509,567.46683
1878,1033.71741,520.33254
1879,429.87681,423.13704
1880,774.52590,604.14107
1881,991.91137,379.31535
1882,558.52368,628.16840
1883,408.71373,620.57078
1884,425.50545,659.10431
1885,909.23375,509.67026
1886,441.82045,655.75263
1887,717.85995,624.42560
1888,1024.00556,453.99302
1889,1137.17603,522.92150
1890,1068.59950,592.90897
1891,778.52266,594.40054
1892,790.92613,477.35448
1893,585.71404,648.34036
1894,812.75952,618.99485
1895,375.23543,565.21292
1896,649.87753,633.90929
1897,1073.22060,403.54463
1898,567.04058,629.38678
1899,924.73211,240.63702
1900,1098.93173,-124.05389
1901,1120.48205,502.37641
1902,961.17542,617.18000
1903,966.14865,583.65766
1904,381.49337,636.07723
1905,850.87283,534.25680
1906,446.65880,660.07685
1907,600.00031,468.92084
1908,815.78076,570.73395
1909,1084.63485,96.98741
1910,614.77170,663.00284
1911,1041.77728,494.77890
1912,454.21199,657.47368
1913,739.55703,622.80762
1914,626.49492,616.61351
1915,385.29346,522.68076
1916,395.21163,572.11842
1917,1037.13763,270.43116
1918,417.76573,658.05186
1919,715.36733,626.20133
1920,677.08034,644.63313
1921,663.41189,624.85225
1922,781.97944,592.83535
1923,547.89377,635.42942
1924,999.08963,471.72319
1925,1052.63665,152.89350
1926,1051.63405,589.87822
1927,1120.06003,-45.96052
1928,372.96268,625.86581
1929,402.54864,469.44011
1930,435.56812,661.12143
1931,900.46103,586.22380
1932,1031.47519,588.05211
1933,708.37163,621.16498
1934,922.09952,577.36572
1935,1060.13342,583.27406
1936,945.47301,486.88561
1937,927.22166,387.68229
1938,927.33494,506.79833
1939,1017.38723,362.95370
1940,1089.71323,-108.48694
1941,949.44590,508.08468
1942,456.87827,613.76497
1943,921.22765,593.10646
1944,859.84125,621.57078
1945,869.47610,630.00832
1946,1008.20144,528.57284
1947,857.59862,600.29519
1948,1076.15720,514.84186
1949,974.96031,467.83624
1950,978.66878,464.43458
1951,424.87605,640.57877
1952,523.83010,651.84288
1953,1091.05282,592.73411
1954,776.15509,639.45415
1955,378.87636,557.92509
1956,1030.84802,500.98573
1957,373.05406,150.10539
1958,556.89406,659.52608
1959,819.54625,591.81344
1960,929.41188,573.74598
1961,980.66068,587.27266
1962,982.69585,423.31263
1963,651.53601,639.25167
1964,1073.96879,581.90089
1965,714.56538,647.12580
1966,991.91532,442.28688
1967,1081.84099,537.92603
1968,920.50920,549.62442
1969,825.12082,614.19285
1970,376.51931,155.13708
1971,828.00824,629.15504
1972,577.09544,630.25445
1973,1027.39824,200.94189
1974,877.99945,570.23225
1975,1050.68754,552.72855
1976,1105.73474,47.42678
1977,701.65010,619.31765
1978,602.77033,597.75935
1979,911.58861,558.10809
1980,546.91935,653.85940
1981,1011.91843,463.03524
1982,952.72060,535.12668
1983,619.45851,501.23586
1984,446.32504,668.47511
1985,1023.77814,573.66221
1986,530.12145,664.21664
1987,416.11738,409.60301
1988,1014.29006,240.96449
1989,950.01752,464.00747
1990,1087.92766,587.96886
1991,664.46132,614.28146
1992,935.12534,523.21929
1993,429.68909,608.27987
1994,760.50012,605.82140
1995,878.43678,602.89323
1996,1099.49241,584.88115
1997,899.13892,577.29777
1998,1007.35436,573.83966
1999,686.47263,632.54652
2000,436.75285,654.22237
2001,370.71080,652.54552
2002,749.31702,621.48933
2003,1041.30578,470.48544
2004,931.89563,410.62929
2005,1037.76555,491.34792
2006,1126.75312,-83.50042
2007,887.17219,562.85335
2008,1071.84458,435.05051
2009,543.12065,659.66080
2010,891.14705,591.00155
2011,453.96700,242.54697
2012,733.80940,581.55727
2013,631.01615,555.08705
2014,471.32485,667.29875
2015,995.92852,560.86429
2016,1034.67553,591.96886
2017,991.91787,618.03899
2018,1033.21950,578.95906
2019,463.55143,624.96206
2020,438.14130,659.80478
2021,988.34242,609.66239
2022,1015.48868,586.97053
2023,977.45886,606.44746
2024,604.10041,474.31207
2025,371.35590,587.45761
2026,397.09733,177.10852
2027,1007.08958,543.90141
2028,628.39721,643.32257
2029,1032.69777,452.97576
2030,936.72591,559.60462
2031,1067.62420,502.11753
2032,1035.16975,609.26236
2033,1043.24463,486.24924
2034,1067.64869,489.87244
2035,889.73576,485.91054
2036,420.11628,625.61195
2037,534.50243,656.31619
2038,515.65132,637.60083
2039,455.43314,664.19331
2040,914.75732,569.94897
2041,1038.21348,569.86228
2042,918.35608,565.79468
2043,1112.20501,-113.57199
2044,971.35349,603.46242
2045,859.72818,558.14931
2046,419.94236,406.76902
2047,669.52836,646.57214
2048,459.29809,636.52849
2049,626.72889,637.14286
2050,793.86557,593.38452
2051,651.83561,637.56102
2052,532.67147,656.79609
2053,463.25301,262.91319
2054,874.88203,610.06600
2055,997.94084,573.77161
2056,918.21075,620.49716
2057,957.38582,559.38501
2058,442.82264,630.80479
2059,691.64294,633.48866
2060,694.05396,602.83803
2061,467.08627,653.85901
2062,1103.62721,-85.24763
2063,849.29086,439.60395
2064,923.87911,510.28944
2065,407.00385,468.88301
2066,1005.69901,413.72358
2067,947.66063,508.39543
2068,1089.69063,559.22947
2069,663.35426,660.95836
2070,391.72334,611.28502
2071,402.06571,648.57418
2072,696.36592,646.71250
2073,1104.65522,51.60648
2074,1038.41312,567.57667
2075,828.90309,624.24662
2076,759.01534,583.54155
2077,1042.31677,93.02609
2078,974.42146,505.82038
2079,703.40418,644.52887
2080,1046.43263,550.92192
2081,986.82617,443.09117
2082,547.89060,610.16733
2083,957.05715,462.58509
2084,1016.49996,525.70791
2085,369.78012,149.33055
2086,911.79081,591.56473
2087,632.18649,633.08403
2088,1112.42988,-139.02405
2089,375.05470,632.60039
2090,589.42359,624.29607
2091,1093.15174,587.66077
2092,649.16209,641.65041
2093,1046.60155,415.01838
2094,863.87620,569.68288
2095,1056.27053,462.21890
2096,1032.19560,503.90943
2097,992.46793,615.37707
2098,488.81638,670.71085
2099,899.10093,549.15000
2100,892.57044,478.37874
2101,739.29145,620.51166
2102,396.90723,614.68784
2103,1024.88428,581.56128
2104,425.01943,648.90055
2105,1098.38634,574.40939
2106,1022.14005,600.75821
2107,854.16973,589.21232
2108,916.79751,617.92234
2109,1119.98196,-152.35142
2110,732.57008,632.25280
2111,1070.20657,534.74006
2112,842.82504,583.61701
2113,1017.81425,308.74272
2114,1009.94861,569.36244
2115,977.81727,447.25201
2116,1063.52269,465.41510
2117,689.02581,628.77353
2118,1011.34028,362.88147
2119,1017.28146,555.65085
2120,414.56286,484.91222
2121,373.93871,630.00579
2122,472.67742,640.28065
2123,666.25873,640.42335
2124,411.19867,660.67426
2125,824.64138,609.68296
2126,955.91711,598.69109
2127,512.72080,578.68722
2128,474.01585,608.88777
2129,1041.99249,580.09090
2130,870.29551,594.26887
2131,671.28998,638.72687
2132,909.74567,557.36437
2133,893.05891,618.27631
2134,1099.01626,72.71831
2135,412.12150,569.26915
2136,1112.08749,561.47113
2137,1007.27627,538.97527
2138,1001.65307,398.76234
2139,893.93517,491.16525
2140,547.32906,594.40921
2141,833.93933,520.23083
2142,435.39642,657.34669
2143,418.72596,660.76845
2144,827.53107,601.13611
2145,1128.26663,-148.35634
2146,768.32814,638.48114
2147,1072.68120,540.18672
2148,1126.86180,505.02651
2149,612.69503,500.44781
2150,1001.63558,579.17044
2151,520.79554,671.67154
2152,758.15590,628.75799
2153,739.74471,609.95678
2154,1062.72421,477.52231
2155,905.30736,581.48986
2156,641.47376,620.37161
2157,784.71269,616.56391
2158,1115.19358,558.14591
2159,925.27919,612.54012
2160,1115.15459,561.77535
2161,992.22646,570.99451
2162,1014.08520,462.57477
2163,1072.23475,525.37760
2164,776.78840,630.25231
2165,367.18967,607.87781
2166,706.59811,641.82160
2167,1098.44449,587.25324
2168,820.46720,610.17463
2169,673.40735,625.67552
2170,526.36972,658.61091
2171,467.56072,666.04644
2172,1104.41650,21.80208
2173,559.64566,656.18975
2174,900.96776,581.25114
2175,677.29973,616.42277
2176,755.39811,629.42638
2177,947.19025,454.33761
2178,1056.94089,590.54295
2179,914.41723,572.85853
2180,1005.20980,522.28339
2181,1116.65316,-101.40152
2182,473.37228,667.51161
2183,1018.86142,421.91119
2184,384.64827,593.60621
2185,596.63283,632.34860
2186,370.45486,570.56705
2187,965.42843,337.82100
2188,557.26269,667.65696
2189,999.84519,445.86336
2190,833.89709,515.59734
2191,849.95543,615.34331
2192,1058.59916,491.75209
2193,965.28170,596.93124
2194,414.28900,437.93856
2195,400.12431,640.73233
2196,995.16737,584.28632
2197,850.05888,627.72494
2198,896.02812,593.59203
2199,901.87771,588.12741
2200,399.00136,660.59873
2201,759.33088,539.76068
2202,1074.03892,447.38066
2203,774.35215,607.57406
2204,1083.09443,102.53079
2205,1033.12359,583.19043
2206,863.99745,617.50497
2207,487.31542,327.02469
2208,797.13235,610.18361
2209,494.86943,318.54763
2210,1119.72833,-121.00400
2211,537.56023,637.25889
2212,643.65331,643.53957
2213,1046.51415,553.49332
2214,1130.62274,513.71133
2215,1026.79053,572.24788
2216,848.11583,562.29079
2217,452.27763,666.92167
2218,740.06393,605.53806
2219,402.90817,640.45555
2220,975.95818,602.33320
2221,478.95306,601.12997
2222,906.15194,426.90494
2223,444.21320,636.98604
2224,524.61089,661.30211
2225,1025.60936,588.06733
2226,915.79310,575.40900
2227,486.83510,656.48401
2228,882.97934,598.07224
2229,1075.77622,405.45970
2230,675.97129,627.49811
2231,798.33083,632.55729
2232,1114.82283,-136.92678
2233,1067.32837,123.90225
2234,1009.84962,490.81562
2235,383.89768,382.99876
2236,458.24249,259.47659
2237,592.92394,633.00590
2238,373.59012,617.41245
2239,889.22401,528.94515
2240,463.48809,647.59996
2241,1051.42114,84.40705
2242,792.84109,603.67931
2243,897.50129,568.45034
2244,1001.39577,420.64545
2245,1061.11626,599.98573
2246,431.06759,416.76269
2247,381.09631,598.86944
2248,784.62935,597.96906
2249,738.88727,630.82380
2250,474.33338,662.46536
2251,848.69352,623.46846
2252,916.17847,595.44183
2253,1045.16112,451.23701
2254,394.15920,600.79147
2255,368.76000,147.02807
2256,931.20916,547.35359
2257,1076.50401,431.43605
2258,455.88043,388.03330
2259,784.09145,625.59669
2260,375.71697,603.29896
2261,519.21940,662.85268
2262,1056.66136,597.73051
2263,471.03222,632.80470
2264,1090.63233,78.94884
2265,1066.67457,577.45645
2266,1033.27750,584.83385
2267,456.00176,657.76329
2268,728.07506,631.72786
2269,1137.97218,525.49751
2270,379.18710,624.21056
2271,1033.86039,588.11196
2272,1005.93886,456.85019
2273,989.73140,584.47084
2274,525.90115,620.22797
2275,504.53479,561.43972
2276,520.89729,667.70511
2277,843.59662,552.81633
2278,456.47074,626.94306
2279,398.45937,654.78375
2280,1111.02438,-133.46989
2281,554.81818,655.40634
2282,456.71810,250.38417
2283,1062.49661,564.87896
2284,1084.28477,452.48933
2285,932.14769,523.43076
2286,995.02248,479.60890
2287,1003.57229,436.09760
2288,1123.52447,-119.67877
2289,886.92566,509.55431
2290,421.30407,506.71336
2291,889.46614,577.36398
2292,525.34683,663.05676
2293,651.51007,647.98242
2294,713.68666,574.66104
2295,401.93773,182.35142
2296,1028.24191,537.39338
2297,930.73196,584.38200
2298,899.11645,564.27154
2299,1121.12548,-165.63607
2300,925.10452,608.89777
2301,416.86880,650.16396
2302,1111.47156,-101.42533
2303,1003.66002,597.20394
2304,857.41880,505.50534
2305,406.22720,589.62401
2306,949.03621,598.77393
2307,438.59532,641.66196
2308,579.03618,466.30304
2309,574.34195,558.33815
2310,918.09323,571.89733
2311,904.57545,491.64314
2312,741.40807,569.80105
2313,1004.15043,562.29512
2314,727.47838,627.31761
2315,422.40996,636.23431
2316,1123.44416,520.98046
2317,442.79410,649.78234
2318,768.80416,636.05543
2319,609.24807,535.45233
2320,1124.05323,536.33554
2321,1127.47036,553.43461
2322,973.28158,483.96356
2323,904.93468,571.41377
2324,412.04571,638.67222
2325,865.14749,624.30166
2326,976.50383,570.54897
2327,947.34956,548.09191
2328,1126.87583,-98.58276
2329,972.63273,551.84029
2330,805.29614,589.92967
2331,1014.03940,580.78184
2332,791.48151,629.47383
2333,582.49843,641.74782
2334,679.65828,635.07284
2335,712.66173,634.73286
2336,1132.12151,-109.69094
2337,764.55341,580.95431
2338,553.57998,651.58396
2339,501.21200,656.15206
2340,571.44530,492.01573
2341,449.62542,664.41477
2342,575.52671,464.33219
2343,1081.84204,519.63559
2344,1117.22930,-155.10962
2345,1104.78861,-131.07362
2346,512.43429,617.74888
2347,458.61824,655.97163
2348,398.55824,643.41606
2349,400.35717,656.42748
2350,701.61233,640.24203
2351,758.84966,638.23597
2352,602.69600,650.50088
2353,1024.14841,565.00567
2354,461.12136,640.99796
2355,909.80722,562.55977
2356,933.86415,494.84311
2357,427.10401,646.22503
2358,448.04468,665.88901
2359,477.02428,629.71497
2360,849.68673,590.91028
2361,431.04962,641.10226
2362,571.66379,659.51722
2363,1023.03391,493.70067
2364,1070.14951,528.00252
2365,1010.36449,563.43801
2366,635.86893,653.03789
2367,964.65661,485.61425
2368,1088.95629,537.62303
2369,1006.93420,581.97385
2370,1014.59765,601.24505
2371,821.78897,563.19983
2372,814.99660,604.14975
2373,468.43013,632.91142
2374,935.20721,538.68677
2375,514.34277,664.64028
2376,700.22574,646.64824
2377,1055.51184,473.57787
2378,1028.86373,487.16559
2379,709.22904,614.25683
2380,1061.04225,482.24936
2381,599.42763,639.33907
2382,1073.36560,405.88287
2383,398.45016,554.90848
2384,365.13250,645.53720
2385,733.03464,617.96276
2386,1050.12393,595.90614
2387,1096.44784,547.80919
2388,458.42081,654.26136
2389,471.34758,648.38110
2390,548.10200,640.71530
2391,819.71849,540.60361
2392,1088.25746,589.96889
2393,891.55783,602.07584
2394,929.33504,549.22293
2395,800.54981,513.72327
2396,1083.33203,121.01879
2397,1026.59359,545.83962
2398,1033.07583,557.23021
2399,1041.32587,234.47816
2400,1124.41021,-141.13235
2401,423.22372,641.44497
2402,600.96159,649.23335
2403,994.44730,591.35893
2404,979.71271,588.22748
2405,862.12002,602.65310
2406,808.85157,600.27440
2407,649.37562,610.20105
2408,647.19420,634.39205
2409,624.02061,634.13007
2410,920.69334,490.61996
2411,653.81812,637.35793
2412,748.18977,599.14694
2413,1058.41032,579.49859
2414,825.05273,600.62072
2415,913.26315,597.58197
2416,951.89337,610.22854
2417,1062.85909,480.70856
2418,460.65108,662.74843
2419,1081.23211,462.28442
2420,615.58904,659.06612
2421,845.56719,566.77598
2422,882.59752,612.57659
2423,1017.67945,575.45628
2424,750.10655,606.32482
2425,837.29215,415.00877
2426,893.21642,542.00319
2427,1087.30352,432.26513
2428,689.57350,613.90309
2429,481.25611,658.59823
2430,974.25232,620.05403
2431,572.49541,644.17408
2432,610.61658,654.80012
2433,909.86128,531.68406
2434,568.95036,641.33309
2435,457.41804,668.77660
2436,1114.26654,532.06147
2437,1106.24181,551.95181
2438,687.54701,626.19821
2439,1052.17976,532.63883
2440,1137.08804,528.25113
2441,984.17687,555.52582
2442,597.76745,643.11482
2443,1126.99428,-89.33297
2444,693.40048,600.11529
2445,804.10821,523.71608
2446,502.13839,605.23176
2447,902.03947,598.70121
2448,1122.81781,-171.53220
2449,395.50487,512.14691
2450,460.81928,633.23512
2451,831.22622,608.15701
2452,706.17272,612.07461
2453,1027.91453,580.83408
2454,1125.06348,-112.16006
2455,557.77381,659.04510
2456,373.58615,559.91876
2457,689.09483,590.01213
2458,1083.96424,525.84934
2459,960.82604,493.56742
2460,748.74531,538.98778
2461,864.19763,590.34931
2462,567.11134,663.88839
2463,698.30881,630.12097
2464,426.08895,629.41000
2465,796.29094,612.56269
2466,741.80377,633.10536
2467,848.99524,606.80534
2468,825.84222,629.32571
2469,753.62639,595.41481
2470,1095.81712,534.68009
2471,1104.69505,515.16449
2472,1121.70912,-155.74422
2473,1020.19891,425.76309
2474,709.65140,618.82136
2475,925.39928,582.90788
2476,861.70011,610.39429
2477,727.63771,547.27508
2478,780.14428,607.72982
2479,1109.06690,542.90950
2480,700.57386,637.46646
2481,1015.80736,577.10634
2482,537.64526,653.31984
2483,407.24642,626.81281
2484,487.48537,651.92367
2485,401.27954,660.89096
2486,1021.37929,582.40330
2487,957.07862,507.03803
2488,715.86146,634.80790
2489,712.91700,544.24720
2490,581.16659,485.05228
2491,770.35690,605.61210
2492,614.69570,652.02381
2493,446.39064,630.62953
2494,1074.32719,546.03488
2495,451.49373,653.60913
2496,491.29748,617.75658
2497,967.28526,334.44565
2498,954.17031,616.44800
2499,673.81208,643.17102
2500,442.92582,635.00892
2501,761.27808,626.64371
2502,483.99208,662.95398
2503,840.51103,592.57651
2504,433.61418,215.25768
2505,803.51996,613.32779
2506,1126.48221,-109.38098
2507,767.55755,615.83573
2508,865.10227,530.18598
2509,1052.12097,582.97843
2510,366.03682,630.03393
2511,1043.50039,95.40219
2512,657.72002,652.16381
2513,758.56083,563.00384
2514,462.00478,622.21381
2515,1062.21875,513.88439
2516,812.46558,585.07464
2517,849.67222,566.76309
2518,1021.23515,599.61990
2519,1012.73196,525.28917
2520,998.92792,591.75204
2521,867.60334,539.57898
2522,1079.92191,474.21437
2523,1046.82036,444.71409
2524,573.09403,468.12982
2525,508.28167,647.29134
2526,822.86600,612.19385
2527,718.91864,642.26110
2528,368.98797,649.96866
2529,511.80836,665.06743
2530,994.94890,558.17334
2531,999.40140,580.00441
2532,713.78585,615.07812
2533,424.18783,646.28283
2534,595.78732,658.11255
2535,394.54307,550.28159
2536,383.76424,653.85861
2537,705.51010,649.85778
2538,546.89290,421.84426
2539,1131.16634,-140.92019
2540,1055.54603,504.07727
2541,910.51510,547.08581
2542,771.04435,531.89843
2543,437.38260,662.68253
2544,426.22938,603.25969
2545,693.51337,647.12276
2546,772.78021,639.98765
2547,369.97280,634.03764
2548,857.56233,551.98359
2549,758.45692,640.43251
2550,391.53265,655.60242
2551,448.74416,653.59522
2552,589.91079,632.24044
2553,460.69786,628.23839
2554,783.07899,559.56636
2555,918.14455,507.49547
2556,951.36951,489.74197
2557,642.51469,622.70258
2558,568.95760,484.63726
2559,1010.18621,522.58408
2560,591.78124,668.48261
2561,412.58004,547.22396
2562,1018.52116,241.46634
2563,760.32789,526.02989
2564,875.73130,619.23565
2565,700.57784,627.75510
2566,466.93653,670.64150
2567,1027.61987,594.21735
2568,1058.83762,471.35930
2569,376.88095,627.81077
2570,1059.04841,603.14015
2571,1048.52304,515.57687
2572,918.69033,589.04237
2573,443.95572,665.57954
2574,885.35421,595.73601
2575,375.58588,636.18130
2576,596.95710,638.43668
2577,494.70343,662.96755
2578,1010.03250,594.80749
2579,1129.70075,539.47225
2580,537.42353,666.69121
2581,380.80118,594.92195
2582,510.92105,658.52891
2583,446.93129,622.06316
2584,480.55737,637.47000
2585,553.59439,671.72078
2586,768.90185,627.63917
2587,735.41262,615.65277
2588,978.60836,585.55238
2589,721.12286,642.41277
2590,518.32268,518.22528
2591,1054.91993,594.74234
2592,1086.81556,514.54684
2593,1129.07695,-77.06355
2594,903.51439,568.97043
2595,1103.15001,-150.07877
2596,745.16607,610.87410
2597,474.08166,619.03667
2598,764.55481,613.93328
2599,904.48843,618.54811
2600,923.01472,481.38328
2601,1073.46131,517.72092
2602,906.43068,588.99797
2603,1044.61110,198.40933
2604,428.36936,626.88233
2605,965.43057,565.35987
2606,458.85504,663.94373
2607,995.87141,414.70111
2608,401.95397,637.98769
2609,569.89209,664.02414
2610,1085.82410,591.90022
2611,392.71334,536.33033
2612,812.10264,597.83586
2613,998.76167,498.85815
2614,612.09120,660.28663
2615,725.40551,598.35225
2616,615.28858,634.87546
2617,455.21853,636.66734
2618,378.85356,655.22222
2619,382.92381,639.35525
2620,852.78224,621.16032
2621,1078.93015,565.42160
2622,1113.01686,-122.82966
2623,1040.32532,584.88998
2624,926.53902,555.06796
2625,560.77815,665.71022
2626,783.88410,628.87018
2627,464.85952,613.13021
2628,546.04608,624.42713
2629,938.66322,496.35058
2630,575.79598,664.96322
2631,1121.38828,-144.31828
2632,420.18716,203.48709
2633,791.55910,613.59368
2634,893.43610,596.59480
2635,1067.28051,562.79845
2636,954.92080,594.90709
2637,439.49665,406.79962
2638,561.83531,658.54537
2639,374.76213,620.53474
2640,899.83005,593.30138
2641,1046.74335,570.49624
2642,544.96907,668.78889
2643,863.90862,612.07816
2644,749.05021,592.27811
2645,520.22462,634.67987
2646,925.23562,574.65241
2647,1106.08517,584.30429
2648,1026.78468,487.59108
2649,1127.56093,-150.40488
2650,984.97298,502.05574
2651,538.15974,664.19845
2652,804.78637,630.74734
2653,508.11934,633.69542
2654,734.86468,621.08317
2655,384.33649,629.05609
2656,1019.39153,304.07102
2657,918.12933,597.06809
2658,364.21473,637.59175
2659,478.59998,669.23891
2660,1080.58405,545.19508
2661,772.42046,598.76106
2662,1003.43642,444.29558
2663,1034.78112,548.57866
2664,504.12569,611.49300
2665,700.24196,635.11277
2666,1080.83808,506.79039
2667,781.69132,553.75000
2668,781.32669,595.92181
2669,1039.59193,230.92797
2670,1080.69988,577.95404
2671,844.79071,621.22705
2672,390.37671,588.47482
2673,619.89775,435.51385
2674,1118.76757,-110.55066
2675,900.79966,565.70436
2676,648.97779,617.52098
2677,381.96956,381.83207
2678,379.05467,651.58344
2679,400.89331,629.58379
2680,1059.29208,54.95390
2681,579.12594,622.07084
2682,1124.92058,509.21551
2683,1121.52915,547.60511
2684,414.59826,614.06950
2685,657.34221,615.88307
2686,607.06836,660.14374
2687,830.71915,622.33394
2688,1077.26165,116.13269
2689,680.64913,606.43891
2690,423.92798,624.89794
2691,755.40002,633.98661
2692,518.44910,646.59046
2693,373.69287,151.26396
2694,1060.17653,577.73383
2695,930.04804,482.00378
2696,1008.97656,574.21192
2697,1022.65016,597.06884
2698,900.02335,544.43758
2699,617.57680,612.11885
2700,916.97740,542.17921
2701,630.39836,646.56050
2702,604.36050,632.74454
2703,814.61890,629.70576
2704,370.11922,151.55535
2705,819.19013,597.87975
2706,958.88523,412.47623
2707,989.88276,456.87333
2708,1103.54648,569.46972
2709,717.51450,585.73828
2710,952.25680,614.69322
2711,787.07541,617.55930
2712,847.08743,571.13185
2713,659.99526,651.33737
2714,759.02329,626.72320
2715,1068.12148,537.15763
2716,842.99773,591.69172
2717,1038.82425,432.31613
2718,627.06004,662.36310
2719,523.58671,649.36645
2720,720.01040,634.11714
2721,498.67412,655.93654
2722,550.49328,622.77479
2723,987.88865,494.63944
2724,454.86300,650.39288
2725,763.67079,624.28382
2726,439.60096,647.54475
2727,918.51106,612.61759
2728,1091.74638,471.66532
2729,446.48160,588.89979
2730,1115.44864,567.13313
2731,985.97603,499.81945
2732,848.03713,386.93086
2733,557.08579,665.63022
2734,1068.51999,596.64369
2735,1103.26141,589.61557
2736,362.02782,631.40894
2737,1117.79526,569.60232
2738,393.72480,509.45026
2739,1118.55127,-107.50010
2740,927.57142,617.60786
2741,1026.02494,289.03240
2742,946.24710,616.11817
2743,1083.71485,591.07590
2744,928.47481,601.26848
2745,967.59631,545.50436
2746,1003.08135,432.02983
2747,434.78469,218.42085
2748,576.81955,496.51605
2749,422.89406,560.16200
2750,443.09771,641.03173
2751,463.73277,552.56706
2752,1053.15879,500.33336
2753,1091.31291,573.39695
2754,994.57572,441.06077
2755,1120.09086,-101.73946
2756,663.06214,647.82489
2757,507.38464,669.71696
2758,914.67506,561.09861
2759,782.96942,607.96346
2760,581.44814,653.24074
2761,1081.31838,433.73880
2762,1068.46814,556.48489
2763,1085.95566,588.47414
2764,1015.54068,582.69921
2765,1123.42197,-167.06196
2766,1115.44202,-88.99840
2767,904.89738,612.34207
2768,600.00970,627.17443
2769,380.73322,624.20736
2770,413.39764,622.29607
2771,371.95803,148.71797
2772,448.30000,631.93976
2773,626.62339,588.95571
2774,1103.00117,590.80335
2775,1070.41939,447.44024
2776,404.89252,633.65812
2777,586.65541,654.04996
2778,891.53626,553.56904
2779,479.97486,650.74884
2780,709.73999,649.89417
2781,677.86515,637.54838
2782,385.41716,163.90972
2783,1037.46150,105.06685
2784,564.21087,653.58529
2785,1067.56492,150.35247
2786,921.91335,561.97481
2787,400.53840,607.20185
2788,809.95995,617.90512
2789,511.81196,659.24545
2790,720.49235,598.92207
2791,767.82780,633.27326
2792,1040.74515,579.49928
2793,970.59349,549.95449
2794,514.13573,670.71395
2795,1058.81069,467.02340
2796,925.68816,528.31806
2797,1021.49700,571.82930
2798,997.37081,483.15413
2799,911.14776,577.41648
2800,460.80497,617.19856
2801,758.44834,615.29362
2802,1077.74653,593.55602
2803,566.71767,668.68663
2804,603.26151,609.93954
2805,687.72175,637.14954
2806,539.09423,665.60714
2807,376.16911,584.83155
2808,412.36302,635.55049
2809,474.27543,642.42831
2810,452.76995,640.60076
2811,947.60491,503.74601
2812,683.83844,635.48026
2813,979.99571,543.61729
2814,880.14661,598.88633
2815,556.64694,657.02464
2816,690.01491,644.75570
2817,1101.98695,58.82019
2818,529.29445,637.85876
2819,812.16720,607.77414
2820,493.46377,648.77488
2821,1003.07966,510.74806
2822,377.32467,572.28836
2823,984.38652,408.72057
2824,457.18070,640.62453
2825,364.70004,632.06100
2826,674.92582,635.60920
2827,414.24479,197.55496
2828,1079.37308,430.34430
2829,1077.29984,425.27370
2830,377.86929,156.69345
2831,1001.26274,457.49452
2832,536.07925,625.81266
2833,897.76536,546.41219
2834,983.51585,525.98431
2835,420.13526,631.16575
2836,1046.33882,592.68609
2837,698.03008,624.84374
2838,977.97367,581.17467
2839,997.08961,606.76596
2840,931.15921,618.14394
2841,917.50788,543.86039
2842,620.37369,646.13950
2843,890.47391,596.82807
2844,1024.19289,610.87681
2845,575.85070,644.72007
2846,548.67707,663.18615
2847,523.62027,643.33047
2848,898.19873,605.45916
2849,1127.09410,528.80396
2850,1016.56695,606.96545
2851,411.12337,632.39519
2852,395.58584,175.88878
2853,1064.72425,500.90715
2854,685.14136,644.57153
2855,606.04836,646.18785
2856,742.07897,639.37452
2857,573.14915,481.63554
2858,674.96670,645.31879
2859,1128.50204,-158.78124
2860,942.14899,536.23508
2861,402.64317,634.82312
2862,390.07855,629.62115
2863,392.10986,561.85265
2864,691.53341,641.47573
2865,1096.03734,581.17768
2866,995.65696,552.54849
2867,564.09399,658.04074
2868,1081.48692,580.98781
2869,1063.86036,545.08177
2870,1133.03585,519.17278
2871,1059.76937,572.69630
2872,651.30196,491.88852
2873,926.15110,539.11238
2874,1089.65397,593.44670
2875,898.92772,602.66990
2876,414.75115,653.41422
2877,425.70478,635.04099
2878,576.95847,654.53866
2879,499.24338,672.27700
2880,842.70359,391.88468
2881,450.93473,622.79032
2882,953.98280,545.26451
2883,983.87728,443.61441
2884,415.78746,662.15262
2885,1049.32420,483.79864
2886,993.28609,575.43773
2887,831.00283,603.97713
2888,413.59448,645.05195
2889,373.62729,655.03814
2890,568.96043,645.40803
2891,540.10481,658.98451
2892,513.95741,635.64457
2893,893.48639,538.99085
2894,957.67452,419.31360
2895,443.90499,625.61229
2896,963.88608,503.56262
2897,398.97580,507.19018
2898,847.98947,599.41490
2899,669.96723,609.20055
2900,655.80747,657.86878
2901,491.72538,643.09560
2902,1030.38875,575.19183
2903,529.52305,666.84136
2904,916.13059,592.51108
2905,665.64884,589.62918
2906,373.31518,652.37147
2907,1031.34130,565.39580
2908,781.61214,579.95938
2909,1063.06977,572.74633
2910,908.21714,620.45004
2911,422.26687,618.78149
2912,558.71129,600.42164
2913,400.86431,627.83339
2914,544.98744,645.41373
2915,595.61466,647.61300
2916,959.54159,479.35780
2917,962.74231,556.45325
2918,481.26038,665.42909
2919,1131.87630,521.50889
2920,760.33195,611.51200
2921,756.34990,559.68413
2922,924.85335,592.31713
2923,1101.89899,472.27339
2924,992.94504,561.85014
2925,574.35218,656.30133
2926,398.39137,180.20714
2927,1001.13220,513.40639
2928,997.35759,444.25727
2929,1085.63750,503.56189
2930,818.57022,594.11624
2931,1054.12090,509.70865
2932,942.13702,541.44306
2933,1025.96042,583.76293
2934,719.39343,620.46718
2935,564.02502,656.27142
2936,505.64787,659.41052
2937,852.75053,605.13276
2938,1074.38602,494.07959
2939,921.24721,623.56469
2940,487.89970,613.12077
2941,1010.94485,247.78477
2942,597.57159,500.57228
2943,999.54777,582.10770
2944,868.38163,604.83473
2945,797.33076,634.70594
2946,778.50975,628.75423
2947,946.16472,584.92105
2948,666.02136,619.93787
2949,662.46949,632.00906
2950,381.83002,161.36111
2951,754.59057,569.64272
2952,684.43891,525.04937
2953,706.79341,605.68841
2954,920.84111,579.76967
2955,729.14659,642.22082
2956,791.58486,620.82633
2957,735.35278,623.89508
2958,502.99195,654.47837
2959,914.72110,585.88078
2960,1012.23879,517.19778
2961,475.19111,657.05230
2962,779.59976,615.88766
2963,1012.45180,589.58286
2964,1103.35589,54.41206
2965,368.23212,630.48199
2966,1089.22318,517.39159
2967,724.07308,604.22626
2968,384.96349,631.53292
2969,734.01197,597.39974
