7.244000000000000000e+03
7.210000000000000000e+03
7.215000000000000000e+03
7.399000000000000000e+03
7.341000000000000000e+03
7.486000000000000000e+03
7.185000000000000000e+03
7.392000000000000000e+03
7.316000000000000000e+03
7.556000000000000000e+03
7.438000000000000000e+03
7.118000000000000000e+03
7.047000000000000000e+03
7.323000000000000000e+03
7.319000000000000000e+03
7.289000000000000000e+03
7.330000000000000000e+03
7.199000000000000000e+03
7.195000000000000000e+03
7.930000000000000000e+03
7.137000000000000000e+03
7.564000000000000000e+03
7.316000000000000000e+03
7.355000000000000000e+03
7.214000000000000000e+03
7.363000000000000000e+03
7.272000000000000000e+03
7.201000000000000000e+03
7.715000000000000000e+03
7.166000000000000000e+03
7.444000000000000000e+03
7.209000000000000000e+03
7.223000000000000000e+03
7.084000000000000000e+03
7.411000000000000000e+03
7.293000000000000000e+03
7.222000000000000000e+03
7.535000000000000000e+03
7.185000000000000000e+03
7.327000000000000000e+03
7.324000000000000000e+03
7.365000000000000000e+03
7.551000000000000000e+03
7.188000000000000000e+03
7.191000000000000000e+03
7.468000000000000000e+03
7.196000000000000000e+03
7.234000000000000000e+03
8.058000000000000000e+03
7.420000000000000000e+03
7.317000000000000000e+03
7.467000000000000000e+03
7.390000000000000000e+03
7.320000000000000000e+03
8.035000000000000000e+03
7.233000000000000000e+03
7.114000000000000000e+03
7.405000000000000000e+03
7.595000000000000000e+03
7.156000000000000000e+03
7.630000000000000000e+03
7.269000000000000000e+03
7.207000000000000000e+03
7.502000000000000000e+03
7.415000000000000000e+03
7.461000000000000000e+03
7.281000000000000000e+03
7.320000000000000000e+03
7.189000000000000000e+03
7.115000000000000000e+03
7.316000000000000000e+03
7.343000000000000000e+03
7.671000000000000000e+03
7.073000000000000000e+03
7.194000000000000000e+03
7.143000000000000000e+03
7.235000000000000000e+03
7.236000000000000000e+03
7.302000000000000000e+03
7.412000000000000000e+03
7.242000000000000000e+03
7.569000000000000000e+03
7.259000000000000000e+03
7.325000000000000000e+03
7.499000000000000000e+03
7.206000000000000000e+03
7.091000000000000000e+03
7.411000000000000000e+03
7.313000000000000000e+03
8.357000000000000000e+03
7.485000000000000000e+03
7.254000000000000000e+03
7.203000000000000000e+03
6.838000000000000000e+03
7.328000000000000000e+03
7.250000000000000000e+03
7.214000000000000000e+03
7.521000000000000000e+03
7.331000000000000000e+03
7.239000000000000000e+03
7.500000000000000000e+03
7.439000000000000000e+03
7.720000000000000000e+03
6.846000000000000000e+03
7.379000000000000000e+03
7.036000000000000000e+03
7.170000000000000000e+03
7.157000000000000000e+03
7.853000000000000000e+03
7.419000000000000000e+03
7.226000000000000000e+03
7.413000000000000000e+03
7.314000000000000000e+03
7.371000000000000000e+03
7.124000000000000000e+03
7.196000000000000000e+03
7.430000000000000000e+03
7.102000000000000000e+03
7.366000000000000000e+03
7.238000000000000000e+03
7.214000000000000000e+03
7.105000000000000000e+03
7.252000000000000000e+03
7.766000000000000000e+03
7.187000000000000000e+03
7.328000000000000000e+03
7.343000000000000000e+03
7.480000000000000000e+03
7.067000000000000000e+03
7.165000000000000000e+03
7.168000000000000000e+03
7.181000000000000000e+03
7.087000000000000000e+03
7.387000000000000000e+03
7.322000000000000000e+03
7.172000000000000000e+03
7.088000000000000000e+03
7.028000000000000000e+03
7.203000000000000000e+03
7.202000000000000000e+03
7.236000000000000000e+03
7.500000000000000000e+03
7.383000000000000000e+03
7.325000000000000000e+03
7.124000000000000000e+03
7.291000000000000000e+03
7.200000000000000000e+03
7.221000000000000000e+03
7.330000000000000000e+03
7.039000000000000000e+03
7.446000000000000000e+03
7.908000000000000000e+03
7.147000000000000000e+03
7.300000000000000000e+03
7.357000000000000000e+03
7.797000000000000000e+03
7.313000000000000000e+03
7.151000000000000000e+03
7.181000000000000000e+03
7.196000000000000000e+03
7.101000000000000000e+03
7.243000000000000000e+03
7.173000000000000000e+03
7.552000000000000000e+03
7.310000000000000000e+03
7.393000000000000000e+03
7.163000000000000000e+03
7.161000000000000000e+03
7.858000000000000000e+03
7.312000000000000000e+03
7.427000000000000000e+03
7.513000000000000000e+03
7.250000000000000000e+03
7.459000000000000000e+03
7.377000000000000000e+03
7.311000000000000000e+03
7.283000000000000000e+03
7.359000000000000000e+03
8.027000000000000000e+03
7.301000000000000000e+03
7.374000000000000000e+03
7.615000000000000000e+03
7.225000000000000000e+03
7.076000000000000000e+03
7.283000000000000000e+03
7.238000000000000000e+03
7.086000000000000000e+03
7.319000000000000000e+03
7.284000000000000000e+03
7.187000000000000000e+03
7.083000000000000000e+03
7.352000000000000000e+03
7.350000000000000000e+03
7.300000000000000000e+03
7.439000000000000000e+03
7.227000000000000000e+03
7.306000000000000000e+03
7.085000000000000000e+03
7.299000000000000000e+03
7.464000000000000000e+03
7.297000000000000000e+03
7.293000000000000000e+03
7.455000000000000000e+03
7.183000000000000000e+03
7.064000000000000000e+03
7.235000000000000000e+03
7.324000000000000000e+03
7.609000000000000000e+03
7.282000000000000000e+03
7.246000000000000000e+03
7.232000000000000000e+03
7.579000000000000000e+03
7.263000000000000000e+03
7.253000000000000000e+03
7.254000000000000000e+03
7.325000000000000000e+03
7.193000000000000000e+03
7.310000000000000000e+03
7.437000000000000000e+03
7.399000000000000000e+03
8.090000000000000000e+03
7.066000000000000000e+03
7.290000000000000000e+03
7.221000000000000000e+03
7.202000000000000000e+03
7.428000000000000000e+03
7.453000000000000000e+03
7.533000000000000000e+03
7.027000000000000000e+03
7.946000000000000000e+03
7.308000000000000000e+03
7.192000000000000000e+03
7.175000000000000000e+03
7.318000000000000000e+03
7.293000000000000000e+03
7.630000000000000000e+03
7.495000000000000000e+03
7.150000000000000000e+03
7.056000000000000000e+03
7.496000000000000000e+03
7.405000000000000000e+03
7.133000000000000000e+03
7.223000000000000000e+03
7.560000000000000000e+03
7.084000000000000000e+03
7.436000000000000000e+03
7.346000000000000000e+03
7.396000000000000000e+03
7.019000000000000000e+03
7.401000000000000000e+03
7.144000000000000000e+03
7.725000000000000000e+03
7.326000000000000000e+03
7.480000000000000000e+03
7.808000000000000000e+03
7.266000000000000000e+03
7.253000000000000000e+03
7.185000000000000000e+03
7.459000000000000000e+03
7.400000000000000000e+03
7.093000000000000000e+03
7.316000000000000000e+03
7.326000000000000000e+03
7.367000000000000000e+03
7.316000000000000000e+03
7.368000000000000000e+03
7.222000000000000000e+03
7.365000000000000000e+03
7.308000000000000000e+03
7.334000000000000000e+03
7.128000000000000000e+03
7.315000000000000000e+03
7.606000000000000000e+03
7.494000000000000000e+03
7.346000000000000000e+03
8.667000000000000000e+03
7.415000000000000000e+03
7.258000000000000000e+03
7.032000000000000000e+03
7.297000000000000000e+03
7.121000000000000000e+03
7.727000000000000000e+03
7.530000000000000000e+03
7.222000000000000000e+03
7.221000000000000000e+03
7.724000000000000000e+03
7.265000000000000000e+03
7.299000000000000000e+03
6.905000000000000000e+03
7.385000000000000000e+03
7.658000000000000000e+03
7.016000000000000000e+03
7.321000000000000000e+03
7.751000000000000000e+03
7.569000000000000000e+03
7.416000000000000000e+03
7.030000000000000000e+03
7.121000000000000000e+03
7.658000000000000000e+03
7.280000000000000000e+03
7.613000000000000000e+03
7.325000000000000000e+03
7.230000000000000000e+03
7.218000000000000000e+03
7.270000000000000000e+03
7.626000000000000000e+03
8.225000000000000000e+03
7.050000000000000000e+03
7.349000000000000000e+03
7.346000000000000000e+03
7.350000000000000000e+03
7.272000000000000000e+03
7.334000000000000000e+03
7.113000000000000000e+03
7.638000000000000000e+03
7.339000000000000000e+03
7.063000000000000000e+03
7.468000000000000000e+03
7.288000000000000000e+03
7.212000000000000000e+03
7.138000000000000000e+03
7.295000000000000000e+03
7.450000000000000000e+03
7.167000000000000000e+03
7.308000000000000000e+03
7.276000000000000000e+03
7.206000000000000000e+03
7.370000000000000000e+03
7.108000000000000000e+03
7.418000000000000000e+03
7.451000000000000000e+03
6.879000000000000000e+03
7.294000000000000000e+03
7.250000000000000000e+03
7.021000000000000000e+03
7.178000000000000000e+03
7.154000000000000000e+03
7.373000000000000000e+03
7.433000000000000000e+03
7.200000000000000000e+03
7.384000000000000000e+03
7.120000000000000000e+03
7.487000000000000000e+03
7.303000000000000000e+03
7.352000000000000000e+03
7.388000000000000000e+03
7.668000000000000000e+03
7.267000000000000000e+03
7.184000000000000000e+03
7.236000000000000000e+03
7.291000000000000000e+03
7.166000000000000000e+03
7.724000000000000000e+03
7.129000000000000000e+03
7.265000000000000000e+03
7.105000000000000000e+03
7.234000000000000000e+03
7.058000000000000000e+03
7.268000000000000000e+03
7.498000000000000000e+03
7.128000000000000000e+03
7.505000000000000000e+03
7.495000000000000000e+03
7.113000000000000000e+03
7.479000000000000000e+03
7.556000000000000000e+03
7.056000000000000000e+03
7.307000000000000000e+03
7.296000000000000000e+03
7.371000000000000000e+03
7.230000000000000000e+03
7.441000000000000000e+03
7.155000000000000000e+03
7.121000000000000000e+03
7.184000000000000000e+03
7.237000000000000000e+03
7.437000000000000000e+03
7.426000000000000000e+03
7.337000000000000000e+03
6.931000000000000000e+03
7.291000000000000000e+03
7.919000000000000000e+03
7.234000000000000000e+03
7.205000000000000000e+03
7.124000000000000000e+03
7.069000000000000000e+03
7.195000000000000000e+03
7.349000000000000000e+03
7.297000000000000000e+03
7.336000000000000000e+03
7.279000000000000000e+03
7.462000000000000000e+03
7.009000000000000000e+03
7.272000000000000000e+03
7.114000000000000000e+03
7.158000000000000000e+03
7.218000000000000000e+03
7.509000000000000000e+03
7.602000000000000000e+03
7.088000000000000000e+03
7.320000000000000000e+03
7.536000000000000000e+03
7.159000000000000000e+03
7.425000000000000000e+03
7.596000000000000000e+03
7.242000000000000000e+03
7.233000000000000000e+03
7.649000000000000000e+03
7.499000000000000000e+03
7.312000000000000000e+03
7.625000000000000000e+03
7.218000000000000000e+03
7.363000000000000000e+03
7.167000000000000000e+03
7.231000000000000000e+03
7.024000000000000000e+03
7.604000000000000000e+03
7.412000000000000000e+03
7.232000000000000000e+03
7.580000000000000000e+03
7.209000000000000000e+03
7.379000000000000000e+03
7.370000000000000000e+03
7.177000000000000000e+03
7.018000000000000000e+03
7.288000000000000000e+03
7.291000000000000000e+03
7.318000000000000000e+03
7.067000000000000000e+03
7.546000000000000000e+03
7.148000000000000000e+03
7.241000000000000000e+03
7.259000000000000000e+03
7.398000000000000000e+03
7.457000000000000000e+03
7.314000000000000000e+03
7.289000000000000000e+03
7.393000000000000000e+03
7.193000000000000000e+03
7.558000000000000000e+03
7.232000000000000000e+03
7.236000000000000000e+03
7.537000000000000000e+03
7.020000000000000000e+03
7.265000000000000000e+03
7.123000000000000000e+03
7.148000000000000000e+03
7.305000000000000000e+03
7.496000000000000000e+03
7.643000000000000000e+03
7.116000000000000000e+03
7.052000000000000000e+03
7.381000000000000000e+03
7.987000000000000000e+03
7.258000000000000000e+03
7.857000000000000000e+03
7.260000000000000000e+03
7.374000000000000000e+03
7.113000000000000000e+03
7.359000000000000000e+03
7.285000000000000000e+03
7.325000000000000000e+03
7.383000000000000000e+03
7.354000000000000000e+03
7.326000000000000000e+03
7.219000000000000000e+03
7.307000000000000000e+03
7.367000000000000000e+03
7.295000000000000000e+03
7.279000000000000000e+03
7.599000000000000000e+03
7.303000000000000000e+03
7.872000000000000000e+03
7.152000000000000000e+03
7.416000000000000000e+03
7.205000000000000000e+03
7.295000000000000000e+03
7.422000000000000000e+03
7.233000000000000000e+03
7.297000000000000000e+03
7.048000000000000000e+03
7.239000000000000000e+03
7.290000000000000000e+03
7.625000000000000000e+03
7.455000000000000000e+03
7.046000000000000000e+03
7.490000000000000000e+03
7.147000000000000000e+03
7.140000000000000000e+03
7.277000000000000000e+03
7.172000000000000000e+03
7.145000000000000000e+03
7.112000000000000000e+03
7.483000000000000000e+03
7.610000000000000000e+03
7.573000000000000000e+03
7.294000000000000000e+03
7.230000000000000000e+03
7.356000000000000000e+03
7.344000000000000000e+03
7.161000000000000000e+03
7.583000000000000000e+03
7.270000000000000000e+03
7.380000000000000000e+03
6.982000000000000000e+03
7.303000000000000000e+03
7.293000000000000000e+03
7.310000000000000000e+03
7.251000000000000000e+03
7.584000000000000000e+03
7.225000000000000000e+03
7.652000000000000000e+03
7.130000000000000000e+03
7.328000000000000000e+03
7.278000000000000000e+03
7.448000000000000000e+03
7.235000000000000000e+03
7.453000000000000000e+03
7.312000000000000000e+03
7.149000000000000000e+03
7.552000000000000000e+03
7.212000000000000000e+03
7.313000000000000000e+03
7.081000000000000000e+03
7.264000000000000000e+03
7.253000000000000000e+03
7.573000000000000000e+03
8.128000000000000000e+03
7.291000000000000000e+03
7.096000000000000000e+03
7.812000000000000000e+03
7.198000000000000000e+03
7.252000000000000000e+03
7.981000000000000000e+03
7.055000000000000000e+03
7.272000000000000000e+03
7.302000000000000000e+03
7.209000000000000000e+03
7.406000000000000000e+03
7.136000000000000000e+03
7.467000000000000000e+03
7.243000000000000000e+03
8.087000000000000000e+03
7.130000000000000000e+03
7.256000000000000000e+03
7.359000000000000000e+03
7.613000000000000000e+03
7.228000000000000000e+03
7.145000000000000000e+03
7.297000000000000000e+03
7.282000000000000000e+03
7.107000000000000000e+03
7.061000000000000000e+03
7.370000000000000000e+03
7.218000000000000000e+03
7.248000000000000000e+03
7.496000000000000000e+03
7.173000000000000000e+03
7.432000000000000000e+03
7.276000000000000000e+03
7.170000000000000000e+03
7.371000000000000000e+03
7.160000000000000000e+03
7.688000000000000000e+03
7.330000000000000000e+03
7.390000000000000000e+03
7.199000000000000000e+03
7.221000000000000000e+03
7.130000000000000000e+03
7.274000000000000000e+03
7.193000000000000000e+03
7.365000000000000000e+03
7.144000000000000000e+03
6.888000000000000000e+03
7.831000000000000000e+03
7.230000000000000000e+03
7.477000000000000000e+03
7.297000000000000000e+03
7.114000000000000000e+03
7.486000000000000000e+03
7.583000000000000000e+03
7.328000000000000000e+03
7.330000000000000000e+03
7.064000000000000000e+03
7.289000000000000000e+03
7.368000000000000000e+03
7.179000000000000000e+03
7.408000000000000000e+03
7.231000000000000000e+03
7.230000000000000000e+03
7.326000000000000000e+03
7.353000000000000000e+03
7.247000000000000000e+03
7.338000000000000000e+03
7.961000000000000000e+03
8.005000000000000000e+03
7.701000000000000000e+03
7.286000000000000000e+03
7.434000000000000000e+03
7.290000000000000000e+03
7.062000000000000000e+03
7.211000000000000000e+03
7.397000000000000000e+03
7.245000000000000000e+03
7.256000000000000000e+03
7.349000000000000000e+03
7.273000000000000000e+03
7.269000000000000000e+03
7.306000000000000000e+03
7.387000000000000000e+03
7.153000000000000000e+03
7.219000000000000000e+03
7.366000000000000000e+03
7.295000000000000000e+03
8.789000000000000000e+03
7.326000000000000000e+03
7.299000000000000000e+03
7.211000000000000000e+03
7.305000000000000000e+03
7.301000000000000000e+03
7.320000000000000000e+03
7.247000000000000000e+03
6.850000000000000000e+03
7.604000000000000000e+03
7.159000000000000000e+03
7.039000000000000000e+03
7.291000000000000000e+03
7.645000000000000000e+03
7.406000000000000000e+03
7.294000000000000000e+03
7.346000000000000000e+03
7.286000000000000000e+03
7.308000000000000000e+03
7.233000000000000000e+03
7.260000000000000000e+03
7.132000000000000000e+03
7.586000000000000000e+03
7.279000000000000000e+03
7.219000000000000000e+03
7.252000000000000000e+03
7.328000000000000000e+03
7.309000000000000000e+03
7.167000000000000000e+03
7.128000000000000000e+03
7.319000000000000000e+03
7.309000000000000000e+03
7.315000000000000000e+03
7.420000000000000000e+03
7.224000000000000000e+03
7.463000000000000000e+03
7.295000000000000000e+03
7.205000000000000000e+03
7.404000000000000000e+03
7.629000000000000000e+03
7.184000000000000000e+03
7.304000000000000000e+03
7.287000000000000000e+03
7.293000000000000000e+03
7.315000000000000000e+03
7.400000000000000000e+03
7.291000000000000000e+03
7.452000000000000000e+03
7.140000000000000000e+03
7.304000000000000000e+03
7.252000000000000000e+03
7.473000000000000000e+03
7.281000000000000000e+03
7.647000000000000000e+03
7.358000000000000000e+03
7.355000000000000000e+03
7.040000000000000000e+03
7.543000000000000000e+03
7.247000000000000000e+03
7.327000000000000000e+03
7.358000000000000000e+03
7.160000000000000000e+03
7.261000000000000000e+03
7.362000000000000000e+03
7.274000000000000000e+03
7.342000000000000000e+03
7.371000000000000000e+03
7.479000000000000000e+03
7.345000000000000000e+03
7.643000000000000000e+03
7.186000000000000000e+03
7.175000000000000000e+03
7.550000000000000000e+03
8.147000000000000000e+03
7.316000000000000000e+03
7.197000000000000000e+03
7.322000000000000000e+03
7.204000000000000000e+03
7.304000000000000000e+03
7.601000000000000000e+03
7.293000000000000000e+03
7.168000000000000000e+03
7.067000000000000000e+03
7.350000000000000000e+03
7.437000000000000000e+03
7.235000000000000000e+03
7.059000000000000000e+03
7.217000000000000000e+03
7.166000000000000000e+03
7.213000000000000000e+03
7.783000000000000000e+03
7.175000000000000000e+03
7.120000000000000000e+03
7.275000000000000000e+03
7.337000000000000000e+03
7.288000000000000000e+03
7.326000000000000000e+03
7.524000000000000000e+03
7.190000000000000000e+03
7.486000000000000000e+03
7.314000000000000000e+03
7.348000000000000000e+03
7.148000000000000000e+03
7.418000000000000000e+03
7.222000000000000000e+03
7.319000000000000000e+03
7.328000000000000000e+03
7.220000000000000000e+03
7.076000000000000000e+03
7.023000000000000000e+03
7.587000000000000000e+03
7.580000000000000000e+03
7.543000000000000000e+03
8.043000000000000000e+03
7.341000000000000000e+03
7.330000000000000000e+03
7.887000000000000000e+03
7.226000000000000000e+03
7.443000000000000000e+03
7.473000000000000000e+03
7.157000000000000000e+03
7.244000000000000000e+03
7.304000000000000000e+03
7.423000000000000000e+03
7.173000000000000000e+03
7.366000000000000000e+03
7.043000000000000000e+03
7.330000000000000000e+03
7.375000000000000000e+03
7.209000000000000000e+03
8.020000000000000000e+03
7.092000000000000000e+03
7.307000000000000000e+03
7.305000000000000000e+03
7.796000000000000000e+03
7.424000000000000000e+03
7.486000000000000000e+03
7.336000000000000000e+03
7.383000000000000000e+03
7.214000000000000000e+03
7.230000000000000000e+03
8.663000000000000000e+03
7.472000000000000000e+03
7.315000000000000000e+03
7.171000000000000000e+03
7.067000000000000000e+03
7.044000000000000000e+03
7.185000000000000000e+03
7.169000000000000000e+03
7.391000000000000000e+03
7.270000000000000000e+03
7.515000000000000000e+03
7.190000000000000000e+03
7.281000000000000000e+03
7.303000000000000000e+03
7.278000000000000000e+03
7.177000000000000000e+03
7.069000000000000000e+03
7.043000000000000000e+03
7.259000000000000000e+03
7.381000000000000000e+03
7.231000000000000000e+03
7.757000000000000000e+03
7.306000000000000000e+03
7.333000000000000000e+03
7.382000000000000000e+03
8.957000000000000000e+03
7.218000000000000000e+03
7.236000000000000000e+03
7.275000000000000000e+03
7.611000000000000000e+03
7.038000000000000000e+03
7.273000000000000000e+03
7.003000000000000000e+03
7.319000000000000000e+03
7.481000000000000000e+03
7.489000000000000000e+03
7.111000000000000000e+03
7.292000000000000000e+03
7.010000000000000000e+03
7.279000000000000000e+03
7.231000000000000000e+03
7.216000000000000000e+03
7.768000000000000000e+03
7.200000000000000000e+03
6.837000000000000000e+03
7.351000000000000000e+03
7.138000000000000000e+03
7.209000000000000000e+03
7.446000000000000000e+03
7.115000000000000000e+03
7.166000000000000000e+03
7.351000000000000000e+03
7.276000000000000000e+03
7.230000000000000000e+03
7.078000000000000000e+03
7.083000000000000000e+03
7.181000000000000000e+03
7.209000000000000000e+03
7.337000000000000000e+03
7.341000000000000000e+03
7.226000000000000000e+03
7.107000000000000000e+03
7.316000000000000000e+03
7.125000000000000000e+03
7.175000000000000000e+03
7.298000000000000000e+03
7.248000000000000000e+03
7.380000000000000000e+03
7.212000000000000000e+03
7.204000000000000000e+03
7.268000000000000000e+03
7.211000000000000000e+03
7.217000000000000000e+03
7.656000000000000000e+03
7.396000000000000000e+03
8.310000000000000000e+03
7.298000000000000000e+03
7.373000000000000000e+03
7.130000000000000000e+03
7.163000000000000000e+03
7.574000000000000000e+03
7.455000000000000000e+03
7.755000000000000000e+03
7.701000000000000000e+03
7.507000000000000000e+03
7.102000000000000000e+03
7.106000000000000000e+03
7.241000000000000000e+03
7.354000000000000000e+03
7.326000000000000000e+03
7.463000000000000000e+03
7.124000000000000000e+03
7.333000000000000000e+03
7.581000000000000000e+03
7.510000000000000000e+03
7.208000000000000000e+03
7.277000000000000000e+03
7.270000000000000000e+03
7.121000000000000000e+03
7.592000000000000000e+03
7.039000000000000000e+03
7.170000000000000000e+03
7.422000000000000000e+03
7.464000000000000000e+03
7.396000000000000000e+03
7.069000000000000000e+03
7.394000000000000000e+03
7.060000000000000000e+03
7.424000000000000000e+03
7.434000000000000000e+03
7.299000000000000000e+03
7.358000000000000000e+03
7.322000000000000000e+03
7.180000000000000000e+03
7.104000000000000000e+03
7.354000000000000000e+03
6.892000000000000000e+03
7.354000000000000000e+03
7.315000000000000000e+03
7.414000000000000000e+03
7.199000000000000000e+03
7.364000000000000000e+03
7.275000000000000000e+03
7.417000000000000000e+03
7.322000000000000000e+03
7.382000000000000000e+03
7.227000000000000000e+03
7.714000000000000000e+03
7.400000000000000000e+03
7.278000000000000000e+03
8.029000000000000000e+03
7.342000000000000000e+03
7.367000000000000000e+03
7.041000000000000000e+03
7.297000000000000000e+03
7.318000000000000000e+03
7.310000000000000000e+03
7.433000000000000000e+03
7.175000000000000000e+03
7.690000000000000000e+03
7.202000000000000000e+03
7.185000000000000000e+03
7.073000000000000000e+03
7.322000000000000000e+03
7.336000000000000000e+03
7.203000000000000000e+03
7.366000000000000000e+03
7.283000000000000000e+03
7.329000000000000000e+03
7.545000000000000000e+03
7.219000000000000000e+03
7.192000000000000000e+03
7.380000000000000000e+03
7.328000000000000000e+03
7.336000000000000000e+03
7.614000000000000000e+03
7.019000000000000000e+03
7.229000000000000000e+03
7.300000000000000000e+03
7.316000000000000000e+03
7.229000000000000000e+03
7.494000000000000000e+03
7.254000000000000000e+03
7.665000000000000000e+03
7.704000000000000000e+03
7.313000000000000000e+03
7.329000000000000000e+03
7.554000000000000000e+03
7.053000000000000000e+03
7.372000000000000000e+03
7.192000000000000000e+03
7.352000000000000000e+03
7.632000000000000000e+03
7.595000000000000000e+03
7.264000000000000000e+03
7.790000000000000000e+03
7.423000000000000000e+03
7.395000000000000000e+03
7.037000000000000000e+03
7.079000000000000000e+03
6.960000000000000000e+03
7.342000000000000000e+03
7.173000000000000000e+03
7.323000000000000000e+03
7.276000000000000000e+03
7.255000000000000000e+03
7.378000000000000000e+03
7.131000000000000000e+03
7.725000000000000000e+03
7.208000000000000000e+03
7.022000000000000000e+03
7.302000000000000000e+03
8.169000000000000000e+03
7.013000000000000000e+03
7.251000000000000000e+03
7.245000000000000000e+03
7.652000000000000000e+03
7.318000000000000000e+03
7.093000000000000000e+03
7.120000000000000000e+03
7.237000000000000000e+03
7.143000000000000000e+03
7.562000000000000000e+03
7.220000000000000000e+03
7.108000000000000000e+03
7.240000000000000000e+03
7.475000000000000000e+03
7.530000000000000000e+03
7.391000000000000000e+03
7.347000000000000000e+03
7.164000000000000000e+03
7.398000000000000000e+03
7.568000000000000000e+03
7.292000000000000000e+03
7.197000000000000000e+03
7.295000000000000000e+03
7.175000000000000000e+03
7.228000000000000000e+03
7.010000000000000000e+03
7.206000000000000000e+03
7.249000000000000000e+03
7.448000000000000000e+03
7.299000000000000000e+03
7.235000000000000000e+03
7.051000000000000000e+03
7.161000000000000000e+03
7.481000000000000000e+03
7.328000000000000000e+03
7.223000000000000000e+03
7.274000000000000000e+03
7.234000000000000000e+03
7.182000000000000000e+03
7.285000000000000000e+03
7.405000000000000000e+03
7.285000000000000000e+03
7.294000000000000000e+03
7.623000000000000000e+03
7.346000000000000000e+03
7.030000000000000000e+03
7.188000000000000000e+03
7.203000000000000000e+03
7.335000000000000000e+03
7.266000000000000000e+03
7.515000000000000000e+03
7.064000000000000000e+03
7.201000000000000000e+03
7.493000000000000000e+03
7.332000000000000000e+03
7.154000000000000000e+03
7.206000000000000000e+03
7.251000000000000000e+03
7.337000000000000000e+03
7.238000000000000000e+03
7.330000000000000000e+03
7.438000000000000000e+03
7.192000000000000000e+03
7.612000000000000000e+03
7.248000000000000000e+03
7.222000000000000000e+03
7.360000000000000000e+03
7.290000000000000000e+03
7.391000000000000000e+03
7.334000000000000000e+03
7.088000000000000000e+03
7.262000000000000000e+03
7.553000000000000000e+03
7.295000000000000000e+03
7.264000000000000000e+03
7.211000000000000000e+03
7.235000000000000000e+03
7.056000000000000000e+03
7.141000000000000000e+03
7.346000000000000000e+03
6.897000000000000000e+03
7.394000000000000000e+03
7.086000000000000000e+03
7.268000000000000000e+03
7.411000000000000000e+03
7.367000000000000000e+03
7.096000000000000000e+03
7.297000000000000000e+03
7.207000000000000000e+03
7.390000000000000000e+03
7.270000000000000000e+03
7.147000000000000000e+03
7.182000000000000000e+03
7.368000000000000000e+03
7.302000000000000000e+03
7.950000000000000000e+03
7.511000000000000000e+03
7.333000000000000000e+03
8.271000000000000000e+03
7.639000000000000000e+03
7.296000000000000000e+03
7.236000000000000000e+03
7.377000000000000000e+03
7.366000000000000000e+03
7.084000000000000000e+03
7.205000000000000000e+03
7.236000000000000000e+03
7.259000000000000000e+03
7.407000000000000000e+03
7.150000000000000000e+03
7.210000000000000000e+03
7.141000000000000000e+03
7.278000000000000000e+03
7.457000000000000000e+03
7.190000000000000000e+03
7.420000000000000000e+03
7.249000000000000000e+03
7.547000000000000000e+03
7.290000000000000000e+03
7.285000000000000000e+03
7.281000000000000000e+03
7.121000000000000000e+03
7.166000000000000000e+03
7.296000000000000000e+03
7.288000000000000000e+03
7.210000000000000000e+03
7.336000000000000000e+03
7.201000000000000000e+03
7.770000000000000000e+03
7.207000000000000000e+03
7.329000000000000000e+03
7.285000000000000000e+03
7.255000000000000000e+03
7.485000000000000000e+03
7.419000000000000000e+03
7.087000000000000000e+03
7.188000000000000000e+03
7.298000000000000000e+03
7.206000000000000000e+03
7.115000000000000000e+03
7.366000000000000000e+03
7.297000000000000000e+03
7.390000000000000000e+03
7.417000000000000000e+03
7.377000000000000000e+03
7.324000000000000000e+03
7.199000000000000000e+03
7.239000000000000000e+03
7.316000000000000000e+03
7.270000000000000000e+03
7.336000000000000000e+03
7.572000000000000000e+03
7.129000000000000000e+03
7.203000000000000000e+03
7.346000000000000000e+03
7.778000000000000000e+03
7.047000000000000000e+03
7.656000000000000000e+03
7.097000000000000000e+03
7.303000000000000000e+03
7.529000000000000000e+03
7.729000000000000000e+03
7.410000000000000000e+03
7.280000000000000000e+03
7.112000000000000000e+03
7.382000000000000000e+03
7.763000000000000000e+03
7.395000000000000000e+03
7.175000000000000000e+03
7.529000000000000000e+03
7.306000000000000000e+03
7.237000000000000000e+03
7.319000000000000000e+03
7.432000000000000000e+03
7.326000000000000000e+03
7.072000000000000000e+03
7.032000000000000000e+03
7.230000000000000000e+03
7.208000000000000000e+03
7.175000000000000000e+03
7.154000000000000000e+03
7.496000000000000000e+03
7.499000000000000000e+03
7.485000000000000000e+03
7.281000000000000000e+03
7.358000000000000000e+03
7.259000000000000000e+03
7.167000000000000000e+03
7.324000000000000000e+03
7.140000000000000000e+03
7.322000000000000000e+03
7.163000000000000000e+03
7.286000000000000000e+03
7.397000000000000000e+03
7.167000000000000000e+03
7.109000000000000000e+03
7.912000000000000000e+03
7.189000000000000000e+03
7.048000000000000000e+03
7.275000000000000000e+03
7.088000000000000000e+03
7.243000000000000000e+03
7.292000000000000000e+03
7.223000000000000000e+03
7.183000000000000000e+03
7.299000000000000000e+03
7.292000000000000000e+03
7.241000000000000000e+03
7.308000000000000000e+03
7.237000000000000000e+03
7.537000000000000000e+03
7.616000000000000000e+03
7.305000000000000000e+03
7.169000000000000000e+03
7.253000000000000000e+03
7.335000000000000000e+03
7.427000000000000000e+03
7.259000000000000000e+03
7.853000000000000000e+03
7.898000000000000000e+03
7.175000000000000000e+03
7.390000000000000000e+03
7.308000000000000000e+03
7.262000000000000000e+03
7.042000000000000000e+03
7.254000000000000000e+03
7.136000000000000000e+03
6.922000000000000000e+03
7.232000000000000000e+03
7.049000000000000000e+03
7.106000000000000000e+03
7.290000000000000000e+03
7.221000000000000000e+03
7.296000000000000000e+03
7.299000000000000000e+03
7.253000000000000000e+03
7.248000000000000000e+03
7.268000000000000000e+03
6.893000000000000000e+03
7.251000000000000000e+03
7.540000000000000000e+03
7.339000000000000000e+03
7.190000000000000000e+03
7.238000000000000000e+03
7.349000000000000000e+03
7.486000000000000000e+03
7.245000000000000000e+03
7.039000000000000000e+03
7.148000000000000000e+03
7.138000000000000000e+03
7.376000000000000000e+03
7.207000000000000000e+03
7.923000000000000000e+03
7.359000000000000000e+03
7.641000000000000000e+03
7.391000000000000000e+03
7.406000000000000000e+03
7.316000000000000000e+03
7.215000000000000000e+03
7.117000000000000000e+03
7.194000000000000000e+03
7.334000000000000000e+03
7.139000000000000000e+03
7.660000000000000000e+03
8.008000000000000000e+03
8.117000000000000000e+03
8.903000000000000000e+03
7.379000000000000000e+03
7.474000000000000000e+03
7.499000000000000000e+03
7.178000000000000000e+03
8.736000000000000000e+03
7.994000000000000000e+03
8.144000000000000000e+03
9.477000000000000000e+03
7.289000000000000000e+03
7.181000000000000000e+03
7.656000000000000000e+03
8.234000000000000000e+03
9.301000000000000000e+03
7.774000000000000000e+03
7.248000000000000000e+03
7.386000000000000000e+03
9.457000000000000000e+03
7.960000000000000000e+03
8.724000000000000000e+03
7.268000000000000000e+03
9.452000000000000000e+03
7.327000000000000000e+03
7.479000000000000000e+03
8.112000000000000000e+03
8.800000000000000000e+03
8.548000000000000000e+03
7.592000000000000000e+03
7.461000000000000000e+03
7.962000000000000000e+03
7.408000000000000000e+03
8.068000000000000000e+03
8.826000000000000000e+03
7.931000000000000000e+03
8.425000000000000000e+03
9.092000000000000000e+03
8.443000000000000000e+03
7.228000000000000000e+03
7.767000000000000000e+03
8.029000000000000000e+03
7.398000000000000000e+03
8.195000000000000000e+03
7.710000000000000000e+03
8.018000000000000000e+03
7.325000000000000000e+03
7.863000000000000000e+03
8.619000000000000000e+03
7.148000000000000000e+03
7.965000000000000000e+03
7.163000000000000000e+03
7.181000000000000000e+03
7.231000000000000000e+03
7.249000000000000000e+03
7.204000000000000000e+03
7.991000000000000000e+03
8.662000000000000000e+03
8.573000000000000000e+03
9.515000000000000000e+03
8.364000000000000000e+03
7.169000000000000000e+03
7.329000000000000000e+03
8.365000000000000000e+03
7.208000000000000000e+03
7.792000000000000000e+03
8.435000000000000000e+03
7.272000000000000000e+03
7.931000000000000000e+03
7.376000000000000000e+03
7.293000000000000000e+03
7.412000000000000000e+03
8.360000000000000000e+03
7.387000000000000000e+03
7.376000000000000000e+03
7.245000000000000000e+03
8.149000000000000000e+03
7.296000000000000000e+03
7.583000000000000000e+03
7.964000000000000000e+03
8.396000000000000000e+03
7.896000000000000000e+03
8.482000000000000000e+03
7.307000000000000000e+03
7.208000000000000000e+03
8.883000000000000000e+03
8.399000000000000000e+03
7.387000000000000000e+03
7.265000000000000000e+03
7.674000000000000000e+03
9.550000000000000000e+03
7.966000000000000000e+03
7.330000000000000000e+03
7.335000000000000000e+03
7.255000000000000000e+03
8.533000000000000000e+03
7.340000000000000000e+03
8.028000000000000000e+03
7.330000000000000000e+03
7.189000000000000000e+03
7.955000000000000000e+03
7.758000000000000000e+03
7.173000000000000000e+03
8.159000000000000000e+03
8.431000000000000000e+03
7.414000000000000000e+03
7.328000000000000000e+03
7.517000000000000000e+03
7.204000000000000000e+03
7.600000000000000000e+03
9.245000000000000000e+03
9.013000000000000000e+03
8.036000000000000000e+03
7.713000000000000000e+03
7.180000000000000000e+03
7.009000000000000000e+03
8.158000000000000000e+03
8.493000000000000000e+03
7.131000000000000000e+03
7.294000000000000000e+03
9.388000000000000000e+03
7.378000000000000000e+03
7.178000000000000000e+03
7.198000000000000000e+03
8.210000000000000000e+03
7.565000000000000000e+03
8.551000000000000000e+03
8.250000000000000000e+03
8.242000000000000000e+03
7.379000000000000000e+03
7.236000000000000000e+03
9.512000000000000000e+03
7.855000000000000000e+03
7.286000000000000000e+03
7.746000000000000000e+03
9.009000000000000000e+03
8.034000000000000000e+03
7.194000000000000000e+03
7.534000000000000000e+03
7.403000000000000000e+03
9.537000000000000000e+03
9.334000000000000000e+03
9.474000000000000000e+03
7.078000000000000000e+03
8.658000000000000000e+03
8.668000000000000000e+03
7.371000000000000000e+03
7.223000000000000000e+03
9.068000000000000000e+03
7.293000000000000000e+03
9.019000000000000000e+03
9.565000000000000000e+03
8.510000000000000000e+03
8.712000000000000000e+03
7.201000000000000000e+03
7.350000000000000000e+03
7.001000000000000000e+03
7.359000000000000000e+03
7.251000000000000000e+03
7.098000000000000000e+03
8.582000000000000000e+03
7.152000000000000000e+03
7.345000000000000000e+03
7.297000000000000000e+03
7.251000000000000000e+03
7.102000000000000000e+03
9.510000000000000000e+03
7.417000000000000000e+03
7.113000000000000000e+03
7.520000000000000000e+03
8.089000000000000000e+03
7.828000000000000000e+03
7.498000000000000000e+03
8.939000000000000000e+03
8.382000000000000000e+03
8.152000000000000000e+03
6.938000000000000000e+03
7.440000000000000000e+03
7.260000000000000000e+03
8.554000000000000000e+03
8.063000000000000000e+03
7.309000000000000000e+03
9.127000000000000000e+03
7.911000000000000000e+03
8.605000000000000000e+03
7.273000000000000000e+03
7.253000000000000000e+03
7.397000000000000000e+03
7.331000000000000000e+03
7.653000000000000000e+03
7.684000000000000000e+03
8.784000000000000000e+03
7.922000000000000000e+03
7.192000000000000000e+03
1.029700000000000000e+04
7.225000000000000000e+03
8.680000000000000000e+03
7.508000000000000000e+03
7.316000000000000000e+03
7.600000000000000000e+03
7.604000000000000000e+03
7.032000000000000000e+03
8.326000000000000000e+03
8.001000000000000000e+03
7.206000000000000000e+03
7.625000000000000000e+03
7.502000000000000000e+03
8.629000000000000000e+03
7.292000000000000000e+03
8.739000000000000000e+03
7.484000000000000000e+03
7.794000000000000000e+03
7.355000000000000000e+03
7.262000000000000000e+03
7.432000000000000000e+03
8.198000000000000000e+03
7.244000000000000000e+03
7.717000000000000000e+03
7.404000000000000000e+03
7.271000000000000000e+03
9.113000000000000000e+03
8.779000000000000000e+03
7.424000000000000000e+03
7.325000000000000000e+03
7.204000000000000000e+03
7.111000000000000000e+03
8.041000000000000000e+03
7.833000000000000000e+03
7.483000000000000000e+03
8.715000000000000000e+03
7.784000000000000000e+03
7.481000000000000000e+03
7.221000000000000000e+03
7.455000000000000000e+03
8.924000000000000000e+03
7.328000000000000000e+03
7.410000000000000000e+03
7.336000000000000000e+03
1.032300000000000000e+04
7.299000000000000000e+03
8.217000000000000000e+03
7.366000000000000000e+03
7.088000000000000000e+03
7.724000000000000000e+03
8.071000000000000000e+03
7.292000000000000000e+03
7.533000000000000000e+03
8.202000000000000000e+03
7.737000000000000000e+03
7.310000000000000000e+03
7.090000000000000000e+03
9.600000000000000000e+03
7.176000000000000000e+03
8.662000000000000000e+03
7.279000000000000000e+03
8.597000000000000000e+03
8.019000000000000000e+03
8.767000000000000000e+03
7.289000000000000000e+03
7.487000000000000000e+03
7.304000000000000000e+03
7.325000000000000000e+03
9.649000000000000000e+03
7.210000000000000000e+03
8.487000000000000000e+03
7.546000000000000000e+03
8.171000000000000000e+03
7.288000000000000000e+03
7.490000000000000000e+03
7.233000000000000000e+03
7.481000000000000000e+03
7.314000000000000000e+03
1.005600000000000000e+04
8.841000000000000000e+03
8.002000000000000000e+03
7.274000000000000000e+03
7.745000000000000000e+03
7.334000000000000000e+03
7.867000000000000000e+03
7.228000000000000000e+03
7.492000000000000000e+03
8.249000000000000000e+03
7.417000000000000000e+03
8.025000000000000000e+03
7.277000000000000000e+03
7.100000000000000000e+03
9.510000000000000000e+03
7.343000000000000000e+03
7.250000000000000000e+03
7.106000000000000000e+03
7.612000000000000000e+03
7.436000000000000000e+03
7.015000000000000000e+03
7.200000000000000000e+03
7.963000000000000000e+03
8.752000000000000000e+03
7.380000000000000000e+03
7.489000000000000000e+03
7.851000000000000000e+03
8.051000000000000000e+03
8.089000000000000000e+03
7.289000000000000000e+03
7.114000000000000000e+03
7.517000000000000000e+03
8.642000000000000000e+03
7.230000000000000000e+03
7.209000000000000000e+03
7.542000000000000000e+03
1.013800000000000000e+04
8.319000000000000000e+03
7.145000000000000000e+03
7.457000000000000000e+03
8.785000000000000000e+03
7.323000000000000000e+03
7.813000000000000000e+03
7.454000000000000000e+03
9.174000000000000000e+03
7.263000000000000000e+03
7.919000000000000000e+03
8.246000000000000000e+03
7.428000000000000000e+03
7.263000000000000000e+03
7.426000000000000000e+03
7.645000000000000000e+03
7.348000000000000000e+03
7.943000000000000000e+03
7.413000000000000000e+03
7.151000000000000000e+03
7.207000000000000000e+03
8.395000000000000000e+03
7.408000000000000000e+03
8.541000000000000000e+03
8.672000000000000000e+03
7.229000000000000000e+03
7.856000000000000000e+03
8.212000000000000000e+03
7.474000000000000000e+03
9.467000000000000000e+03
7.369000000000000000e+03
7.232000000000000000e+03
7.622000000000000000e+03
8.334000000000000000e+03
7.294000000000000000e+03
8.201000000000000000e+03
7.295000000000000000e+03
7.393000000000000000e+03
8.913000000000000000e+03
8.607000000000000000e+03
7.760000000000000000e+03
7.838000000000000000e+03
7.319000000000000000e+03
7.758000000000000000e+03
7.076000000000000000e+03
8.772000000000000000e+03
8.031000000000000000e+03
8.697000000000000000e+03
8.782000000000000000e+03
7.245000000000000000e+03
8.126000000000000000e+03
7.221000000000000000e+03
8.447000000000000000e+03
7.102000000000000000e+03
7.492000000000000000e+03
7.064000000000000000e+03
8.352000000000000000e+03
8.249000000000000000e+03
8.577000000000000000e+03
8.733000000000000000e+03
8.920000000000000000e+03
7.243000000000000000e+03
7.295000000000000000e+03
8.138000000000000000e+03
7.191000000000000000e+03
7.224000000000000000e+03
7.041000000000000000e+03
7.237000000000000000e+03
8.132000000000000000e+03
7.185000000000000000e+03
7.476000000000000000e+03
6.916000000000000000e+03
9.285000000000000000e+03
7.505000000000000000e+03
8.248000000000000000e+03
8.287000000000000000e+03
7.436000000000000000e+03
7.253000000000000000e+03
6.952000000000000000e+03
7.416000000000000000e+03
7.240000000000000000e+03
8.937000000000000000e+03
7.324000000000000000e+03
7.148000000000000000e+03
8.417000000000000000e+03
8.109000000000000000e+03
7.247000000000000000e+03
7.915000000000000000e+03
7.359000000000000000e+03
7.144000000000000000e+03
8.190000000000000000e+03
7.168000000000000000e+03
8.886000000000000000e+03
7.055000000000000000e+03
8.217000000000000000e+03
8.134000000000000000e+03
7.156000000000000000e+03
8.584000000000000000e+03
7.347000000000000000e+03
8.448000000000000000e+03
7.252000000000000000e+03
7.003000000000000000e+03
7.202000000000000000e+03
8.834000000000000000e+03
7.974000000000000000e+03
8.070000000000000000e+03
7.214000000000000000e+03
8.963000000000000000e+03
7.348000000000000000e+03
7.329000000000000000e+03
7.579000000000000000e+03
7.648000000000000000e+03
9.057000000000000000e+03
8.090000000000000000e+03
7.909000000000000000e+03
8.157000000000000000e+03
9.417000000000000000e+03
7.283000000000000000e+03
8.182000000000000000e+03
7.874000000000000000e+03
7.442000000000000000e+03
7.315000000000000000e+03
7.390000000000000000e+03
8.821000000000000000e+03
7.009000000000000000e+03
7.157000000000000000e+03
9.412000000000000000e+03
9.177000000000000000e+03
7.126000000000000000e+03
7.283000000000000000e+03
8.093000000000000000e+03
8.278000000000000000e+03
7.595000000000000000e+03
7.200000000000000000e+03
7.207000000000000000e+03
7.878000000000000000e+03
9.192000000000000000e+03
7.431000000000000000e+03
7.308000000000000000e+03
7.321000000000000000e+03
8.772000000000000000e+03
7.293000000000000000e+03
7.640000000000000000e+03
7.264000000000000000e+03
7.690000000000000000e+03
7.210000000000000000e+03
7.282000000000000000e+03
7.094000000000000000e+03
7.708000000000000000e+03
9.291000000000000000e+03
7.307000000000000000e+03
7.053000000000000000e+03
6.851000000000000000e+03
6.833000000000000000e+03
8.794000000000000000e+03
7.320000000000000000e+03
7.409000000000000000e+03
7.133000000000000000e+03
7.605000000000000000e+03
7.276000000000000000e+03
8.501000000000000000e+03
7.442000000000000000e+03
7.257000000000000000e+03
7.218000000000000000e+03
8.891000000000000000e+03
6.897000000000000000e+03
7.559000000000000000e+03
8.238000000000000000e+03
7.184000000000000000e+03
7.450000000000000000e+03
8.164000000000000000e+03
8.736000000000000000e+03
8.062000000000000000e+03
7.754000000000000000e+03
7.420000000000000000e+03
7.151000000000000000e+03
8.075000000000000000e+03
6.906000000000000000e+03
8.030000000000000000e+03
9.197000000000000000e+03
1.013600000000000000e+04
8.204000000000000000e+03
7.820000000000000000e+03
8.278000000000000000e+03
7.470000000000000000e+03
8.221000000000000000e+03
8.340000000000000000e+03
7.154000000000000000e+03
7.831000000000000000e+03
6.990000000000000000e+03
7.783000000000000000e+03
7.195000000000000000e+03
7.322000000000000000e+03
8.133000000000000000e+03
7.430000000000000000e+03
7.274000000000000000e+03
7.282000000000000000e+03
7.473000000000000000e+03
7.326000000000000000e+03
7.235000000000000000e+03
7.972000000000000000e+03
8.995000000000000000e+03
8.033000000000000000e+03
7.757000000000000000e+03
7.520000000000000000e+03
8.701000000000000000e+03
8.973000000000000000e+03
7.616000000000000000e+03
7.213000000000000000e+03
8.031000000000000000e+03
7.711000000000000000e+03
9.053000000000000000e+03
7.813000000000000000e+03
7.474000000000000000e+03
7.339000000000000000e+03
7.825000000000000000e+03
7.492000000000000000e+03
7.243000000000000000e+03
7.279000000000000000e+03
9.505000000000000000e+03
7.578000000000000000e+03
7.133000000000000000e+03
8.939000000000000000e+03
7.185000000000000000e+03
7.619000000000000000e+03
7.317000000000000000e+03
7.049000000000000000e+03
7.317000000000000000e+03
7.296000000000000000e+03
7.673000000000000000e+03
8.837000000000000000e+03
7.649000000000000000e+03
9.280000000000000000e+03
9.226000000000000000e+03
8.207000000000000000e+03
7.410000000000000000e+03
8.059000000000000000e+03
8.411000000000000000e+03
7.814000000000000000e+03
7.208000000000000000e+03
7.280000000000000000e+03
9.049000000000000000e+03
8.000000000000000000e+03
7.323000000000000000e+03
7.781000000000000000e+03
7.772000000000000000e+03
8.227000000000000000e+03
7.673000000000000000e+03
8.199000000000000000e+03
7.660000000000000000e+03
7.223000000000000000e+03
9.093000000000000000e+03
8.185000000000000000e+03
7.381000000000000000e+03
7.783000000000000000e+03
8.459000000000000000e+03
7.711000000000000000e+03
7.501000000000000000e+03
6.916000000000000000e+03
7.409000000000000000e+03
7.161000000000000000e+03
7.620000000000000000e+03
7.239000000000000000e+03
7.080000000000000000e+03
7.990000000000000000e+03
7.419000000000000000e+03
7.557000000000000000e+03
7.310000000000000000e+03
7.373000000000000000e+03
7.306000000000000000e+03
7.722000000000000000e+03
8.215000000000000000e+03
7.558000000000000000e+03
7.690000000000000000e+03
7.242000000000000000e+03
7.320000000000000000e+03
8.383000000000000000e+03
7.441000000000000000e+03
7.882000000000000000e+03
7.927000000000000000e+03
8.298000000000000000e+03
7.476000000000000000e+03
7.196000000000000000e+03
7.328000000000000000e+03
7.259000000000000000e+03
7.729000000000000000e+03
7.369000000000000000e+03
7.479000000000000000e+03
7.611000000000000000e+03
7.666000000000000000e+03
7.981000000000000000e+03
8.357000000000000000e+03
7.179000000000000000e+03
7.278000000000000000e+03
8.229000000000000000e+03
8.042000000000000000e+03
8.208000000000000000e+03
7.277000000000000000e+03
7.859000000000000000e+03
7.703000000000000000e+03
7.272000000000000000e+03
7.332000000000000000e+03
7.378000000000000000e+03
7.759000000000000000e+03
7.937000000000000000e+03
7.350000000000000000e+03
8.670000000000000000e+03
8.589000000000000000e+03
7.341000000000000000e+03
7.529000000000000000e+03
7.374000000000000000e+03
7.434000000000000000e+03
7.772000000000000000e+03
7.614000000000000000e+03
7.445000000000000000e+03
8.206000000000000000e+03
7.791000000000000000e+03
7.395000000000000000e+03
7.588000000000000000e+03
7.431000000000000000e+03
7.990000000000000000e+03
7.932000000000000000e+03
8.545000000000000000e+03
7.088000000000000000e+03
7.453000000000000000e+03
7.893000000000000000e+03
7.233000000000000000e+03
7.384000000000000000e+03
8.413000000000000000e+03
7.378000000000000000e+03
7.282000000000000000e+03
7.369000000000000000e+03
7.495000000000000000e+03
7.342000000000000000e+03
8.327000000000000000e+03
7.356000000000000000e+03
7.430000000000000000e+03
7.628000000000000000e+03
7.656000000000000000e+03
7.748000000000000000e+03
7.185000000000000000e+03
7.526000000000000000e+03
7.358000000000000000e+03
7.321000000000000000e+03
8.255000000000000000e+03
7.368000000000000000e+03
7.330000000000000000e+03
8.027000000000000000e+03
7.342000000000000000e+03
7.326000000000000000e+03
7.771000000000000000e+03
7.516000000000000000e+03
7.340000000000000000e+03
8.921000000000000000e+03
8.180000000000000000e+03
7.297000000000000000e+03
7.934000000000000000e+03
8.346000000000000000e+03
8.108000000000000000e+03
7.374000000000000000e+03
7.516000000000000000e+03
7.101000000000000000e+03
7.466000000000000000e+03
7.367000000000000000e+03
7.401000000000000000e+03
7.684000000000000000e+03
7.349000000000000000e+03
7.437000000000000000e+03
8.489000000000000000e+03
8.237000000000000000e+03
8.269000000000000000e+03
7.397000000000000000e+03
7.354000000000000000e+03
7.485000000000000000e+03
8.133000000000000000e+03
7.351000000000000000e+03
7.216000000000000000e+03
8.048000000000000000e+03
7.339000000000000000e+03
7.002000000000000000e+03
7.280000000000000000e+03
7.702000000000000000e+03
8.110000000000000000e+03
8.539000000000000000e+03
7.308000000000000000e+03
7.335000000000000000e+03
7.282000000000000000e+03
7.127000000000000000e+03
7.468000000000000000e+03
7.742000000000000000e+03
7.332000000000000000e+03
8.429000000000000000e+03
7.330000000000000000e+03
7.482000000000000000e+03
7.349000000000000000e+03
7.284000000000000000e+03
7.380000000000000000e+03
7.760000000000000000e+03
7.439000000000000000e+03
7.360000000000000000e+03
7.419000000000000000e+03
7.224000000000000000e+03
7.662000000000000000e+03
7.369000000000000000e+03
7.856000000000000000e+03
7.444000000000000000e+03
7.653000000000000000e+03
7.526000000000000000e+03
7.379000000000000000e+03
7.321000000000000000e+03
7.345000000000000000e+03
8.109000000000000000e+03
7.811000000000000000e+03
7.323000000000000000e+03
7.929000000000000000e+03
9.125000000000000000e+03
7.846000000000000000e+03
8.042000000000000000e+03
8.171000000000000000e+03
8.343000000000000000e+03
7.173000000000000000e+03
7.879000000000000000e+03
7.337000000000000000e+03
8.208000000000000000e+03
7.879000000000000000e+03
7.813000000000000000e+03
8.192000000000000000e+03
7.833000000000000000e+03
8.790000000000000000e+03
7.743000000000000000e+03
8.655000000000000000e+03
7.382000000000000000e+03
7.301000000000000000e+03
7.721000000000000000e+03
7.360000000000000000e+03
7.443000000000000000e+03
7.867000000000000000e+03
7.302000000000000000e+03
7.432000000000000000e+03
7.730000000000000000e+03
8.029000000000000000e+03
8.130000000000000000e+03
7.732000000000000000e+03
7.438000000000000000e+03
7.587000000000000000e+03
7.308000000000000000e+03
8.528000000000000000e+03
8.634000000000000000e+03
7.840000000000000000e+03
7.877000000000000000e+03
7.547000000000000000e+03
7.950000000000000000e+03
7.398000000000000000e+03
7.857000000000000000e+03
7.794000000000000000e+03
7.890000000000000000e+03
7.529000000000000000e+03
7.437000000000000000e+03
7.215000000000000000e+03
8.402000000000000000e+03
7.403000000000000000e+03
8.447000000000000000e+03
7.772000000000000000e+03
7.566000000000000000e+03
7.285000000000000000e+03
7.931000000000000000e+03
7.432000000000000000e+03
7.297000000000000000e+03
7.481000000000000000e+03
7.792000000000000000e+03
8.272000000000000000e+03
7.309000000000000000e+03
8.591000000000000000e+03
7.489000000000000000e+03
7.559000000000000000e+03
7.871000000000000000e+03
8.856000000000000000e+03
7.793000000000000000e+03
8.282000000000000000e+03
7.315000000000000000e+03
7.265000000000000000e+03
7.335000000000000000e+03
7.390000000000000000e+03
8.017000000000000000e+03
7.614000000000000000e+03
8.051000000000000000e+03
7.397000000000000000e+03
7.544000000000000000e+03
8.669000000000000000e+03
7.359000000000000000e+03
7.602000000000000000e+03
7.339000000000000000e+03
7.313000000000000000e+03
7.447000000000000000e+03
7.274000000000000000e+03
8.422000000000000000e+03
7.977000000000000000e+03
8.693000000000000000e+03
8.328000000000000000e+03
7.541000000000000000e+03
7.453000000000000000e+03
8.709000000000000000e+03
8.701000000000000000e+03
7.816000000000000000e+03
7.287000000000000000e+03
7.467000000000000000e+03
7.290000000000000000e+03
7.339000000000000000e+03
7.405000000000000000e+03
8.120000000000000000e+03
8.242000000000000000e+03
8.347000000000000000e+03
9.038000000000000000e+03
7.659000000000000000e+03
7.740000000000000000e+03
7.700000000000000000e+03
7.371000000000000000e+03
7.330000000000000000e+03
7.286000000000000000e+03
7.493000000000000000e+03
7.212000000000000000e+03
8.103000000000000000e+03
7.871000000000000000e+03
7.131000000000000000e+03
7.630000000000000000e+03
7.324000000000000000e+03
7.223000000000000000e+03
7.472000000000000000e+03
7.459000000000000000e+03
7.302000000000000000e+03
7.384000000000000000e+03
7.499000000000000000e+03
7.330000000000000000e+03
7.213000000000000000e+03
8.481000000000000000e+03
8.000000000000000000e+03
8.539000000000000000e+03
7.850000000000000000e+03
7.207000000000000000e+03
7.396000000000000000e+03
7.520000000000000000e+03
7.437000000000000000e+03
7.112000000000000000e+03
7.348000000000000000e+03
8.203000000000000000e+03
7.395000000000000000e+03
7.649000000000000000e+03
7.914000000000000000e+03
8.345000000000000000e+03
7.355000000000000000e+03
7.175000000000000000e+03
7.365000000000000000e+03
7.456000000000000000e+03
7.729000000000000000e+03
7.903000000000000000e+03
7.743000000000000000e+03
7.422000000000000000e+03
7.070000000000000000e+03
8.210000000000000000e+03
7.416000000000000000e+03
7.979000000000000000e+03
7.951000000000000000e+03
7.343000000000000000e+03
8.395000000000000000e+03
8.744000000000000000e+03
7.413000000000000000e+03
7.340000000000000000e+03
7.552000000000000000e+03
7.220000000000000000e+03
7.278000000000000000e+03
7.361000000000000000e+03
9.200000000000000000e+03
7.398000000000000000e+03
7.777000000000000000e+03
7.467000000000000000e+03
7.960000000000000000e+03
7.677000000000000000e+03
8.017000000000000000e+03
7.312000000000000000e+03
7.567000000000000000e+03
7.997000000000000000e+03
7.261000000000000000e+03
7.267000000000000000e+03
8.268000000000000000e+03
7.470000000000000000e+03
8.382000000000000000e+03
8.515000000000000000e+03
7.779000000000000000e+03
8.440000000000000000e+03
7.163000000000000000e+03
7.493000000000000000e+03
7.747000000000000000e+03
7.798000000000000000e+03
7.596000000000000000e+03
7.754000000000000000e+03
7.956000000000000000e+03
8.907000000000000000e+03
7.269000000000000000e+03
8.001000000000000000e+03
8.129000000000000000e+03
7.232000000000000000e+03
7.261000000000000000e+03
7.354000000000000000e+03
7.333000000000000000e+03
7.334000000000000000e+03
7.404000000000000000e+03
7.476000000000000000e+03
7.331000000000000000e+03
7.372000000000000000e+03
8.236000000000000000e+03
7.922000000000000000e+03
7.326000000000000000e+03
7.252000000000000000e+03
7.431000000000000000e+03
7.338000000000000000e+03
7.334000000000000000e+03
8.636000000000000000e+03
7.763000000000000000e+03
8.059000000000000000e+03
7.820000000000000000e+03
7.504000000000000000e+03
7.505000000000000000e+03
7.287000000000000000e+03
7.369000000000000000e+03
8.254000000000000000e+03
7.129000000000000000e+03
7.379000000000000000e+03
7.488000000000000000e+03
8.433000000000000000e+03
7.394000000000000000e+03
7.979000000000000000e+03
7.358000000000000000e+03
7.331000000000000000e+03
7.260000000000000000e+03
8.467000000000000000e+03
7.631000000000000000e+03
7.394000000000000000e+03
7.358000000000000000e+03
8.688000000000000000e+03
8.717000000000000000e+03
8.980000000000000000e+03
8.406000000000000000e+03
7.889000000000000000e+03
8.736000000000000000e+03
7.597000000000000000e+03
7.393000000000000000e+03
7.579000000000000000e+03
8.887000000000000000e+03
7.248000000000000000e+03
7.284000000000000000e+03
7.336000000000000000e+03
7.337000000000000000e+03
7.589000000000000000e+03
7.275000000000000000e+03
7.491000000000000000e+03
7.452000000000000000e+03
7.480000000000000000e+03
7.657000000000000000e+03
8.420000000000000000e+03
7.649000000000000000e+03
8.771000000000000000e+03
7.091000000000000000e+03
7.360000000000000000e+03
8.079000000000000000e+03
7.270000000000000000e+03
7.293000000000000000e+03
7.379000000000000000e+03
7.692000000000000000e+03
7.478000000000000000e+03
8.443000000000000000e+03
7.384000000000000000e+03
7.568000000000000000e+03
7.933000000000000000e+03
8.720000000000000000e+03
7.222000000000000000e+03
7.325000000000000000e+03
8.354000000000000000e+03
8.207000000000000000e+03
7.683000000000000000e+03
7.876000000000000000e+03
7.201000000000000000e+03
7.825000000000000000e+03
8.076000000000000000e+03
7.275000000000000000e+03
7.395000000000000000e+03
7.717000000000000000e+03
7.827000000000000000e+03
7.342000000000000000e+03
7.425000000000000000e+03
7.547000000000000000e+03
7.276000000000000000e+03
7.408000000000000000e+03
7.386000000000000000e+03
8.542000000000000000e+03
7.919000000000000000e+03
7.628000000000000000e+03
7.347000000000000000e+03
7.260000000000000000e+03
7.604000000000000000e+03
7.483000000000000000e+03
9.175000000000000000e+03
7.416000000000000000e+03
7.262000000000000000e+03
7.392000000000000000e+03
7.538000000000000000e+03
8.753000000000000000e+03
7.565000000000000000e+03
7.253000000000000000e+03
7.533000000000000000e+03
8.002000000000000000e+03
7.280000000000000000e+03
7.855000000000000000e+03
7.113000000000000000e+03
8.072000000000000000e+03
7.808000000000000000e+03
7.218000000000000000e+03
7.503000000000000000e+03
7.382000000000000000e+03
7.428000000000000000e+03
7.756000000000000000e+03
7.232000000000000000e+03
7.524000000000000000e+03
7.392000000000000000e+03
8.282000000000000000e+03
8.264000000000000000e+03
8.238000000000000000e+03
7.209000000000000000e+03
7.348000000000000000e+03
7.652000000000000000e+03
7.852000000000000000e+03
7.324000000000000000e+03
8.007000000000000000e+03
7.644000000000000000e+03
7.953000000000000000e+03
7.366000000000000000e+03
7.522000000000000000e+03
7.865000000000000000e+03
7.493000000000000000e+03
7.358000000000000000e+03
7.346000000000000000e+03
7.305000000000000000e+03
7.293000000000000000e+03
8.828000000000000000e+03
7.325000000000000000e+03
7.498000000000000000e+03
7.824000000000000000e+03
7.549000000000000000e+03
7.332000000000000000e+03
7.367000000000000000e+03
7.971000000000000000e+03
7.317000000000000000e+03
8.161000000000000000e+03
8.251000000000000000e+03
9.043000000000000000e+03
7.356000000000000000e+03
7.587000000000000000e+03
7.320000000000000000e+03
7.955000000000000000e+03
7.340000000000000000e+03
7.435000000000000000e+03
7.100000000000000000e+03
7.480000000000000000e+03
7.149000000000000000e+03
8.198000000000000000e+03
9.029000000000000000e+03
8.862000000000000000e+03
7.920000000000000000e+03
8.064000000000000000e+03
7.155000000000000000e+03
7.411000000000000000e+03
7.405000000000000000e+03
8.044000000000000000e+03
7.303000000000000000e+03
7.381000000000000000e+03
7.624000000000000000e+03
7.184000000000000000e+03
8.245000000000000000e+03
8.081000000000000000e+03
7.528000000000000000e+03
7.042000000000000000e+03
7.615000000000000000e+03
7.353000000000000000e+03
7.204000000000000000e+03
9.567000000000000000e+03
8.199000000000000000e+03
7.304000000000000000e+03
8.405000000000000000e+03
7.572000000000000000e+03
7.465000000000000000e+03
7.313000000000000000e+03
7.899000000000000000e+03
7.649000000000000000e+03
7.201000000000000000e+03
8.272000000000000000e+03
7.348000000000000000e+03
7.313000000000000000e+03
8.553000000000000000e+03
7.301000000000000000e+03
7.361000000000000000e+03
7.376000000000000000e+03
8.479000000000000000e+03
8.128000000000000000e+03
8.281000000000000000e+03
7.891000000000000000e+03
7.345000000000000000e+03
7.852000000000000000e+03
8.591000000000000000e+03
7.390000000000000000e+03
7.143000000000000000e+03
8.135000000000000000e+03
7.667000000000000000e+03
9.172000000000000000e+03
8.183000000000000000e+03
7.408000000000000000e+03
7.564000000000000000e+03
7.464000000000000000e+03
7.178000000000000000e+03
7.202000000000000000e+03
7.294000000000000000e+03
7.321000000000000000e+03
7.359000000000000000e+03
7.352000000000000000e+03
7.161000000000000000e+03
8.238000000000000000e+03
7.171000000000000000e+03
7.115000000000000000e+03
7.365000000000000000e+03
7.440000000000000000e+03
7.498000000000000000e+03
7.419000000000000000e+03
7.373000000000000000e+03
7.485000000000000000e+03
7.240000000000000000e+03
8.052000000000000000e+03
7.347000000000000000e+03
7.809000000000000000e+03
7.388000000000000000e+03
7.304000000000000000e+03
7.389000000000000000e+03
7.394000000000000000e+03
8.443000000000000000e+03
7.375000000000000000e+03
7.453000000000000000e+03
8.003000000000000000e+03
7.786000000000000000e+03
7.690000000000000000e+03
7.416000000000000000e+03
8.280000000000000000e+03
8.485000000000000000e+03
8.707000000000000000e+03
8.061000000000000000e+03
7.833000000000000000e+03
7.711000000000000000e+03
7.349000000000000000e+03
7.845000000000000000e+03
7.398000000000000000e+03
7.591000000000000000e+03
7.876000000000000000e+03
8.305000000000000000e+03
7.403000000000000000e+03
8.205000000000000000e+03
7.376000000000000000e+03
8.465000000000000000e+03
7.413000000000000000e+03
7.310000000000000000e+03
7.322000000000000000e+03
7.998000000000000000e+03
8.442000000000000000e+03
7.298000000000000000e+03
7.448000000000000000e+03
7.387000000000000000e+03
7.832000000000000000e+03
8.679000000000000000e+03
7.728000000000000000e+03
8.101000000000000000e+03
7.284000000000000000e+03
7.274000000000000000e+03
9.008000000000000000e+03
8.392000000000000000e+03
8.968000000000000000e+03
7.200000000000000000e+03
7.297000000000000000e+03
7.262000000000000000e+03
8.408000000000000000e+03
9.088000000000000000e+03
7.420000000000000000e+03
7.715000000000000000e+03
7.388000000000000000e+03
7.253000000000000000e+03
7.489000000000000000e+03
7.845000000000000000e+03
7.483000000000000000e+03
7.273000000000000000e+03
8.052000000000000000e+03
7.890000000000000000e+03
7.964000000000000000e+03
8.411000000000000000e+03
7.973000000000000000e+03
7.381000000000000000e+03
7.789000000000000000e+03
7.442000000000000000e+03
7.425000000000000000e+03
8.018000000000000000e+03
9.016000000000000000e+03
7.423000000000000000e+03
7.341000000000000000e+03
7.731000000000000000e+03
7.727000000000000000e+03
7.357000000000000000e+03
7.273000000000000000e+03
8.095000000000000000e+03
7.431000000000000000e+03
7.348000000000000000e+03
8.072000000000000000e+03
7.267000000000000000e+03
7.316000000000000000e+03
8.299000000000000000e+03
8.355000000000000000e+03
7.885000000000000000e+03
9.440000000000000000e+03
7.803000000000000000e+03
8.857000000000000000e+03
7.294000000000000000e+03
7.197000000000000000e+03
7.218000000000000000e+03
7.326000000000000000e+03
7.371000000000000000e+03
7.456000000000000000e+03
7.179000000000000000e+03
7.421000000000000000e+03
7.453000000000000000e+03
7.650000000000000000e+03
7.466000000000000000e+03
8.603000000000000000e+03
7.208000000000000000e+03
7.302000000000000000e+03
7.272000000000000000e+03
7.528000000000000000e+03
7.842000000000000000e+03
8.130000000000000000e+03
7.436000000000000000e+03
7.825000000000000000e+03
7.520000000000000000e+03
7.340000000000000000e+03
7.368000000000000000e+03
7.256000000000000000e+03
7.348000000000000000e+03
7.606000000000000000e+03
7.775000000000000000e+03
7.218000000000000000e+03
8.471000000000000000e+03
7.635000000000000000e+03
7.214000000000000000e+03
8.208000000000000000e+03
7.254000000000000000e+03
7.440000000000000000e+03
8.313000000000000000e+03
7.308000000000000000e+03
7.733000000000000000e+03
8.427000000000000000e+03
7.375000000000000000e+03
8.426000000000000000e+03
7.506000000000000000e+03
7.361000000000000000e+03
7.266000000000000000e+03
7.290000000000000000e+03
8.212000000000000000e+03
8.184000000000000000e+03
7.389000000000000000e+03
7.375000000000000000e+03
7.355000000000000000e+03
7.558000000000000000e+03
7.433000000000000000e+03
7.555000000000000000e+03
9.388000000000000000e+03
7.448000000000000000e+03
7.482000000000000000e+03
8.145000000000000000e+03
8.108000000000000000e+03
7.480000000000000000e+03
7.427000000000000000e+03
7.372000000000000000e+03
7.331000000000000000e+03
7.768000000000000000e+03
7.366000000000000000e+03
7.888000000000000000e+03
7.453000000000000000e+03
7.671000000000000000e+03
7.397000000000000000e+03
8.131000000000000000e+03
7.254000000000000000e+03
6.835000000000000000e+03
7.441000000000000000e+03
7.376000000000000000e+03
7.253000000000000000e+03
7.865000000000000000e+03
7.441000000000000000e+03
7.396000000000000000e+03
8.044000000000000000e+03
8.232000000000000000e+03
8.505000000000000000e+03
7.794000000000000000e+03
8.335000000000000000e+03
7.966000000000000000e+03
7.144000000000000000e+03
7.351000000000000000e+03
7.763000000000000000e+03
7.353000000000000000e+03
7.212000000000000000e+03
7.346000000000000000e+03
7.749000000000000000e+03
8.423000000000000000e+03
7.430000000000000000e+03
7.442000000000000000e+03
7.638000000000000000e+03
7.329000000000000000e+03
7.384000000000000000e+03
7.277000000000000000e+03
7.272000000000000000e+03
7.182000000000000000e+03
7.829000000000000000e+03
7.597000000000000000e+03
7.534000000000000000e+03
7.338000000000000000e+03
7.362000000000000000e+03
8.100000000000000000e+03
7.662000000000000000e+03
7.254000000000000000e+03
7.664000000000000000e+03
7.741000000000000000e+03
7.416000000000000000e+03
7.335000000000000000e+03
7.526000000000000000e+03
7.446000000000000000e+03
7.813000000000000000e+03
8.100000000000000000e+03
8.168000000000000000e+03
7.271000000000000000e+03
7.324000000000000000e+03
8.628000000000000000e+03
7.758000000000000000e+03
7.672000000000000000e+03
7.791000000000000000e+03
7.443000000000000000e+03
8.493000000000000000e+03
7.580000000000000000e+03
7.309000000000000000e+03
8.194000000000000000e+03
7.843000000000000000e+03
7.358000000000000000e+03
9.343000000000000000e+03
7.983000000000000000e+03
7.541000000000000000e+03
7.422000000000000000e+03
7.710000000000000000e+03
7.239000000000000000e+03
7.411000000000000000e+03
7.335000000000000000e+03
8.910000000000000000e+03
8.171000000000000000e+03
7.183000000000000000e+03
7.551000000000000000e+03
7.295000000000000000e+03
7.529000000000000000e+03
7.319000000000000000e+03
7.280000000000000000e+03
7.824000000000000000e+03
7.290000000000000000e+03
7.674000000000000000e+03
7.209000000000000000e+03
7.391000000000000000e+03
7.631000000000000000e+03
8.662000000000000000e+03
7.129000000000000000e+03
8.123000000000000000e+03
7.161000000000000000e+03
7.582000000000000000e+03
7.362000000000000000e+03
7.291000000000000000e+03
9.005000000000000000e+03
8.362000000000000000e+03
9.301000000000000000e+03
8.242000000000000000e+03
7.841000000000000000e+03
7.556000000000000000e+03
7.645000000000000000e+03
7.321000000000000000e+03
8.089000000000000000e+03
7.292000000000000000e+03
7.668000000000000000e+03
9.085000000000000000e+03
7.228000000000000000e+03
7.759000000000000000e+03
8.348000000000000000e+03
7.356000000000000000e+03
7.302000000000000000e+03
7.392000000000000000e+03
7.397000000000000000e+03
7.254000000000000000e+03
7.255000000000000000e+03
7.676000000000000000e+03
8.164000000000000000e+03
7.151000000000000000e+03
8.581000000000000000e+03
7.975000000000000000e+03
7.346000000000000000e+03
7.499000000000000000e+03
7.358000000000000000e+03
7.341000000000000000e+03
7.515000000000000000e+03
7.407000000000000000e+03
7.089000000000000000e+03
7.281000000000000000e+03
7.881000000000000000e+03
7.734000000000000000e+03
7.891000000000000000e+03
8.259000000000000000e+03
7.249000000000000000e+03
7.436000000000000000e+03
7.415000000000000000e+03
7.521000000000000000e+03
7.797000000000000000e+03
7.342000000000000000e+03
7.988000000000000000e+03
7.430000000000000000e+03
7.203000000000000000e+03
7.524000000000000000e+03
9.161000000000000000e+03
8.485000000000000000e+03
7.091000000000000000e+03
8.666000000000000000e+03
7.299000000000000000e+03
7.515000000000000000e+03
7.257000000000000000e+03
7.582000000000000000e+03
7.443000000000000000e+03
6.939000000000000000e+03
7.872000000000000000e+03
7.423000000000000000e+03
7.247000000000000000e+03
7.697000000000000000e+03
7.376000000000000000e+03
7.591000000000000000e+03
7.646000000000000000e+03
7.441000000000000000e+03
7.430000000000000000e+03
8.109000000000000000e+03
7.598000000000000000e+03
7.521000000000000000e+03
8.744000000000000000e+03
8.180000000000000000e+03
8.140000000000000000e+03
7.430000000000000000e+03
7.570000000000000000e+03
7.221000000000000000e+03
7.533000000000000000e+03
7.551000000000000000e+03
7.366000000000000000e+03
7.177000000000000000e+03
7.296000000000000000e+03
7.528000000000000000e+03
7.425000000000000000e+03
7.824000000000000000e+03
8.279000000000000000e+03
7.394000000000000000e+03
7.333000000000000000e+03
7.426000000000000000e+03
7.300000000000000000e+03
7.325000000000000000e+03
7.385000000000000000e+03
7.421000000000000000e+03
7.618000000000000000e+03
7.357000000000000000e+03
7.408000000000000000e+03
8.245000000000000000e+03
8.173000000000000000e+03
8.497000000000000000e+03
8.321000000000000000e+03
7.794000000000000000e+03
7.551000000000000000e+03
7.677000000000000000e+03
7.305000000000000000e+03
7.364000000000000000e+03
7.833000000000000000e+03
7.570000000000000000e+03
7.786000000000000000e+03
7.579000000000000000e+03
7.534000000000000000e+03
9.187000000000000000e+03
7.615000000000000000e+03
7.632000000000000000e+03
7.539000000000000000e+03
7.766000000000000000e+03
7.285000000000000000e+03
7.401000000000000000e+03
7.921000000000000000e+03
7.515000000000000000e+03
7.312000000000000000e+03
7.872000000000000000e+03
7.347000000000000000e+03
7.552000000000000000e+03
7.345000000000000000e+03
7.362000000000000000e+03
8.044000000000000000e+03
7.487000000000000000e+03
7.914000000000000000e+03
7.407000000000000000e+03
8.075000000000000000e+03
8.376000000000000000e+03
7.359000000000000000e+03
8.375000000000000000e+03
7.587000000000000000e+03
7.371000000000000000e+03
7.443000000000000000e+03
8.241000000000000000e+03
8.047000000000000000e+03
7.357000000000000000e+03
9.916000000000000000e+03
7.367000000000000000e+03
7.114000000000000000e+03
8.405000000000000000e+03
8.259000000000000000e+03
8.263000000000000000e+03
8.469000000000000000e+03
8.270000000000000000e+03
8.097000000000000000e+03
7.966000000000000000e+03
7.476000000000000000e+03
7.210000000000000000e+03
7.436000000000000000e+03
7.420000000000000000e+03
7.761000000000000000e+03
7.860000000000000000e+03
7.952000000000000000e+03
8.411000000000000000e+03
7.148000000000000000e+03
7.326000000000000000e+03
7.285000000000000000e+03
7.743000000000000000e+03
7.282000000000000000e+03
7.401000000000000000e+03
8.013000000000000000e+03
7.917000000000000000e+03
9.083000000000000000e+03
8.256000000000000000e+03
7.131000000000000000e+03
7.280000000000000000e+03
8.406000000000000000e+03
7.405000000000000000e+03
7.308000000000000000e+03
7.324000000000000000e+03
7.506000000000000000e+03
7.348000000000000000e+03
7.338000000000000000e+03
8.153000000000000000e+03
8.379000000000000000e+03
7.464000000000000000e+03
7.210000000000000000e+03
7.783000000000000000e+03
7.317000000000000000e+03
7.260000000000000000e+03
7.325000000000000000e+03
7.412000000000000000e+03
6.922000000000000000e+03
7.345000000000000000e+03
7.641000000000000000e+03
7.428000000000000000e+03
7.358000000000000000e+03
7.608000000000000000e+03
7.297000000000000000e+03
7.265000000000000000e+03
7.289000000000000000e+03
8.126000000000000000e+03
7.546000000000000000e+03
7.364000000000000000e+03
8.845000000000000000e+03
7.475000000000000000e+03
7.851000000000000000e+03
8.434000000000000000e+03
8.020000000000000000e+03
7.354000000000000000e+03
7.512000000000000000e+03
8.426000000000000000e+03
7.361000000000000000e+03
7.320000000000000000e+03
7.422000000000000000e+03
7.374000000000000000e+03
7.337000000000000000e+03
7.300000000000000000e+03
7.267000000000000000e+03
7.271000000000000000e+03
8.385000000000000000e+03
7.348000000000000000e+03
8.235000000000000000e+03
7.645000000000000000e+03
7.322000000000000000e+03
7.528000000000000000e+03
7.441000000000000000e+03
7.614000000000000000e+03
7.616000000000000000e+03
7.376000000000000000e+03
8.181000000000000000e+03
7.330000000000000000e+03
7.892000000000000000e+03
7.468000000000000000e+03
7.171000000000000000e+03
7.416000000000000000e+03
7.408000000000000000e+03
8.078000000000000000e+03
7.415000000000000000e+03
7.519000000000000000e+03
8.061000000000000000e+03
7.359000000000000000e+03
8.131000000000000000e+03
8.082000000000000000e+03
7.285000000000000000e+03
8.045000000000000000e+03
7.510000000000000000e+03
8.460000000000000000e+03
8.130000000000000000e+03
8.901000000000000000e+03
7.739000000000000000e+03
7.294000000000000000e+03
7.704000000000000000e+03
8.229000000000000000e+03
7.249000000000000000e+03
7.319000000000000000e+03
7.412000000000000000e+03
7.621000000000000000e+03
7.589000000000000000e+03
8.874000000000000000e+03
7.375000000000000000e+03
7.442000000000000000e+03
8.001000000000000000e+03
7.530000000000000000e+03
7.361000000000000000e+03
7.905000000000000000e+03
7.253000000000000000e+03
7.522000000000000000e+03
7.068000000000000000e+03
7.929000000000000000e+03
7.301000000000000000e+03
7.334000000000000000e+03
7.321000000000000000e+03
7.387000000000000000e+03
8.619000000000000000e+03
8.555000000000000000e+03
7.397000000000000000e+03
8.042000000000000000e+03
8.010000000000000000e+03
8.442000000000000000e+03
8.340000000000000000e+03
7.379000000000000000e+03
7.480000000000000000e+03
8.523000000000000000e+03
7.887000000000000000e+03
7.226000000000000000e+03
7.194000000000000000e+03
7.384000000000000000e+03
7.168000000000000000e+03
7.577000000000000000e+03
7.393000000000000000e+03
8.170000000000000000e+03
7.885000000000000000e+03
7.465000000000000000e+03
8.776000000000000000e+03
8.225000000000000000e+03
7.457000000000000000e+03
7.407000000000000000e+03
7.192000000000000000e+03
7.297000000000000000e+03
7.377000000000000000e+03
7.392000000000000000e+03
7.852000000000000000e+03
7.905000000000000000e+03
7.383000000000000000e+03
7.800000000000000000e+03
7.249000000000000000e+03
7.933000000000000000e+03
7.315000000000000000e+03
7.472000000000000000e+03
7.416000000000000000e+03
7.790000000000000000e+03
7.327000000000000000e+03
8.020000000000000000e+03
7.392000000000000000e+03
7.372000000000000000e+03
7.564000000000000000e+03
7.327000000000000000e+03
8.228000000000000000e+03
8.427000000000000000e+03
7.355000000000000000e+03
7.959000000000000000e+03
7.417000000000000000e+03
7.390000000000000000e+03
7.737000000000000000e+03
8.320000000000000000e+03
7.901000000000000000e+03
7.390000000000000000e+03
8.424000000000000000e+03
7.409000000000000000e+03
7.452000000000000000e+03
7.993000000000000000e+03
8.203000000000000000e+03
7.515000000000000000e+03
7.400000000000000000e+03
7.384000000000000000e+03
7.921000000000000000e+03
8.364000000000000000e+03
8.288000000000000000e+03
7.476000000000000000e+03
8.013000000000000000e+03
7.678000000000000000e+03
8.306000000000000000e+03
7.440000000000000000e+03
7.363000000000000000e+03
7.329000000000000000e+03
7.640000000000000000e+03
7.548000000000000000e+03
8.348000000000000000e+03
7.395000000000000000e+03
7.858000000000000000e+03
7.349000000000000000e+03
8.409000000000000000e+03
8.091000000000000000e+03
7.941000000000000000e+03
7.340000000000000000e+03
8.380000000000000000e+03
7.266000000000000000e+03
7.171000000000000000e+03
7.502000000000000000e+03
7.458000000000000000e+03
7.495000000000000000e+03
7.257000000000000000e+03
7.441000000000000000e+03
7.861000000000000000e+03
7.325000000000000000e+03
7.244000000000000000e+03
7.288000000000000000e+03
7.681000000000000000e+03
8.348000000000000000e+03
7.315000000000000000e+03
7.370000000000000000e+03
8.451000000000000000e+03
7.478000000000000000e+03
7.361000000000000000e+03
8.013000000000000000e+03
7.628000000000000000e+03
7.279000000000000000e+03
7.340000000000000000e+03
