0,453.16729,473.81204
1,1243.95390,539.24869
2,282.67943,561.08446
3,435.88423,436.83303
4,547.55207,420.94530
5,972.74745,453.12966
6,868.61731,430.63774
7,928.66145,493.06766
8,885.51860,445.03691
9,636.19135,333.41648
10,1075.19535,468.94916
11,309.24765,538.40119
12,293.42357,555.08084
13,1187.27451,520.55451
14,961.64058,440.44849
15,917.83588,493.84243
16,1008.11459,487.53043
17,744.81038,356.48139
18,1116.86968,516.91834
19,518.60722,433.80889
20,845.96836,423.34220
21,676.73810,281.95881
22,804.46413,312.91119
23,846.54372,427.85001
24,922.81656,272.91118
25,914.76642,371.31058
26,418.92964,461.98280
27,1222.57373,551.03698
28,548.21076,430.00053
29,971.76964,28.48976
30,334.89139,525.87428
31,1005.26457,439.98230
32,1224.55160,548.23207
33,297.58246,521.92689
34,1014.35020,480.82244
35,1173.88844,517.67004
36,972.95735,29.11682
37,837.56787,371.33376
38,1220.22934,501.63180
39,448.16071,483.02635
40,984.98824,440.94024
41,457.26009,442.46771
42,637.98902,327.87368
43,1049.44201,420.67181
44,297.10787,548.49475
45,888.50603,463.54851
46,824.41454,413.68466
47,1048.53658,447.76803
48,701.01107,403.01973
49,923.85686,467.56747
50,950.37643,482.61079
51,913.75569,425.11136
52,864.01938,456.31445
53,420.46836,470.04206
54,574.32091,423.62881
55,1061.09889,451.81563
56,786.40261,-31.26140
57,950.85622,477.55985
58,1003.54879,492.21134
59,331.71406,533.41020
60,602.11821,214.30713
61,944.94347,404.77321
62,880.33550,421.12457
63,934.38833,490.84800
64,961.62130,363.05921
65,920.80913,393.66969
66,849.47759,437.67054
67,910.67529,435.65811
68,830.74311,353.46621
69,234.43221,552.24686
70,374.58426,485.03468
71,1089.32077,443.74047
72,731.16361,291.01970
73,267.34454,558.56480
74,293.88353,553.21844
75,1241.84887,449.48704
76,1172.41734,502.97793
77,1217.59047,547.09912
78,417.37305,495.89767
79,921.86188,466.95724
80,750.64449,365.68778
81,1039.41403,486.01816
82,854.73928,447.39640
83,979.79674,496.55586
84,576.66321,415.48986
85,359.88887,486.24716
86,251.40451,553.88126
87,341.70710,517.32137
88,915.70076,388.16016
89,682.07847,276.62300
90,1206.99564,519.33474
91,1055.18922,455.20935
92,1121.41585,365.64779
93,194.08332,575.36585
94,914.02698,429.33477
95,493.35969,465.98496
96,866.09050,436.30862
97,1043.80340,361.21854
98,991.69685,112.09664
99,915.24933,493.32140
100,768.23347,383.67137
101,452.08730,431.85326
102,915.06258,376.26831
103,457.92642,424.87139
104,452.02292,426.25209
105,287.83428,556.79430
106,824.40254,440.59350
107,854.78102,441.11048
108,748.89964,414.31317
109,1195.42753,489.22371
110,1201.42931,454.28495
111,811.00074,441.24824
112,1039.81066,496.67511
113,1156.65316,516.99532
114,279.66413,519.57614
115,1278.34532,390.88920
116,1197.61489,456.20157
117,314.98796,515.01383
118,1015.46739,495.66772
119,1011.22139,469.20291
120,782.99408,418.65579
121,226.09929,537.30488
122,366.60649,491.53634
123,713.44921,410.02628
124,304.95201,512.35185
125,918.68617,388.20450
126,688.92101,346.21183
127,456.29345,425.97471
128,268.40287,524.80186
129,996.74722,492.62021
130,1091.78977,501.05098
131,304.89834,550.30944
132,266.21437,567.72362
133,1215.29302,548.46139
134,919.82125,494.29440
135,261.95929,547.54510
136,234.95394,547.29377
137,204.62458,562.95246
138,1118.29682,343.90809
139,977.47077,306.19503
140,329.00695,522.63777
141,669.16989,276.26202
142,1006.26247,475.44349
143,1065.68933,436.66859
144,265.04344,549.68519
145,1119.94976,476.93260
146,945.82284,491.49984
147,214.04491,553.64581
148,990.16322,466.18399
149,296.55555,551.71339
150,697.62223,385.37382
151,632.57213,314.09894
152,1272.73293,430.40400
153,1046.54216,380.91966
154,694.77038,321.46521
155,877.78709,436.91936
156,391.66066,479.93052
157,1050.45121,454.11405
158,939.47619,424.53062
159,776.38817,70.09892
160,255.13103,554.86254
161,918.12925,436.91960
162,291.43761,539.21556
163,802.26649,426.43094
164,583.50158,372.65928
165,903.70536,473.46395
166,244.40132,527.65482
167,1212.49019,526.75161
168,644.07459,288.58786
169,1119.84478,501.56223
170,786.92525,426.46446
171,729.74938,426.53959
172,988.76602,439.02390
173,1036.67344,492.83639
174,880.33141,456.89505
175,943.25656,439.41852
176,1205.81231,509.62641
177,816.00193,441.49686
178,668.20510,336.62946
179,1093.72387,507.07178
180,911.61381,444.33589
181,810.58293,389.65967
182,1264.19176,414.69215
183,249.63518,551.27686
184,1016.30956,478.59264
185,1053.53389,464.46472
186,310.37914,506.21712
187,892.83038,443.89561
188,891.60227,428.96739
189,633.54710,299.13629
190,243.96165,551.83077
191,858.19587,432.95255
192,897.83310,464.42721
193,835.05076,261.79019
194,841.01062,426.54007
195,971.67573,435.75976
196,925.47789,444.68137
197,268.65576,530.36381
198,1036.22081,462.79406
199,462.62011,475.29889
200,1016.35467,486.10897
201,1098.31099,502.25287
202,940.11591,484.06129
203,936.65321,480.78132
204,218.85941,556.67144
205,405.80314,493.18604
206,873.36351,451.29984
207,530.14397,448.84691
208,1209.28988,517.07135
209,382.43006,471.09492
210,1023.12624,427.16945
211,902.05684,463.16615
212,299.93479,553.82779
213,843.38308,435.75774
214,301.14966,525.30325
215,1013.64087,241.37154
216,1237.46036,547.16869
217,926.14729,461.20325
218,659.15885,348.46946
219,847.64458,436.16052
220,688.02604,319.72233
221,214.96044,546.60612
222,1006.53536,463.60049
223,1285.28609,378.97334
224,282.67781,537.18146
225,925.21177,479.50323
226,745.52808,382.76724
227,534.58453,423.01795
228,245.90181,547.61723
229,611.33350,202.14102
230,921.42700,453.82209
231,1215.41557,443.47409
232,785.26883,36.42454
233,979.17777,309.97581
234,409.56321,452.73124
235,800.17982,412.59868
236,1132.75537,295.73473
237,1225.75284,442.79092
238,207.58146,576.98823
239,663.46275,349.47047
240,784.02820,355.98855
241,293.00098,521.46540
242,910.33039,461.64355
243,681.49072,296.88471
244,265.86255,561.24432
245,993.81716,476.34538
246,1004.86297,459.26063
247,922.97817,364.70774
248,271.75177,523.55238
249,782.92303,-13.68968
250,1119.94170,479.84789
251,639.60814,334.38727
252,1075.95968,493.74474
253,1237.63800,527.55802
254,880.54527,467.37204
255,774.07917,417.33252
256,921.15264,486.61900
257,419.52747,491.48997
258,862.33309,436.95687
259,734.06124,296.36888
260,264.14480,551.49368
261,1188.33423,257.17020
262,791.66942,423.27770
263,839.29681,398.91894
264,655.70693,416.11779
265,829.50347,377.44123
266,342.27496,528.60930
267,411.84388,465.65497
268,895.85310,429.03310
269,1177.86891,306.97041
270,432.80165,477.63165
271,837.73364,388.09226
272,1233.11979,516.05498
273,818.78642,399.12594
274,1055.04572,348.01214
275,614.66097,253.07560
276,853.69289,450.47303
277,909.57647,465.60367
278,249.23857,542.59634
279,1001.29424,496.78439
280,1180.93851,455.06396
281,675.97621,261.20103
282,659.21648,404.03381
283,1029.58593,380.89235
284,404.08440,495.51811
285,717.27333,377.15670
286,933.02304,426.57424
287,962.57572,474.84510
288,204.41184,578.43060
289,855.91915,243.72986
290,717.39435,398.35639
291,289.61611,552.73456
292,945.25433,485.89456
293,655.21424,286.49425
294,523.51613,429.07627
295,1055.94204,416.64015
296,256.60553,536.22104
297,1239.26516,295.55688
298,693.36741,295.49817
299,927.14557,454.42073
300,816.91332,445.97172
301,937.61460,351.17486
302,1025.74025,452.25195
303,942.70945,280.72465
304,1200.83244,520.17867
305,660.02556,307.39450
306,670.63386,317.79680
307,308.97879,520.09197
308,847.46417,431.77105
309,864.11694,429.42414
310,707.01417,343.87933
311,912.07773,447.81200
312,750.38992,383.33685
313,366.70712,485.38012
314,800.67935,348.45461
315,976.30771,454.11610
316,214.06962,557.64319
317,612.15273,271.77576
318,674.42829,324.91429
319,923.42623,425.33589
320,432.34841,488.96507
321,1177.89746,514.98937
322,894.84402,468.14642
323,988.15566,74.32308
324,1228.75662,516.66734
325,914.80961,452.23445
326,1224.80505,449.49729
327,1116.91275,501.53712
328,1027.43488,484.42714
329,591.95565,408.83332
330,690.83507,370.19320
331,811.73675,391.41105
332,885.77890,449.18313
333,1010.76459,474.26985
334,293.18790,545.55976
335,875.95045,457.04848
336,422.90333,489.67020
337,916.49798,468.14809
338,447.01879,486.48899
339,912.31520,452.82385
340,377.68067,484.52251
341,920.15462,423.50344
342,437.26200,486.58787
343,1083.31498,501.72524
344,840.65843,325.93188
345,782.06078,421.07652
346,481.58860,453.11829
347,1077.77126,418.89380
348,1008.36512,454.12082
349,821.15951,387.64157
350,1031.25909,464.05933
351,1163.35892,492.53824
352,718.75140,372.70011
353,348.86653,523.35712
354,819.63180,341.43751
355,343.79624,491.13359
356,866.48813,415.27451
357,298.41797,538.68212
358,1069.12729,494.06631
359,451.33964,428.68050
360,301.63501,544.94850
361,1004.79527,495.53036
362,647.34013,333.58328
363,307.38491,544.49866
364,747.69424,307.90564
365,756.41611,409.77550
366,264.30511,569.22527
367,941.31400,348.31029
368,992.58715,301.68330
369,433.80199,487.89747
370,538.77659,426.64542
371,1072.18520,455.12019
372,249.50146,559.56510
373,433.61837,484.60980
374,384.38796,508.43937
375,1087.93123,484.01105
376,755.28898,418.10302
377,483.10095,461.35405
378,1041.12975,501.33786
379,983.16308,56.34618
380,812.58796,414.29861
381,643.66721,292.23317
382,921.31846,447.74193
383,284.70643,559.04693
384,270.11176,545.39527
385,313.40770,545.74158
386,345.79809,507.64505
387,903.41540,469.52785
388,440.30198,434.89161
389,1122.02110,522.91065
390,1215.76476,474.25756
391,934.93034,449.45013
392,291.07759,555.73714
393,995.61390,108.71797
394,518.55275,451.42498
395,883.05312,430.62126
396,973.13339,30.78145
397,779.17975,397.15268
398,866.78612,420.99261
399,285.36299,555.62322
400,1002.16093,467.41027
401,1104.38768,494.52872
402,929.39126,399.33576
403,910.67962,477.52298
404,979.72046,467.03280
405,407.11264,457.27413
406,1032.33355,444.27320
407,772.69953,324.08759
408,401.60282,486.40276
409,450.54692,474.59955
410,638.40522,308.74001
411,1281.61558,434.34733
412,897.42017,472.94483
413,1285.76488,435.91022
414,1043.72105,416.31976
415,251.03934,543.59454
416,487.22616,443.36687
417,957.95327,476.50325
418,870.61703,427.07094
419,802.75999,346.43969
420,895.04474,476.09274
421,801.29224,-79.32148
422,1239.39396,523.34411
423,987.78192,482.23139
424,261.08271,569.45997
425,979.82239,457.50647
426,1068.90900,432.08194
427,1003.75773,487.75969
428,275.12138,561.25955
429,824.57855,388.64685
430,967.89065,494.34472
431,1009.98304,455.87497
432,465.96220,418.68011
433,906.83741,450.26481
434,804.45512,442.01838
435,937.97047,455.12893
436,782.04756,341.13701
437,684.58483,309.15715
438,1084.98111,502.67267
439,702.90459,343.83015
440,1089.76250,508.90929
441,1226.84646,550.57272
442,742.25033,233.64731
443,922.48034,413.57097
444,917.76194,477.70631
445,273.00965,557.18828
446,297.90787,554.02145
447,978.78195,410.43840
448,897.86546,438.38926
449,535.61721,433.95194
450,1239.00638,533.88480
451,223.92333,552.67801
452,1048.65034,502.48361
453,670.42839,297.02685
454,981.20459,439.25669
455,596.33367,292.40229
456,456.65056,423.63630
457,1141.21780,525.43625
458,276.12462,557.83685
459,888.17514,461.62518
460,853.73614,446.44915
461,1087.96323,495.37630
462,778.18813,414.50891
463,1098.53466,499.81653
464,822.50961,419.89166
465,1226.18769,542.93877
466,866.55831,447.91587
467,458.89077,470.97063
468,884.33455,460.00277
469,891.65612,412.95820
470,606.77920,418.25440
471,1066.56733,428.91265
472,585.25684,397.90581
473,872.29507,438.26919
474,654.91658,338.57971
475,921.21557,477.57217
476,731.24532,336.25702
477,997.22345,453.36593
478,1234.34744,530.84257
479,872.59731,435.47089
480,262.30767,559.81007
481,1019.48011,470.50681
482,329.41360,524.08998
483,679.98898,284.76745
484,851.52441,445.08008
485,259.40442,550.72329
486,1027.31947,457.24900
487,321.94433,504.71286
488,315.84842,506.85946
489,912.47262,430.71288
490,1233.10716,415.22571
491,384.98365,468.96808
492,277.25071,555.97032
493,681.71951,237.58594
494,867.85707,445.12049
495,660.06403,418.73982
496,1105.90618,490.94088
497,902.68875,478.43358
498,829.60072,383.54329
499,961.15854,494.18780
500,249.47672,548.45150
501,728.33155,397.41763
502,1240.61185,413.78415
503,827.45876,450.01012
504,263.41406,557.34569
505,543.33264,421.90002
506,1099.29792,472.56464
507,1118.18452,493.27905
508,1116.97424,458.41082
509,1014.69306,476.31572
510,890.69317,434.71853
511,645.01477,321.16868
512,269.07533,556.89853
513,785.72102,-29.31906
514,1118.56993,481.30388
515,904.04144,432.60739
516,1091.08278,499.21443
517,931.62082,456.92146
518,880.31509,472.54739
519,221.13989,541.31910
520,647.34377,313.00379
521,823.24401,431.08779
522,937.89942,460.81377
523,277.78555,559.48932
524,422.42772,490.81871
525,820.96646,335.79365
526,631.51098,277.33099
527,924.29858,342.97833
528,313.32263,507.45769
529,245.68745,542.63873
530,667.73234,312.33802
531,937.63380,479.05168
532,1008.71991,441.90174
533,819.25248,366.11719
534,278.14559,561.92980
535,976.76109,445.81923
536,1027.40411,338.85961
537,880.81106,438.72434
538,1004.38009,461.66964
539,290.14985,527.32170
540,640.50324,316.50426
541,373.03065,515.34534
542,869.14412,379.88265
543,1044.83241,497.96488
544,457.94220,476.25902
545,805.05701,425.68620
546,629.81093,423.14106
547,317.94013,509.61251
548,395.28382,505.86149
549,1086.74425,494.18470
550,1214.47627,522.24691
551,290.70436,549.37860
552,322.33975,495.18401
553,915.21111,367.65196
554,963.90586,351.36933
555,1041.59787,429.58025
556,869.35024,436.91883
557,1023.37337,450.20006
558,890.13150,462.83186
559,1010.09982,467.79919
560,273.73362,559.80748
561,331.78072,529.21976
562,902.56672,431.75825
563,595.84633,389.93214
564,1117.25812,470.43764
565,702.26844,294.84016
566,266.15842,563.08111
567,415.86040,488.39560
568,1208.39865,537.81300
569,892.20980,417.88430
570,917.85454,413.15893
571,926.76346,469.65773
572,1059.35507,498.85505
573,945.24859,281.41298
574,627.79795,307.84480
575,1242.89516,541.12670
576,967.64312,497.17701
577,1124.35663,491.78604
578,312.43072,511.63039
579,764.96445,413.04010
580,768.74895,415.50646
581,897.23992,416.65397
582,922.14030,481.03656
583,851.07734,392.68760
584,469.72060,475.47451
585,1227.27185,518.17142
586,434.85646,480.80981
587,1150.20452,499.09817
588,1228.94013,424.94107
589,933.05392,436.45379
590,882.48083,423.56784
591,839.45966,403.61046
592,1008.47947,459.15522
593,1089.45028,467.16174
594,798.34199,329.39388
595,728.46713,401.52486
596,504.88971,411.78017
597,1016.84108,442.16732
598,649.09322,302.29272
599,1214.49623,519.38723
600,305.01304,542.54716
601,851.19605,425.99069
602,739.22994,358.26130
603,1001.31185,454.68144
604,889.56615,453.62980
605,891.95040,457.38926
606,368.71699,491.96861
607,919.18775,431.77572
608,1092.35850,495.25386
609,848.16880,434.89463
610,1020.77778,463.13401
611,993.08991,434.16827
612,475.25036,421.90538
613,918.18666,362.26886
614,663.93184,222.55070
615,984.20429,460.95058
616,988.59157,445.18753
617,1050.33372,471.32783
618,1063.60265,461.85607
619,557.52374,403.84479
620,925.74138,451.48675
621,1027.28663,445.64396
622,1042.58074,485.98846
623,460.81301,475.67400
624,210.65060,555.30828
625,275.00464,521.95279
626,375.97087,489.47835
627,776.50969,377.59033
628,1108.69689,456.69468
629,935.57081,454.96044
630,925.86343,439.69709
631,855.85383,451.00166
632,939.65190,481.45617
633,1098.21665,473.84452
634,795.05152,423.58165
635,934.54883,464.03200
636,676.32925,322.43801
637,1015.12431,456.21910
638,284.97866,561.39855
639,913.20244,464.71868
640,861.10568,384.42227
641,1017.89754,436.10790
642,864.47390,446.22593
643,334.22055,505.82528
644,724.26304,293.58258
645,1109.28506,519.55528
646,1001.68225,131.38049
647,726.86297,341.01217
648,814.26308,425.31803
649,813.64140,443.74547
650,949.24250,471.02616
651,1179.71246,528.16419
652,931.66688,454.39308
653,682.68153,410.50844
654,870.00459,433.52571
655,917.63344,423.73341
656,1061.61781,492.68124
657,1074.31715,227.04940
658,927.90779,390.54146
659,918.78121,458.38266
660,1205.71029,521.44875
661,549.74438,435.31370
662,397.62926,461.89950
663,970.67434,480.64737
664,846.49205,444.87254
665,1222.35327,513.28394
666,1058.70669,494.83143
667,638.34507,331.44009
668,1219.63332,287.29791
669,810.00216,404.93071
670,292.74054,551.27003
671,1202.98149,464.02770
672,1101.05414,499.91573
673,835.22054,423.67415
674,902.79257,481.95579
675,1242.57612,537.99297
676,1063.26045,506.88926
677,828.40153,334.77915
678,1104.93867,517.34039
679,452.53807,470.52261
680,874.28547,425.05986
681,397.08924,501.33098
682,915.22518,467.13299
683,753.19584,413.96262
684,275.55306,542.49624
685,891.61668,360.54507
686,1001.09495,499.40769
687,669.08062,274.47764
688,1192.15272,538.43891
689,1040.76790,447.94458
690,437.76030,431.50256
691,1024.29421,397.21106
692,842.52471,409.28953
693,938.81011,477.05048
694,1262.80124,397.15237
695,368.88588,480.11774
696,308.98807,541.82607
697,634.31753,284.39852
698,861.11981,431.13111
699,471.99807,475.91362
700,321.75077,501.92292
701,1016.41488,441.00154
702,962.29189,311.53301
703,1092.45979,465.40733
704,668.60254,409.63180
705,299.01422,552.32565
706,217.26495,559.76831
707,914.19152,445.33640
708,1109.95424,473.38504
709,866.04571,456.39456
710,802.12056,-76.33320
711,803.89442,350.21835
712,1220.92042,442.77582
713,626.83461,287.09772
714,891.56647,452.23141
715,941.20096,482.29084
716,809.13787,412.37884
717,937.99823,486.53811
718,931.19611,477.59204
719,1109.27144,489.98931
720,984.64537,453.73827
721,1029.82824,411.94765
722,279.12944,547.10816
723,239.90881,555.67173
724,721.00396,377.78368
725,523.26774,435.92989
726,648.03721,299.73407
727,658.18955,336.22345
728,1006.54120,464.58303
729,1080.86255,502.00011
730,727.27860,409.07981
731,253.67821,535.73763
732,950.45755,494.23092
733,920.78604,471.72492
734,922.35148,430.29181
735,827.75640,368.39352
736,518.52390,445.92080
737,851.00579,433.55770
738,950.85426,466.51166
739,1075.76380,502.91229
740,278.23053,549.64907
741,700.07054,298.41196
742,454.60834,479.77343
743,1001.99417,407.75227
744,603.93888,404.04768
745,1044.40715,441.04632
746,884.84887,425.45585
747,900.15545,475.69704
748,533.13085,435.45604
749,1028.87815,398.82655
750,438.97817,435.38767
751,1012.16975,469.56981
752,478.29199,473.63336
753,980.29950,48.92066
754,1282.14213,435.09655
755,501.38464,458.78292
756,1063.84133,423.10495
757,1238.18088,499.08432
758,905.69752,455.28098
759,255.22654,544.44057
760,272.94159,549.16413
761,921.20873,450.76025
762,848.39064,440.58529
763,815.56789,447.40143
764,1170.77956,503.55518
765,660.48373,328.68572
766,1057.23988,440.07230
767,903.73955,461.76824
768,1000.68496,461.08838
769,950.34703,491.44632
770,1022.67733,458.10517
771,253.22118,550.51466
772,257.23786,544.46992
773,960.19578,460.25450
774,887.28687,432.01149
775,953.91775,479.59607
776,642.84765,333.81474
777,1025.05847,469.51419
778,377.97082,486.20935
779,875.69787,461.94138
780,621.84463,202.91753
781,1223.21335,539.01012
782,724.52087,281.70046
783,1019.75723,460.04976
784,661.99581,267.38501
785,203.31135,577.43759
786,987.87242,484.26135
787,257.10317,567.82503
788,733.81750,397.58722
789,818.81462,433.84368
790,801.51745,430.15178
791,280.99456,552.23528
792,1216.52671,526.18551
793,266.58621,539.87486
794,936.27148,456.83607
795,1011.75495,455.92930
796,883.39979,470.68472
797,824.07944,359.62039
798,995.29751,197.19803
799,196.24449,579.32148
800,1212.33810,476.45915
801,288.82837,522.86566
802,779.15146,410.01859
803,306.19999,549.32983
804,271.60161,535.55924
805,1232.43566,458.94867
806,955.16351,494.50398
807,981.42066,479.58708
808,925.69955,494.29013
809,326.05888,540.68845
810,274.39683,558.08095
811,299.55085,541.76041
812,1137.29631,517.66958
813,1217.16083,505.06754
814,609.33163,423.34267
815,892.34676,459.77256
816,271.75878,564.65187
817,1229.31466,531.86667
818,305.84804,517.92056
819,985.06277,64.44516
820,874.90792,420.35484
821,697.50656,261.93071
822,742.13435,304.02907
823,853.52654,437.74685
824,1186.21358,519.80439
825,761.96042,298.10034
826,898.19109,423.01094
827,906.81461,409.87653
828,867.03415,451.62000
829,470.31824,468.82334
830,558.67901,426.68430
831,794.99948,413.61192
832,1240.06736,421.66636
833,937.19983,380.80771
834,229.06774,549.31372
835,817.75610,449.59096
836,925.49205,474.93965
837,733.56694,378.12770
838,895.36656,426.13245
839,638.57507,293.21083
840,273.35634,562.96900
841,269.05868,558.71802
842,1015.64434,461.17581
843,879.07975,431.41936
844,865.01671,427.70556
845,909.21598,455.36236
846,254.68262,542.29988
847,934.40776,455.98847
848,594.85959,202.71312
849,714.59357,383.16026
850,913.86662,476.39562
851,898.09343,477.11967
852,781.58828,391.30141
853,280.79133,530.12390
854,789.29164,353.80689
855,304.92651,541.39566
856,398.14245,503.38638
857,1090.20664,511.41985
858,849.08185,386.29686
859,1094.83389,482.08141
860,290.15641,546.36444
861,764.28689,423.98301
862,283.66042,554.41902
863,832.65642,438.87102
864,946.08933,484.57957
865,1010.87628,434.46837
866,806.15921,323.05318
867,894.89650,439.51093
868,977.86469,457.60703
869,977.22082,41.30377
870,1127.05780,297.14313
871,467.42006,421.81749
872,1143.22929,505.29812
873,342.70640,499.45237
874,546.96480,422.79026
875,815.42631,409.83067
876,925.73811,489.60690
877,1099.86231,504.63678
878,903.59516,435.22285
879,1001.60587,462.30344
880,1015.29221,474.48596
881,842.63308,438.74500
882,842.81989,394.09575
883,1008.87119,490.10568
884,1153.02334,321.41497
885,613.94830,266.13150
886,860.53628,434.47383
887,1080.91804,491.73720
888,262.09551,563.69194
889,844.46597,424.95058
890,909.89016,448.62080
891,962.10520,449.88447
892,990.35250,99.95065
893,854.32289,443.20530
894,624.83665,285.73469
895,934.83666,451.03195
896,878.10008,390.05302
897,296.84778,554.26996
898,969.04518,465.71152
899,987.41340,79.79666
900,1051.59326,445.33182
901,913.31024,398.93459
902,1062.22277,434.90812
903,1087.79296,487.51695
904,709.93119,343.23804
905,936.88764,433.13334
906,895.73059,452.45004
907,959.51231,443.31307
908,1039.22336,484.47667
909,1100.16281,493.72875
910,713.98174,387.02767
911,240.32142,551.00449
912,914.56360,459.08097
913,936.28018,463.94350
914,995.90035,489.10806
915,950.91011,453.67653
916,872.21091,440.66317
917,910.45494,433.88305
918,481.30602,461.16226
919,900.98692,467.32745
920,1026.58784,464.07590
921,232.19377,532.69895
922,687.79913,410.62614
923,260.76468,543.92053
924,920.97724,431.05594
925,773.38460,336.03937
926,945.42881,450.93315
927,735.30311,304.23922
928,746.81094,397.46228
929,451.24029,479.37730
930,611.55941,284.60875
931,978.77776,480.41762
932,365.90491,518.71073
933,247.92708,541.26830
934,272.52077,529.80758
935,264.23709,539.85230
936,1021.98633,479.67284
937,968.14496,340.18928
938,886.38489,442.29957
939,895.18904,473.97697
940,1028.84376,474.72995
941,866.72318,453.43712
942,943.76986,455.02652
943,801.15706,409.50799
944,775.14996,368.60192
945,440.69100,432.59129
946,994.46284,492.32634
947,680.34135,287.24067
948,309.71881,514.18976
949,1237.27664,534.09582
950,1028.12534,476.73615
951,767.40192,345.04036
952,874.57065,433.70952
953,283.13698,552.11146
954,1115.01383,470.98804
955,423.71220,468.05568
956,457.72488,421.16166
957,905.96328,440.24271
958,425.15264,488.34341
959,1107.53466,502.54458
960,819.71420,415.79830
961,1043.80251,392.53083
962,438.91429,482.83096
963,816.85106,393.61546
964,906.33287,466.39707
965,1076.13744,495.49731
966,916.87259,431.88767
967,675.81504,293.79619
968,1015.39780,450.70805
969,399.78445,462.35683
970,774.77863,294.90578
971,861.32502,439.62314
972,787.12068,428.95539
973,295.22741,550.86413
974,928.42971,444.73578
975,1159.32503,530.66947
976,444.31946,474.21488
977,722.74979,390.69245
978,1195.78205,482.83125
979,235.01948,544.35511
980,1245.84992,542.33038
981,722.48073,401.64975
982,815.97633,424.95523
983,785.19685,417.92522
984,864.57703,453.26361
985,693.60036,314.65759
986,283.92760,517.15096
987,788.77648,398.60811
988,726.52008,311.68494
989,1151.42355,509.91397
990,925.45582,448.73482
991,686.71105,298.50009
992,830.90370,427.07779
993,249.60342,536.09066
994,1033.37017,493.63435
995,1213.59602,523.88135
996,1005.91862,445.28780
997,1152.73341,285.43970
998,728.47270,387.08466
999,275.25456,547.97945
1000,1160.50724,291.47081
1001,799.45120,427.10561
1002,991.76198,488.55823
1003,1280.62005,435.01976
1004,1090.78681,458.27115
1005,1109.09352,491.14649
1006,751.81382,416.93881
1007,921.64935,439.63963
1008,423.99758,491.37297
1009,620.05567,286.49751
1010,457.55667,475.20826
1011,436.08047,486.04559
1012,303.80587,546.07279
1013,830.99873,439.75838
1014,572.36554,433.54999
1015,824.61275,448.45392
1016,1201.70620,529.47824
1017,447.82195,430.76169
1018,249.04411,551.98329
1019,814.62917,438.45065
1020,736.90043,419.81439
1021,923.46176,455.01963
1022,1056.70287,506.85562
1023,949.90748,429.84920
1024,868.73010,439.10861
1025,536.09992,452.94509
1026,260.36918,571.78532
1027,356.44629,509.42859
1028,192.30895,579.04640
1029,461.81953,466.38472
1030,219.89239,562.31622
1031,450.70853,473.58319
1032,841.35527,401.59848
1033,985.63275,420.97588
1034,288.79074,518.95044
1035,982.98808,112.35710
1036,873.41681,464.57172
1037,933.27895,475.83432
1038,1252.50815,243.03747
1039,931.41070,441.86716
1040,333.13251,492.37831
1041,835.07190,431.03730
1042,918.69927,449.39416
1043,676.06102,298.19459
1044,989.52278,481.61107
1045,635.77229,308.91555
1046,598.66622,267.59905
1047,427.35476,490.27148
1048,1088.83080,484.14697
1049,703.98098,305.28477
1050,867.31234,457.81738
1051,890.17308,471.89246
1052,322.81907,527.94899
1053,787.05846,302.04157
1054,882.96832,442.48854
1055,1096.04479,497.87450
1056,734.86928,389.57039
1057,242.06959,546.27796
1058,947.44777,475.08460
1059,946.32021,478.03297
1060,1000.23806,456.62574
1061,814.39427,434.17848
1062,845.25846,431.72245
1063,800.69158,436.99042
1064,1220.28086,545.65974
1065,809.40684,400.48585
1066,1078.34436,494.29434
1067,887.64125,465.73871
1068,1128.02635,490.13688
1069,929.49685,452.19953
1070,1082.55827,509.47934
1071,862.67781,445.14292
1072,931.07731,449.22033
1073,984.70768,445.30312
1074,928.34887,455.29548
1075,502.90461,360.91940
1076,630.91055,413.23095
1077,428.67045,485.02263
1078,1085.09514,467.62568
1079,1090.45456,503.62186
1080,1063.11771,421.32707
1081,686.95687,366.44351
1082,768.02031,414.62136
1083,942.86332,319.83993
1084,1022.10547,469.08095
1085,999.06556,379.93248
1086,933.04311,404.11366
1087,272.26256,520.92798
1088,844.53761,441.27828
1089,990.00242,434.56121
1090,538.02145,423.73208
1091,734.92923,382.64065
1092,1270.65296,364.19473
1093,840.24034,386.94028
1094,443.06617,484.15188
1095,1099.65979,444.54090
1096,1104.62806,452.08658
1097,864.05244,416.86937
1098,1038.92953,492.49113
1099,899.92142,458.85547
1100,279.60222,549.54965
1101,803.56996,405.52651
1102,1005.94124,125.72217
1103,554.21613,317.98804
1104,266.99423,541.67507
1105,751.47779,412.48932
1106,261.06856,537.06745
1107,529.46347,435.86010
1108,547.17445,417.37215
1109,681.38059,270.19822
1110,869.54768,420.59463
1111,447.46752,428.62992
1112,313.87557,520.77999
1113,1013.97733,492.73224
1114,743.55880,405.10829
1115,1220.91318,473.62178
1116,299.92386,516.40056
1117,748.40412,386.92757
1118,1054.66558,421.79327
1119,844.58023,416.19001
1120,699.45842,232.25313
1121,858.21730,429.72179
1122,834.33103,390.71994
1123,424.99849,485.36345
1124,807.04958,384.61023
1125,278.54828,564.39103
1126,1203.06042,520.88136
1127,1242.76415,543.02914
1128,1196.10354,486.32393
1129,731.87238,310.13053
1130,1105.64916,269.82075
1131,1178.76354,458.62822
1132,895.39639,445.84299
1133,1068.96416,486.10487
1134,957.76576,457.90352
1135,859.52165,418.70983
1136,880.24161,425.17751
1137,269.78913,562.10204
1138,955.72770,443.21143
1139,903.43299,453.66464
1140,1118.64479,504.12316
1141,634.12629,303.80403
1142,354.87728,512.48200
1143,412.27341,495.61028
1144,672.31739,282.91835
1145,933.32164,481.47053
1146,268.06504,536.07798
1147,819.99426,426.66475
1148,1106.59919,474.13563
1149,1268.09780,408.09384
1150,673.29253,357.32772
1151,910.96600,414.40681
1152,869.64375,425.64140
1153,958.96954,445.10842
1154,918.74152,465.06985
1155,1238.96139,538.58916
1156,833.63871,425.37944
1157,988.15670,471.99578
1158,545.44943,419.80433
1159,430.84938,483.96207
1160,993.21186,342.16683
1161,351.36578,500.49746
1162,953.80207,443.79893
1163,1051.53693,437.22009
1164,1079.67528,499.82037
1165,943.68097,478.72312
1166,555.46315,409.80279
1167,708.38737,383.81631
1168,1208.99742,517.44207
1169,360.96989,492.28654
1170,888.35959,447.08186
1171,1128.95354,506.72211
1172,239.47056,543.54679
1173,1065.53155,443.96164
1174,238.17340,554.14129
1175,196.83886,577.48392
1176,287.33180,549.49461
1177,234.56383,567.75411
1178,292.32398,523.12088
1179,1080.36182,498.03260
1180,465.46737,477.89582
1181,959.46250,471.15285
1182,901.11015,442.60865
1183,891.16500,482.12863
1184,795.55538,336.00951
1185,881.33298,470.61376
1186,1242.27738,533.52724
1187,246.44857,537.79595
1188,704.49593,340.54861
1189,1117.36398,522.20584
1190,1200.11160,497.32811
1191,921.36664,440.49176
1192,891.63261,426.27610
1193,909.21982,484.13110
1194,808.57563,438.77996
1195,254.07674,560.34742
1196,999.83761,475.58084
1197,1017.34155,444.62339
1198,1069.07730,496.26959
1199,914.91934,420.62142
1200,618.99812,285.55386
1201,912.08588,483.45380
1202,635.61312,328.19214
1203,1231.44589,548.02099
1204,449.11112,468.00378
1205,1042.25869,383.92544
1206,927.55786,434.34355
1207,933.11888,415.21402
1208,950.09874,417.00625
1209,898.95574,455.28315
1210,933.49608,484.26329
1211,631.89765,268.32066
1212,779.88311,240.74992
1213,780.58878,206.46501
1214,742.56324,176.10835
1215,988.91681,202.21746
1216,1126.75406,216.49211
1217,1102.65573,236.88796
1218,1060.91202,220.40166
1219,879.47138,191.95532
1220,656.95795,362.33285
1221,791.67652,237.47481
1222,717.77551,161.96716
1223,1029.86238,236.16738
1224,240.89037,551.66725
1225,993.43890,213.57552
1226,759.81606,204.48847
1227,774.02069,206.19828
1228,914.60798,208.62406
1229,1120.92927,247.73679
1230,1238.81759,271.40477
1231,662.86464,275.58000
1232,572.88756,398.72238
1233,638.30957,161.92669
1234,1007.06986,227.21242
1235,646.66546,199.08457
1236,1102.76193,211.27159
1237,941.48088,229.99374
1238,568.08337,401.08304
1239,712.74136,157.88547
1240,752.17800,227.59451
1241,959.47442,237.31023
1242,931.85697,278.71002
1243,577.62698,394.14628
1244,1225.29987,306.55012
1245,666.07381,196.25644
1246,634.49588,177.42797
1247,630.15138,357.30605
1248,800.54365,211.21658
1249,766.54683,222.78194
1250,688.61959,177.41495
1251,1093.86339,165.35377
1252,746.39203,179.15515
1253,717.91533,207.89625
1254,960.27829,246.66317
1255,478.68608,458.77864
1256,361.42755,518.17706
1257,595.98457,178.09005
1258,922.34013,222.19695
1259,918.66861,224.71826
1260,754.42032,206.53781
1261,210.53873,566.18468
1262,689.84204,237.78215
1263,907.34080,231.18139
1264,1171.42396,231.33633
1265,915.04585,248.86476
1266,1203.69084,194.24848
1267,1168.85945,266.33483
1268,760.17928,266.81928
1269,643.67847,330.02974
1270,666.84119,286.46982
1271,674.16472,254.89490
1272,665.33468,291.07369
1273,1075.18717,217.58072
1274,1223.03767,239.85682
1275,500.07629,449.30584
1276,1067.04234,270.71812
1277,252.44019,561.11210
1278,623.84765,170.47047
1279,1058.91565,212.62473
1280,477.62873,461.54581
1281,792.09253,-53.09351
1282,1297.28264,341.04292
1283,841.71169,280.16906
1284,755.76072,208.53113
1285,879.77062,310.57192
1286,979.60192,219.85513
1287,1117.54930,250.83103
1288,768.92886,243.25015
1289,1283.45275,246.64224
1290,434.64546,473.82192
1291,560.47918,404.78729
1292,616.96672,357.77687
1293,754.12784,185.33300
1294,709.05643,205.12299
1295,1019.45775,241.56690
1296,988.15073,236.94777
1297,674.27212,156.84776
1298,615.96854,373.64863
1299,1044.54050,204.67847
1300,1109.58595,221.53321
1301,896.96010,206.78494
1302,672.51508,291.24988
1303,605.61104,363.36470
1304,985.99771,422.70621
1305,801.08011,-76.39097
1306,989.77490,246.76986
1307,660.25467,265.89036
1308,1144.45334,208.08172
1309,293.88155,547.64908
1310,1152.90548,234.81780
1311,1136.74273,192.55663
1312,513.72946,430.98606
1313,801.96212,234.99172
1314,871.92149,251.99374
1315,748.30609,286.01506
1316,640.49271,190.35760
1317,1060.54669,314.09256
1318,922.96858,359.58763
1319,654.32447,207.37842
1320,1150.88262,218.72446
1321,715.62133,162.77500
1322,632.54818,179.00996
1323,770.96533,235.95217
1324,857.42475,217.16784
1325,346.99190,522.42286
1326,1188.82666,225.61499
1327,797.58778,359.98127
1328,772.66307,245.10790
1329,640.46564,171.03551
1330,239.71401,561.98858
1331,1109.53596,210.92223
1332,662.48317,249.61412
1333,979.74200,271.79296
1334,282.61976,557.35228
1335,1211.99474,290.53131
1336,527.17415,427.81119
1337,459.72090,467.74036
1338,682.62853,304.18075
1339,965.91843,207.02020
1340,611.39615,167.74609
1341,1025.99264,251.87251
1342,1114.41639,207.28684
1343,721.97286,189.81348
1344,947.88584,241.30537
1345,1270.19791,197.35482
1346,550.16983,398.85554
1347,672.73151,308.74000
1348,632.24201,216.30979
1349,1284.53470,355.59469
1350,374.93832,513.85894
1351,1128.17278,223.44987
1352,874.53130,204.80456
1353,724.92960,215.32365
1354,713.25714,356.11347
1355,921.27531,411.85772
1356,828.80395,189.45777
1357,744.64630,237.31584
1358,688.89324,293.22307
1359,1135.35764,223.92316
1360,620.90121,166.80806
1361,1171.84806,213.75967
1362,651.49028,201.68382
1363,732.54887,165.99073
1364,694.69497,165.59625
1365,821.26496,207.74657
1366,1284.01791,435.10499
1367,1031.92841,211.57621
1368,221.81601,554.61164
1369,789.53151,-43.40902
1370,272.51857,547.24001
1371,232.09406,570.66383
1372,728.11045,213.63392
1373,987.55085,49.57153
1374,1000.96042,359.63392
1375,962.69290,243.04247
1376,1147.65875,228.10939
1377,1102.44677,457.40392
1378,689.81994,194.68562
1379,1132.21213,253.49387
1380,272.73131,561.95525
1381,953.65830,231.63711
1382,654.01380,325.11742
1383,437.18819,482.69866
1384,1104.60227,201.89996
1385,695.17943,201.26966
1386,770.12765,215.48236
1387,635.51184,207.22545
1388,1064.43074,215.22274
1389,442.17143,474.42908
1390,344.89097,503.00163
1391,693.81929,163.01373
1392,865.90208,237.31342
1393,1230.41459,271.98297
1394,642.92936,325.60005
1395,933.79189,209.72720
1396,761.83445,170.94886
1397,926.91954,222.55660
1398,1251.62246,208.81851
1399,1026.90073,243.33632
1400,1127.80445,201.84433
1401,348.68891,524.79248
1402,461.24440,463.04319
1403,829.49785,220.17517
1404,693.57270,173.87846
1405,1043.71983,206.94791
1406,675.49904,216.42839
1407,431.62195,481.30399
1408,786.82718,234.23383
1409,1174.90070,203.74328
1410,1220.97253,199.01537
1411,1091.70681,222.94250
1412,1116.53624,217.64170
1413,281.66057,559.39365
1414,672.01893,260.26744
1415,772.42699,182.71663
1416,907.25239,204.49882
1417,993.69535,230.30564
1418,876.02651,245.55041
1419,725.21120,203.69445
1420,1239.59594,408.96990
1421,807.27348,235.73013
1422,1113.73239,219.02672
1423,757.07596,172.61089
1424,213.33886,563.76619
1425,1103.22207,343.91982
1426,1217.60889,215.69046
1427,739.56439,189.63667
1428,442.30423,472.72053
1429,434.51791,465.99417
1430,955.23519,272.30905
1431,923.94900,207.69278
1432,791.11193,199.08757
1433,748.14107,275.38771
1434,841.13710,276.90558
1435,1128.48192,222.11927
1436,1076.44864,248.32926
1437,213.44248,567.17377
1438,957.40023,221.85289
1439,579.02760,382.07980
1440,923.28496,215.85682
1441,657.61465,165.72991
1442,551.62483,410.11419
1443,929.42107,211.26700
1444,1145.67781,202.10837
1445,903.96976,237.98388
1446,690.55623,273.08443
1447,1179.18437,217.52307
1448,1027.83826,210.55940
1449,1104.61247,231.97343
1450,779.53981,175.78709
1451,1127.23336,237.05439
1452,815.17729,217.97400
1453,1080.96865,222.65082
1454,240.58202,565.64035
1455,917.11314,255.39469
1456,772.62300,177.76888
1457,1197.91429,214.43381
1458,918.75010,220.48789
1459,800.27799,220.71133
1460,876.36940,225.23161
1461,985.40420,49.20038
1462,1284.66597,436.95185
1463,657.28775,290.72710
1464,985.29136,44.69843
1465,741.74570,174.16540
1466,1215.49443,212.48010
1467,669.12565,175.78439
1468,807.26291,216.04991
1469,678.73199,150.40785
1470,1111.68634,225.21328
1471,1058.99223,240.54148
1472,1215.42744,196.85511
1473,966.60754,234.02232
1474,662.05582,281.78198
1475,1279.74300,373.82927
1476,667.42923,154.54971
1477,795.07839,-62.23427
1478,707.23379,164.07546
1479,1224.91277,211.38938
1480,1134.23563,209.66356
1481,944.50936,288.69667
1482,904.01264,206.54433
1483,1031.37222,242.83453
1484,716.66369,186.45183
1485,890.40848,192.78753
1486,683.27895,174.12954
1487,1167.46014,272.64514
1488,399.74097,499.02204
1489,461.29076,460.60443
1490,950.38842,212.83043
1491,1168.54533,235.51297
1492,1117.91246,224.48642
1493,879.52489,199.51760
1494,1085.47534,202.52818
1495,611.54635,173.96055
1496,295.28239,552.28923
1497,276.18165,556.85428
1498,824.64868,222.14320
1499,958.44309,221.66002
1500,1296.87295,304.83976
1501,258.44572,563.62009
1502,484.48147,444.57582
1503,989.35119,211.35404
1504,1110.53594,201.09461
1505,1216.09397,526.99414
1506,698.11285,208.03862
1507,563.50931,395.58504
1508,1146.24657,225.31059
1509,358.54329,520.30670
1510,737.47798,316.54664
1511,706.86620,219.44298
1512,766.19430,286.66450
1513,1205.52178,200.25065
1514,330.94562,532.07342
1515,769.77019,333.50757
1516,611.84301,184.19472
1517,1125.39250,261.98204
1518,1227.55626,227.07845
1519,1176.25463,201.14025
1520,630.76129,218.82834
1521,657.45015,233.32637
1522,995.84215,124.91081
1523,877.87782,208.50604
1524,700.37069,227.78398
1525,915.47916,232.05766
1526,725.97700,267.32692
1527,629.17361,375.24468
1528,626.86826,179.91398
1529,1231.62608,298.68230
1530,897.73085,172.05562
1531,792.58066,212.67011
1532,901.95674,315.29125
1533,788.92245,396.63507
1534,268.09693,551.23225
1535,979.47912,286.41043
1536,1101.85123,212.89370
1537,910.85401,225.30751
1538,1214.42589,246.67077
1539,789.97482,12.68718
1540,973.19652,48.83570
1541,742.91051,162.64135
1542,1238.06276,230.14090
1543,842.32311,300.13589
1544,655.06013,295.29170
1545,1107.24733,214.21102
1546,353.66311,521.57313
1547,393.89836,502.51761
1548,900.09260,333.46570
1549,774.73531,169.21763
1550,791.68912,23.61056
1551,784.33528,-28.05846
1552,902.22003,210.39353
1553,775.63125,267.40383
1554,844.51787,244.64306
1555,881.19677,195.57702
1556,1123.37917,235.30568
1557,1094.77398,217.57049
1558,778.47828,188.35657
1559,679.45201,274.91912
1560,389.99042,503.21616
1561,908.23209,213.80073
1562,1119.78106,253.64623
1563,957.21653,210.93767
1564,256.60752,562.86791
1565,651.28755,155.19374
1566,741.94051,210.86087
1567,676.54083,158.17849
1568,716.03824,208.60743
1569,1236.17627,217.07002
1570,737.57099,291.16782
1571,1253.33687,225.99552
1572,779.40751,228.86427
1573,227.60975,568.96426
1574,374.14579,506.55975
1575,269.00232,560.18888
1576,745.77743,226.93990
1577,892.83409,220.88879
1578,694.03722,153.79040
1579,677.14409,176.22363
1580,761.53228,201.78648
1581,1182.50058,305.13612
1582,1114.19971,367.02035
1583,749.54919,276.45694
1584,1176.65034,198.59669
1585,1197.80290,270.19995
1586,217.15943,556.76833
1587,1233.36831,219.50965
1588,713.84024,328.33166
1589,1186.13528,201.73397
1590,1118.45553,206.26883
1591,221.63735,559.81241
1592,746.07155,278.00273
1593,435.56864,444.54191
1594,822.63914,232.45201
1595,648.18290,203.90040
1596,1265.46907,213.20512
1597,1027.55841,232.79182
1598,487.86397,406.50368
1599,722.32822,120.48581
1600,1087.43159,233.41551
1601,610.80660,363.87986
1602,971.09133,47.93428
1603,1239.57648,330.78835
1604,1009.52315,206.84437
1605,803.90058,282.53989
1606,815.09303,272.13521
1607,772.35546,256.54684
1608,1022.97332,248.81389
1609,787.24126,26.74476
1610,793.21370,205.99366
1611,1292.42677,340.88655
1612,770.11557,211.40071
1613,266.43458,549.62338
1614,789.82457,222.86329
1615,679.39507,187.42031
1616,1273.71395,195.73825
1617,763.51578,252.51459
1618,1118.12597,237.78280
1619,741.36732,172.19496
1620,1237.74351,210.24963
1621,260.19029,559.39176
1622,1037.33155,267.45305
1623,744.15055,185.07888
1624,745.31761,188.83625
1625,911.24640,201.01901
1626,1296.98294,225.85670
1627,793.92917,250.81627
1628,1222.14311,270.02789
1629,543.02361,398.68735
1630,373.49481,510.77963
1631,728.40769,295.83970
1632,752.24496,169.70086
1633,590.07869,379.57811
1634,731.45822,278.16028
1635,483.19386,456.07616
1636,793.51142,194.82688
1637,1192.91379,267.96467
1638,747.48299,221.72436
1639,502.07422,438.49888
1640,1123.47081,226.46663
1641,1247.06943,213.42686
1642,1113.10407,231.12409
1643,767.13309,231.94387
1644,509.23107,401.32896
1645,231.10579,562.83148
1646,679.57058,238.53545
1647,766.72855,173.48795
1648,235.87769,550.94909
1649,372.55516,491.97174
1650,600.29366,178.30825
1651,750.37772,192.31965
1652,802.01661,230.93392
1653,1131.23076,222.17110
1654,1053.22270,307.85411
1655,493.80130,451.04686
1656,658.08607,255.66455
1657,386.50657,507.98454
1658,1124.17123,206.64547
1659,783.13759,-16.99580
1660,785.00813,224.13241
1661,796.63056,26.73521
1662,385.84484,500.72441
1663,507.44719,417.31234
1664,866.08253,286.98937
1665,760.59612,314.43660
1666,957.19240,134.48417
1667,241.67490,570.01952
1668,402.00636,499.66242
1669,722.60934,200.72779
1670,1130.10236,221.34202
1671,204.05645,575.50641
1672,463.88425,420.22173
1673,194.77872,578.26042
1674,688.10931,241.00042
1675,935.14537,307.25080
1676,363.70917,517.48705
1677,222.23760,572.23749
1678,1087.01183,208.51981
1679,1250.77331,202.01940
1680,657.29551,204.71775
1681,826.89608,407.53155
1682,1137.29102,236.80448
1683,210.22838,572.22138
1684,791.62892,227.62584
1685,1261.47232,196.70835
1686,363.89906,513.75424
1687,704.12172,178.32699
1688,1160.87737,252.94955
1689,571.76861,394.20485
1690,762.49937,260.29969
1691,689.25125,274.66932
1692,785.65682,245.57962
1693,945.67165,243.25456
1694,961.01739,233.46465
1695,1227.60456,407.97076
1696,742.51116,221.53151
1697,492.74395,413.97686
1698,466.66798,467.30415
1699,773.39058,179.24098
1700,743.73314,179.36918
1701,662.82410,297.41992
1702,455.40466,472.60330
1703,568.96226,391.52370
1704,913.95855,218.40092
1705,711.35693,209.09814
1706,745.69591,166.30363
1707,1171.43470,221.12993
1708,461.00735,456.11570
1709,1146.72507,199.55241
1710,413.59954,491.98632
1711,1118.49199,202.60324
1712,1271.95418,214.05215
1713,686.92845,284.68691
1714,805.97691,253.48234
1715,1091.88771,247.34936
1716,1163.95152,255.89549
1717,1148.67760,208.12622
1718,1161.84888,234.75562
1719,1138.23109,218.44196
1720,551.75231,391.19433
1721,779.73165,230.59030
1722,949.89742,231.04223
1723,921.26673,211.30710
1724,1243.99652,207.90777
1725,739.13010,298.45451
1726,753.78828,163.61315
1727,921.09530,295.62577
1728,974.02953,235.35369
1729,706.09250,280.39415
1730,960.54092,212.18683
1731,662.99195,162.81495
1732,718.58626,245.53792
1733,770.25100,234.62727
1734,1127.11730,225.06777
1735,799.86723,255.04721
1736,920.16145,215.29025
1737,1241.03659,220.73400
1738,1113.43002,213.24620
1739,661.04141,277.39257
1740,823.44512,212.85755
1741,236.50138,553.49212
1742,633.29012,340.99988
1743,1112.42174,236.58003
1744,874.54041,213.60445
1745,974.78093,268.61007
1746,198.94282,570.96122
1747,800.96852,-77.44708
1748,1191.13046,227.13997
1749,790.44413,217.52291
1750,650.54224,158.17217
1751,757.41409,204.56432
1752,597.66999,375.40726
1753,718.28330,165.33053
1754,666.01885,294.65972
1755,1024.93388,224.87167
1756,1014.67399,201.83350
1757,667.59131,324.17947
1758,777.20874,269.98415
1759,984.67911,120.95650
1760,1077.33601,234.50841
1761,741.02961,174.57472
1762,840.19193,218.84672
1763,1223.97354,283.74077
1764,916.63159,196.68436
1765,753.50492,255.42465
1766,640.30072,318.50034
1767,960.66063,196.05504
1768,657.84247,198.85842
1769,937.19277,211.10031
1770,1226.26141,275.29631
1771,718.60882,276.90896
1772,679.10881,298.81927
1773,1123.57707,231.74367
1774,1080.31095,212.12249
1775,794.26295,225.09808
1776,817.86897,249.11739
1777,1172.16208,262.32625
1778,490.75675,420.00518
1779,1127.59142,438.16341
1780,939.80077,223.16018
1781,839.07860,326.68122
1782,1166.96653,218.86662
1783,994.93335,266.27654
1784,701.91453,164.28454
1785,1240.23210,235.96503
1786,940.28244,214.39928
1787,1200.30480,288.89078
1788,1186.47224,208.69355
1789,1257.35983,228.75481
1790,672.52683,278.98888
1791,734.65686,199.37257
1792,889.25739,259.29140
1793,676.15844,277.29402
1794,814.12400,232.04763
1795,971.00772,238.32889
1796,691.58164,292.48872
1797,966.88981,227.62458
1798,695.05042,274.92578
1799,657.01744,315.55739
1800,728.86611,184.46637
1801,1264.47858,341.30128
1802,1253.80571,374.17932
1803,865.79649,231.13615
1804,951.31047,271.70528
1805,997.10572,204.17025
1806,922.63272,219.27777
1807,1219.67399,296.65368
1808,936.94107,228.00408
1809,516.98583,429.91273
1810,659.40223,247.05212
1811,754.63440,262.78843
1812,196.93597,569.54038
1813,917.54215,332.27953
1814,782.36085,195.83811
1815,767.56051,201.07941
1816,712.43709,167.93260
1817,1275.58375,347.12042
1818,668.86903,166.46955
1819,986.02608,210.69916
1820,1230.52972,230.15910
1821,1124.69929,239.69818
1822,1041.51780,209.94837
1823,892.68252,212.19976
1824,951.26477,219.12232
1825,1018.00748,209.20020
1826,657.65215,317.43143
1827,642.48061,198.79938
1828,1169.04129,240.51765
1829,880.28706,269.42380
1830,848.98186,251.78311
1831,1172.03468,204.20071
1832,942.39311,139.91452
1833,790.40945,247.18001
1834,835.38027,248.91484
1835,713.16746,210.54735
1836,912.14849,216.97255
1837,1273.07028,251.36126
1838,879.31351,224.22032
1839,1209.81853,298.22338
1840,672.44871,242.75933
1841,627.15096,257.14409
1842,666.56122,149.83112
1843,200.21006,567.88675
1844,854.56278,279.37251
1845,496.14507,446.54075
1846,1258.57593,262.37228
1847,1006.20168,230.46067
1848,904.22489,208.89617
1849,1285.89767,299.17020
1850,1024.47604,235.63145
1851,1304.32945,225.38074
1852,957.96173,215.29621
1853,908.75098,256.02120
1854,688.29411,260.54987
1855,1094.29243,206.67247
1856,1059.36128,234.43333
1857,737.88065,227.86683
1858,715.42984,311.07098
1859,653.51697,196.48402
1860,230.38238,566.51475
1861,1043.72968,232.15617
1862,989.12194,213.80599
1863,234.83234,536.87622
1864,735.27755,166.33118
1865,996.32976,243.24758
1866,1009.06702,145.49163
1867,733.29749,174.76473
1868,1123.53540,233.91778
1869,1260.39970,222.76363
1870,673.95834,294.62684
1871,927.23357,249.15983
1872,1045.60260,207.48126
1873,738.83717,273.05454
1874,671.42357,249.05567
1875,1288.11715,225.28658
1876,736.08078,249.27343
1877,759.57156,216.74549
1878,693.02909,230.57520
1879,1202.67638,381.25065
1880,933.30136,240.62519
1881,647.98837,305.12486
1882,1136.46399,245.72600
1883,1269.64048,247.67613
1884,1248.85283,204.07459
1885,791.04798,269.18346
1886,1233.53888,215.40558
1887,983.78650,238.21415
1888,675.59506,284.46234
1889,585.78965,190.62464
1890,674.37628,150.51200
1891,926.72671,255.70135
1892,902.30611,337.68048
1893,1108.13163,223.60853
1894,917.99887,207.43485
1895,1300.60182,299.69186
1896,1010.31385,236.88546
1897,548.38994,318.16626
1898,1118.87888,244.66734
1899,523.24578,404.63932
1900,244.80754,544.42102
1901,593.37856,208.99117
1902,785.11591,179.11907
1903,740.41119,201.86344
1904,1295.78181,230.96156
1905,844.69448,289.00515
1906,1215.46405,207.14048
1907,977.77021,36.13942
1908,862.33856,274.25549
1909,427.97548,492.22366
1910,1081.74752,210.36110
1911,674.49068,244.20491
1912,1195.76768,200.20009
1913,967.17337,232.85848
1914,1066.28032,239.00738
1915,1285.11559,344.34110
1916,1278.27788,287.20525
1917,575.98098,401.23652
1918,1255.15110,215.34907
1919,970.90864,236.62471
1920,1024.32017,222.02693
1921,1033.43725,229.51022
1922,931.39683,240.44218
1923,1127.68223,231.81580
1924,702.72475,262.69918
1925,468.45672,473.28375
1926,689.96598,165.12301
1927,317.21476,536.23061
1928,1301.25970,232.14283
1929,1273.51582,372.73383
1930,1227.23903,203.46481
1931,822.41485,222.52904
1932,708.78823,184.10761
1933,1012.98159,231.35890
1934,799.21771,222.56897
1935,681.47378,149.53887
1936,729.75294,236.23954
1937,672.15515,338.69339
1938,773.82066,276.90323
1939,639.35332,339.07377
1940,231.33062,532.81997
1941,746.88500,266.91424
1942,1209.53100,248.85215
1943,794.05924,215.34598
1944,888.19318,206.01894
1945,856.67072,190.68143
1946,701.17123,235.93554
1947,854.89750,222.08085
1948,634.76851,208.62466
1949,730.00852,287.16033
1950,704.64026,292.51073
1951,1243.62586,227.48224
1952,1135.20817,235.09210
1953,658.95242,155.30187
1954,937.42027,213.43534
1955,1299.30476,317.46785
1956,695.89488,248.32816
1957,797.58207,-67.18607
1958,1118.36418,208.50902
1959,895.98952,241.66165
1960,801.83497,224.13483
1961,749.96559,196.85439
1962,659.13914,323.06516
1963,1055.68442,233.21295
1964,675.87948,164.90932
1965,1007.32828,207.46611
1966,701.73667,285.64455
1967,644.44468,193.51804
1968,809.26050,250.32071
1969,899.00239,218.41638
1970,795.33341,-64.44524
1971,897.01360,205.28098
1972,1095.55379,227.16143
1973,495.94069,461.84144
1974,836.66160,244.11933
1975,676.81735,198.76709
1976,380.51778,509.55354
1977,1007.33977,248.15504
1978,1081.14271,277.07337
1979,805.04544,244.20786
1980,1130.89628,215.27580
1981,692.82115,269.03491
1982,783.22040,252.39723
1983,1002.38476,119.77476
1984,1213.50668,195.89991
1985,708.15826,196.93421
1986,1147.15311,208.90003
1987,1226.19394,408.39203
1988,501.57467,459.48882
1989,709.13012,305.45648
1990,657.29059,151.33723
1991,1056.99133,246.49919
1992,761.19772,269.59180
1993,1232.29766,257.25510
1994,963.54102,236.09824
1995,860.57415,223.68492
1996,648.98127,152.58583
1997,811.01085,233.02498
1998,738.71721,208.77305
1999,989.81572,228.65880
2000,1227.54924,196.87716
2001,1292.64976,202.83029
2002,955.02049,224.73334
2003,656.56728,276.33757
2004,737.79072,318.08886
2005,677.24576,248.42935
2006,275.93193,558.92872
2007,820.80732,256.40224
2008,630.75685,280.36865
2009,1127.23551,219.59033
2010,824.02723,228.13178
2011,779.31308,42.14151
2012,952.61146,279.60458
2013,1029.62293,167.75547
2014,1196.20428,206.22178
2015,738.87458,196.49578
2016,699.63679,174.37163
2017,754.85885,165.77307
2018,699.37743,184.66941
2019,1198.51921,248.35486
2020,1228.20709,206.99874
2021,749.56644,175.85380
2022,717.52018,183.66601
2023,763.27974,182.22096
2024,1001.89411,248.19065
2025,1298.20969,289.04703
2026,777.96629,-13.45304
2027,717.65262,223.82202
2028,1054.49899,221.26812
2029,672.54408,285.81162
2030,779.90750,236.53999
2031,642.63521,226.19139
2032,692.24777,154.01321
2033,589.28396,260.21300
2034,636.98183,221.40803
2035,816.82832,315.44993
2036,1251.68447,234.39694
2037,1145.52143,218.81739
2038,1158.78490,242.92872
2039,1214.31859,203.55659
2040,790.67116,238.80848
2041,704.70925,196.27347
2042,795.52086,236.84880
2043,254.31272,548.79872
2044,762.75386,177.66422
2045,861.49808,264.76174
2046,1228.93143,409.40190
2047,1032.92728,222.72815
2048,1197.91559,228.78424
2049,1090.91740,231.16110
2050,890.28032,252.10978
2051,1058.60532,222.45618
2052,1134.69067,202.93803
2053,804.97541,42.14669
2054,859.54532,215.10600
2055,734.56597,202.92400
2056,814.95410,181.68099
2057,773.70320,228.57661
2058,1228.65807,240.26756
2059,1011.39905,224.93137
2060,989.20189,249.27418
2061,1205.11626,215.88766
2062,287.33457,533.24635
2063,779.68315,303.10825
2064,775.16809,257.86775
2065,1273.40718,358.67063
2066,678.10573,269.85891
2067,757.20423,273.38180
2068,640.43780,181.39700
2069,1026.27432,204.87101
2070,1284.06367,254.74137
2071,1273.69700,219.89490
2072,1012.52105,215.12666
2073,387.85295,508.50778
2074,701.75877,198.05996
2075,901.74182,212.51629
2076,936.45358,242.54273
2077,455.85770,422.54338
2078,752.61669,265.13823
2079,1043.20413,209.29101
2080,686.47689,199.09759
2081,682.64298,301.26228
2082,1132.17961,260.09837
2083,773.39806,273.66655
2084,693.17041,232.18329
2085,800.18700,-75.49833
2086,822.22150,216.76989
2087,1078.40548,228.85746
2088,239.02281,548.09922
2089,1289.30633,226.89673
2090,1101.30572,246.87660
2091,646.75936,152.40332
2092,1034.86691,233.13131
2093,653.06867,322.42586
2094,830.07707,227.37538
2095,653.88283,274.15466
2096,692.59127,250.99206
2097,736.26376,162.79504
2098,1181.62731,198.20322
2099,822.54880,251.87596
2100,787.49915,322.12341
2101,974.18434,232.26150
2102,1270.47254,254.22299
2103,705.60507,200.34646
2104,1231.09863,209.65600
2105,646.81898,163.43615
2106,711.76551,163.62566
2107,858.23896,244.03311
2108,834.03596,196.38729
2109,223.99597,559.34647
2110,989.82414,217.90785
2111,653.95565,200.29966
2112,841.64347,211.58698
2113,607.78186,364.81387
2114,726.17058,206.79297
2115,738.98713,285.94745
2116,632.36979,260.95970
2117,1019.97652,235.46403
2118,644.14030,335.61019
2119,710.94362,215.84058
2120,1267.11347,362.67667
2121,1299.53327,235.36895
2122,1193.60748,236.07454
2123,1032.78460,216.98803
2124,1252.50545,204.37724
2125,905.73289,222.01008
2126,781.43450,178.82009
2127,1154.45799,299.91444
2128,1206.40244,262.52499
2129,700.34479,178.92227
2130,843.94418,236.59696
2131,1030.17538,228.86548
2132,826.17959,254.95436
2133,835.96182,192.41696
2134,437.84949,474.17659
2135,1259.73890,285.16750
2136,624.23748,173.68297
2137,727.48176,222.21550
2138,672.37591,315.68588
2139,806.99502,302.52485
2140,1141.03404,209.60375
2141,857.21704,291.84648
2142,1231.24971,194.38799
2143,1261.73592,207.81345
2144,896.52307,234.59194
2145,225.34419,570.80125
2146,930.78040,211.06411
2147,657.22676,192.36759
2148,588.39070,199.89033
2149,1000.52510,115.29919
2150,733.63434,196.13071
2151,1147.59675,201.79844
2152,959.46769,223.49322
2153,974.64636,246.73328
2154,641.21207,251.71711
2155,817.65819,229.66197
2156,1053.68446,241.80615
2157,926.81655,220.69126
2158,619.82970,172.09672
2159,782.65153,191.76102
2160,626.09565,174.67254
2161,741.97784,207.93182
2162,688.27503,257.41867
2163,654.86193,211.52884
2164,935.34817,219.69565
2165,1304.98361,253.12296
2166,1020.17770,219.50652
2167,652.26170,151.49240
2168,876.57386,237.53636
2169,1046.83607,237.53087
2170,1159.93448,210.00622
2171,1207.63104,204.55465
2172,371.55234,515.40410
2173,1126.00404,212.38050
2174,833.00867,225.90140
2175,1033.72643,242.37870
2176,946.08211,223.44619
2177,690.07750,301.98978
2178,686.79582,168.50814
2179,819.15127,237.89028
2180,718.51069,231.75863
2181,260.19875,554.70898
2182,1212.08745,200.70212
2183,671.29057,310.73484
2184,1277.92913,254.57174
2185,1096.36177,237.12629
2186,1301.80036,303.47480
2187,714.85454,332.59169
2188,1143.28895,201.05847
2189,661.10377,297.35392
2190,868.19735,288.25000
2191,882.24632,213.69006
2192,660.77828,241.64115
2193,778.97191,194.07229
2194,1266.54873,385.01572
2195,1260.56907,220.60196
2196,725.59213,191.11912
2197,881.88256,206.76275
2198,836.84773,223.48996
2199,807.54522,227.35122
2200,1274.02747,199.03516
2201,907.27701,157.72081
2202,620.63560,273.86231
2203,930.74932,229.32283
2204,430.46200,490.82859
2205,683.66962,170.68948
2206,866.67926,213.14518
2207,801.03689,25.44018
2208,914.61610,226.11428
2209,813.49343,27.79361
2210,242.95974,558.39404
2211,1161.55438,236.17317
2212,1045.26666,222.44927
2213,684.63597,206.41357
2214,589.03918,185.03585
2215,718.83661,187.47462
2216,861.84922,268.73279
2217,1211.86263,205.64047
2218,972.11213,242.77492
2219,1274.42278,225.26765
2220,763.82121,191.35463
2221,1187.93901,266.81716
2222,806.68298,371.10464
2223,1224.09228,230.02747
2224,1153.86101,201.23760
2225,700.84625,182.31229
2226,816.20719,242.41698
2227,1182.30207,211.82335
2228,829.06624,215.86371
2229,553.84003,306.60482
2230,1011.18324,234.99443
2231,909.22447,212.61893
2232,234.13258,554.57975
2233,430.05020,486.09791
2234,704.12596,242.44284
2235,1278.09976,432.04082
2236,800.87693,24.55121
2237,1107.41838,235.90296
2238,1294.64031,245.52392
2239,821.93154,272.66506
2240,1210.06058,223.04530
2241,435.31204,441.66626
2242,906.19969,258.88569
2243,787.09380,255.31158
2244,666.50086,316.62323
2245,689.61522,156.21910
2246,1229.26831,405.40502
2247,1290.22841,251.10605
2248,885.62376,238.37971
2249,973.19703,214.78456
2250,1189.49346,207.31113
2251,876.70832,201.64893
2252,809.19081,215.36788
2253,668.64044,294.99115
2254,1278.08528,255.98066
2255,801.31655,-74.63212
2256,779.87585,255.77794
2257,583.66142,278.21615
2258,1205.95213,478.90743
2259,927.71550,221.58028
2260,1296.14814,266.20494
2261,1163.91937,218.33644
2262,678.62708,155.21903
2263,1202.86948,236.58183
2264,417.29674,493.30089
2265,660.29816,174.06984
2266,693.11993,176.04853
2267,1202.92657,212.37578
2268,1001.42548,222.31683
2269,585.91228,184.50213
2270,1293.05844,239.26630
2271,708.97045,169.84960
2272,702.40832,291.90601
2273,758.83263,202.40534
2274,1150.53069,252.61134
2275,1177.49178,315.51692
2276,1145.61943,212.04592
2277,875.86974,256.54252
2278,1210.23887,244.77680
2279,1280.88982,207.34954
2280,251.52501,542.43283
2281,1121.48587,224.92125
2282,791.66326,30.45716
2283,679.13900,189.23401
2284,622.59814,275.29946
2285,773.80301,249.26198
2286,713.91825,291.05671
2287,684.36895,301.38517
2288,245.63209,558.88631
2289,822.61798,308.18176
2290,1276.24853,352.98551
2291,834.75013,236.79491
2292,1157.84013,205.59083
2293,1039.34518,217.50744
2294,943.41782,308.34967
2295,774.30136,-0.01345
2296,699.94363,206.74692
2297,813.92108,215.27997
2298,832.07131,240.42973
2299,209.11793,565.34260
2300,797.31486,187.25730
2301,1249.97032,217.00388
2302,264.16505,545.77462
2303,725.75759,174.67252
2304,832.70281,301.91170
2305,1276.93835,278.48814
2306,773.60343,195.14824
2307,1225.32556,230.46763
2308,974.81264,33.78484
2309,1069.02413,181.41076
2310,795.59821,226.63608
2311,767.76803,300.63965
2312,948.46586,293.66948
2313,718.62839,211.00001
2314,984.73222,224.97166
2315,1242.37185,233.87270
2316,603.54078,195.47570
2317,1222.03149,213.79047
2318,940.98040,212.98322
2319,1035.99904,146.99470
2320,596.32841,185.37926
2321,613.90054,167.03954
2322,725.33211,290.29651
2323,814.80287,230.07842
2324,1254.35695,232.10808
2325,860.14070,195.07196
2326,764.48054,225.47096
2327,783.22648,239.05155
2328,276.80969,562.93101
2329,748.06420,226.88478
2330,880.67854,259.45505
2331,678.51990,159.66350
2332,930.93106,209.20310
2333,1101.53567,234.24889
2334,1025.17109,214.66730
2335,990.19926,213.29432
2336,253.02389,563.19223
2337,958.72789,248.26894
2338,1132.00124,210.59775
2339,1168.43708,218.87623
2340,989.11509,47.17423
2341,1203.20537,196.70003
2342,965.40440,33.21672
2343,633.47545,219.80434
2344,216.85424,561.71324
2345,238.62348,549.43764
2346,1196.77863,255.52455
2347,1205.82866,210.46949
2348,1265.62991,219.89675
2349,1265.90885,200.31356
2350,1010.28279,219.98642
2351,955.49540,214.29643
2352,1078.68689,203.58856
2353,706.47016,195.26900
2354,1194.17687,220.30123
2355,836.73856,240.41438
2356,761.85568,284.45978
2357,1251.56076,226.14728
2358,1201.25523,199.42388
2359,1192.00932,238.92659
2360,831.56384,235.83310
2361,1248.51356,230.46577
2362,1117.44087,219.79281
2363,685.14545,244.27405
2364,651.95219,208.21833
2365,712.42526,217.32171
2366,1030.12897,212.96816
2367,736.34216,280.28531
2368,635.68210,192.64476
2369,734.37399,193.47749
2370,730.13327,170.70889
2371,896.49003,253.82876
2372,891.73331,230.07788
2373,1207.14975,236.88922
2374,771.01815,247.85142
2375,1148.07816,205.55941
2376,1005.27051,222.52494
2377,650.88536,253.51112
2378,677.39322,227.58725
2379,981.19920,250.63663
2380,654.83154,256.68140
2381,1086.27715,231.06214
2382,560.89051,296.99991
2383,1266.47453,295.50349
2384,1304.03837,214.97034
2385,947.37185,222.84508
2386,694.73590,161.59633
2387,641.97992,189.69037
2388,1211.67174,220.60871
2389,1197.16297,225.15291
2390,1139.43956,233.24646
2391,824.64416,204.18883
2392,659.08327,153.03281
2393,832.74847,209.98502
2394,776.14050,239.00701
2395,901.94505,306.36075
2396,444.11477,470.71740
2397,705.04603,215.98516
2398,695.91547,198.15993
2399,531.22028,418.71145
2400,234.88619,565.50477
2401,1241.75610,227.71345
2402,1066.24187,223.87755
2403,736.52440,190.57942
2404,769.67810,206.55560
2405,839.75996,227.71452
2406,905.46449,234.00197
2407,1034.01886,238.91175
2408,1051.44901,237.57845
2409,1059.07123,229.75279
2410,768.46629,244.45240
2411,1030.75252,234.02370
2412,969.29577,229.12136
2413,694.59713,177.02841
2414,894.65862,236.17112
2415,814.21050,206.81853
2416,790.34585,183.15603
2417,641.31705,262.85858
2418,1202.52775,202.00217
2419,606.34947,257.40263
2420,1072.14050,210.07038
2421,892.22355,258.64063
2422,873.12787,215.48761
2423,710.11069,171.96171
2424,950.74996,249.97974
2425,741.74305,327.74128
2426,803.55160,279.01599
2427,562.23572,293.67762
2428,1037.88183,244.64017
2429,1183.97253,208.51344
2430,752.68402,165.62995
2431,1120.17483,222.14549
2432,1071.11089,214.46445
2433,823.44902,262.95784
2434,1117.77644,228.62920
2435,1208.56600,195.97449
2436,619.37329,195.57089
2437,619.71524,180.37811
2438,987.48657,226.01009
2439,667.44873,210.64643
2440,587.99087,183.22222
2441,746.54730,215.25153
2442,1078.72229,224.74160
2443,271.58494,555.45532
2444,993.63106,257.70674
2445,867.85088,292.54834
2446,1198.59715,267.64586
2447,823.67638,215.22253
2448,202.13091,567.54918
2449,1290.54024,360.67813
2450,1207.90054,233.28394
2451,894.26007,243.43331
2452,983.18956,265.43104
2453,703.06167,192.96898
2454,241.50557,564.73653
2455,1122.89273,220.71599
2456,1299.35485,320.00211
2457,1021.01253,266.54716
2458,632.75755,207.68574
2459,736.62917,273.53002
2460,938.79510,312.37486
2461,810.02977,235.27453
2462,1117.09825,210.42442
2463,1018.03723,231.99904
2464,1236.04459,234.05215
2465,910.40015,230.50920
2466,962.96146,219.26547
2467,861.20739,226.53603
2468,900.05635,210.50380
2469,951.91860,259.15964
2470,630.38861,201.18187
2471,607.99300,204.45625
2472,220.52974,564.14704
2473,684.28065,271.15716
2474,991.56800,234.45432
2475,792.39905,216.93936
2476,857.84736,219.79918
2477,973.60941,296.62604
2478,904.27626,246.18266
2479,620.34581,188.83113
2480,1009.97982,228.65775
2481,719.55395,195.96844
2482,1139.02616,223.52342
2483,1264.06245,235.76501
2484,1192.31228,214.56237
2485,1267.00249,197.10648
2486,714.54894,189.00727
2487,750.06004,250.69033
2488,1005.61242,224.61148
2489,970.77367,285.95575
2490,990.21706,70.28026
2491,949.37268,238.30692
2492,1070.12629,216.95598
2493,1237.32424,228.89344
2494,682.13713,217.88329
2495,1221.46742,208.84051
2496,1199.29438,259.44050
2497,700.01878,332.05191
2498,778.65387,177.85444
2499,1020.11479,215.81149
2500,1207.07463,230.35668
2501,973.24183,225.10325
2502,1179.81250,203.15988
2503,882.53344,240.71057
2504,767.87360,15.72718
2505,934.36475,218.18350
2506,244.42096,566.40492
2507,949.57283,216.37451
2508,847.81333,281.32650
2509,695.88154,174.22761
2510,1304.00470,234.03379
2511,451.02183,425.68528
2512,1012.48888,220.59386
2513,930.58774,271.56493
2514,1209.65890,243.06620
2515,669.14756,237.12256
2516,901.32254,243.35966
2517,889.63359,264.41906
2518,710.62176,168.00169
2519,706.86096,231.81998
2520,747.35525,188.00091
2521,840.80225,287.01303
2522,620.50806,253.17962
2523,660.68728,293.88180
2524,979.51193,41.13107
2525,1163.70087,230.09672
2526,912.34520,218.30086
2527,1009.32385,215.41705
2528,1301.81420,212.84885
2529,1146.41910,204.11343
2530,719.95343,216.23908
2531,730.49294,193.24235
2532,999.97055,237.39211
2533,1239.71807,222.22218
2534,1088.88288,216.06793
2535,1284.54871,296.92217
2536,1281.43250,199.85137
2537,1009.77608,213.67805
2538,906.05534,37.40711
2539,226.73337,572.81875
2540,662.54199,244.08444
2541,795.26189,256.69822
2542,878.32420,304.33119
2543,1224.50202,198.44263
2544,1248.22152,250.63137
2545,1005.72521,212.91244
2546,948.36262,206.78315
2547,1300.71922,227.68790
2548,859.31257,269.68609
2549,952.77174,210.34300
2550,1276.36943,198.59289
2551,1222.42628,212.21797
2552,1125.31453,230.59936
2553,1183.23447,219.15171
2554,891.57107,260.88753
2555,776.82587,278.43533
2556,745.21066,261.58897
2557,1045.19132,236.00647
2558,988.11163,44.72779
2559,719.73956,234.52973
2560,1090.27410,203.61573
2561,1253.69300,301.53032
2562,529.43393,444.56868
2563,939.06186,304.91554
2564,840.17284,198.54499
2565,1030.14271,237.57867
2566,1195.79046,196.84236
2567,708.86664,171.13492
2568,653.26961,259.15740
2569,1287.27372,230.13977
2570,682.57878,154.47449
2571,664.73658,221.10273
2572,814.63369,224.07336
2573,1218.95504,195.35981
2574,839.57133,212.99164
2575,1295.08672,223.19479
2576,1095.64679,228.50550
2577,1155.84009,203.94761
2578,738.41190,191.68765
2579,606.25993,178.88478
2580,1128.14067,206.92013
2581,1286.21806,271.67070
2582,1154.14942,210.82794
2583,1218.06159,241.80768
2584,1198.04319,236.28590
2585,1129.43315,200.70417
2586,953.79921,222.09853
2587,972.51727,233.10314
2588,764.58221,200.55372
2589,972.29197,212.83731
2590,1145.10031,392.97488
2591,687.64368,153.89959
2592,630.42658,210.13041
2593,287.55750,553.15641
2594,803.95330,234.65347
2595,221.46318,547.58397
2596,943.26171,243.31311
2597,1178.60149,237.04621
2598,935.29557,239.66945
2599,796.22336,180.29583
2600,774.36678,291.31707
2601,645.41071,218.44510
2602,800.75726,225.33991
2603,528.00176,422.42759
2604,1249.27387,238.88305
2605,749.45836,209.88819
2606,1206.34613,197.53550
2607,684.32635,295.65747
2608,1270.24912,230.01275
2609,1099.59831,207.25408
2610,664.74281,154.20210
2611,1294.29291,331.40976
2612,904.04945,221.75732
2613,707.00900,236.10095
2614,1078.70956,210.76751
2615,999.65083,244.61385
2616,1068.29474,221.93513
2617,1212.87272,228.95479
2618,1287.05435,203.16211
2619,1289.69770,218.91443
2620,870.05642,199.02068
2621,662.20552,175.59271
2622,246.36085,553.48966
2623,689.85278,175.57547
2624,796.22588,245.57079
2625,1132.75345,206.86571
2626,932.50748,215.97484
2627,1219.42033,259.07828
2628,1145.63854,245.26004
2629,740.70946,286.23793
2630,1088.11801,207.31918
2631,227.37860,563.23878
2632,782.93590,-5.98393
2633,930.41074,223.20646
2634,852.82529,202.77885
2635,644.09540,187.42275
2636,803.36290,213.92775
2637,1232.20857,456.95979
2638,1108.87086,212.84661
2639,1293.47899,234.80883
2640,813.10433,211.56676
2641,681.15639,181.70636
2642,1089.53407,207.74480
2643,897.42569,219.03748
2644,964.09750,249.39676
2645,1174.53451,229.95183
2646,793.53892,223.59917
2647,640.32086,158.14962
2648,677.27084,246.53857
2649,224.47043,573.10477
2650,730.72767,229.20509
2651,1138.59705,200.10779
2652,900.86620,206.19585
2653,1179.51123,229.94484
2654,975.67913,235.67022
2655,1281.60497,236.39577
2656,522.82299,375.73085
2657,802.42817,200.81028
2658,1303.13875,223.15209
2659,1186.01365,196.81692
2660,647.97215,187.02675
2661,932.69014,244.98782
2662,690.79867,291.03908
2663,691.55404,215.48252
2664,1168.93356,247.93030
2665,996.31047,231.28457
2666,628.98082,225.81108
2667,916.88380,266.54291
2668,921.29891,247.55063
2669,536.93672,397.84318
2670,656.04335,162.57403
2671,893.13544,208.54721
2672,1272.97209,272.12481
2673,1047.38722,447.22695
2674,253.53915,557.07013
2675,812.87332,248.37278
2676,1020.66527,249.02627
2677,1284.54194,435.92824
2678,1284.51911,202.11297
2679,1262.25688,234.06014
2680,422.79907,448.68287
2681,1118.08144,249.40332
2682,594.60714,207.57708
2683,607.82924,176.98730
2684,1245.61971,249.86001
2685,1045.17237,243.35889
2686,1082.37053,212.37819
2687,887.55155,218.48488
2688,457.09448,472.97100
2689,1039.93846,259.39774
2690,1254.24436,243.54231
2691,952.84262,214.37923
2692,1145.89909,216.34122
2693,796.55667,-62.68635
2694,679.66014,166.80820
2695,757.48445,287.73522
2696,737.37966,199.42808
2697,731.66074,183.65213
2698,810.86433,249.30634
2699,1085.74088,244.29760
2700,751.61650,283.19618
2701,1072.60417,221.78670
2702,1078.92266,241.18085
2703,893.58400,201.55404
2704,798.90230,-69.71490
2705,901.62794,235.16999
2706,744.21386,304.45871
2707,705.23075,284.47633
2708,644.23367,182.09818
2709,991.26948,248.36000
2710,782.34244,184.57014
2711,920.01229,218.43074
2712,862.65722,252.50554
2713,1018.09003,217.62530
2714,943.63572,232.27330
2715,630.18651,204.20064
2716,894.85969,238.50252
2717,665.13112,298.18362
2718,1081.24223,207.31313
2719,1166.14863,208.96230
2720,991.49581,220.31499
2721,1181.70961,217.22962
2722,1111.00625,245.56485
2723,727.29626,268.92212
2724,1209.19561,220.22431
2725,946.92437,221.08348
2726,1223.59326,218.54535
2727,808.44275,194.24809
2728,628.11695,262.33105
2729,1249.45402,275.06437
2730,627.46324,168.42795
2731,705.82275,255.89389
2732,813.28102,417.25947
2733,1116.51793,207.90123
2734,682.04200,158.91521
2735,651.71886,147.72518
2736,1307.69105,223.53746
2737,625.81311,158.66497
2738,1286.40494,350.01382
2739,254.80672,556.71357
2740,803.09422,190.47751
2741,591.11194,391.60536
2742,793.01931,182.40426
2743,661.16187,152.04433
2744,818.41276,208.79301
2745,750.05448,233.12030
2746,689.57444,305.43901
2747,783.94329,20.15627
2748,996.69262,64.93244
2749,1230.96661,302.29859
2750,1219.14343,226.93396
2751,1187.60133,336.98958
2752,650.82383,235.71638
2753,644.96651,172.51947
2754,686.87115,303.67006
2755,267.38268,556.63734
2756,1034.37753,224.17243
2757,1171.96752,200.56349
2758,819.50611,229.85822
2759,929.94291,234.61367
2760,1087.92733,218.16548
2761,570.82062,282.40418
2762,673.61148,179.29052
2763,672.70374,164.93300
2764,723.12943,188.17331
2765,205.88691,567.40781
2766,272.94261,551.86368
2767,814.39253,199.38585
2768,1096.70573,255.47199
2769,1289.09287,240.61663
2770,1239.45005,237.31079
2771,799.68235,-73.94653
2772,1225.99974,236.36949
2773,1002.41477,258.26196
2774,653.09742,146.12756
2775,624.95295,273.98149
2776,1263.22819,229.30493
2777,1111.41527,214.41352
2778,833.18598,238.80413
2779,1190.49850,214.29815
2780,1004.31647,212.27547
2781,1017.74037,228.56504
2782,787.25998,-42.32262
2783,453.96526,424.11083
2784,1122.35509,218.49306
2785,465.73069,469.62608
2786,819.28294,250.84373
2787,1265.53709,259.50890
2788,904.67643,216.63353
2789,1152.20563,208.73568
2790,982.92100,237.57019
2791,941.63344,217.28142
2792,683.87271,168.56614
2793,739.99511,228.68572
2794,1168.52899,201.95558
2795,651.94630,274.86923
2796,802.64546,241.84425
2797,701.34578,194.08121
2798,711.21664,273.14418
2799,813.25397,234.13263
2800,1204.23908,249.51438
2801,952.49682,235.31611
2802,669.54555,156.49281
2803,1110.15431,203.54800
2804,1103.03858,272.34854
2805,996.47686,221.89197
2806,1138.04390,212.18504
2807,1290.82753,268.90009
2808,1249.25852,234.20940
2809,1196.01883,228.87796
2810,1212.28506,232.55725
2811,762.89875,268.05691
2812,1020.06215,223.90886
2813,716.18127,235.65643
2814,840.98474,224.26873
2815,1122.84441,216.77658
2816,1028.36664,215.80484
2817,407.40455,495.34993
2818,1142.17438,230.71239
2819,900.52710,237.28553
2820,1147.23194,211.03950
2821,701.93457,241.86479
2822,1273.49394,279.39199
2823,707.28266,311.32807
2824,1212.37131,237.49940
2825,1302.58749,227.13427
2826,991.59038,215.14138
2827,782.35719,-10.13603
2828,570.52418,281.46846
2829,624.60276,290.50350
2830,794.84396,-59.37112
2831,694.02478,282.64272
2832,1140.86244,240.27509
2833,830.63072,251.75762
2834,728.65538,238.54082
2835,1255.20977,237.03107
2836,698.29674,163.61620
2837,1000.65814,219.36774
2838,747.83769,199.58482
2839,744.73332,167.44997
2840,815.02317,186.58030
2841,801.42995,259.93426
2842,1072.19429,218.69627
2843,832.22484,223.76976
2844,728.56946,160.67806
2845,1104.60687,233.78268
2846,1129.83044,208.46078
2847,1138.13318,237.88497
2848,750.92294,212.12400
2849,600.64268,180.46525
2850,729.56185,163.67752
2851,1265.35058,233.30427
2852,789.63026,-40.93755
2853,646.35452,235.15207
2854,1047.52086,212.35935
2855,1096.63807,224.32285
2856,977.70279,214.19242
2857,983.78527,44.05861
2858,1034.87387,213.98414
2859,210.66286,570.80703
2860,778.03473,253.25460
2861,1276.96076,223.93397
2862,1264.56540,231.46196
2863,1281.96578,295.98616
2864,1009.44553,222.85285
2865,668.20715,158.33009
2866,723.52695,220.88334
2867,1104.41280,213.35877
2868,667.12074,159.39877
2869,645.16155,197.24790
2870,588.49317,192.59626
2871,673.14741,181.48191
2872,1010.61083,161.25268
2873,799.45166,242.01076
2874,660.65375,150.05673
2875,832.74089,214.25865
2876,1252.20575,215.25835
2877,1243.69575,235.00857
2878,1096.72104,216.63306
2879,1193.48975,199.50291
2880,852.40106,436.50611
2881,1218.92737,247.18080
2882,751.27058,239.04878
2883,695.01187,303.35511
2884,1260.20846,201.44250
2885,652.25723,241.88101
2886,749.30594,203.49667
2887,892.28343,227.88598
2888,1266.08671,228.83099
2889,1287.05302,200.54323
2890,1114.89569,220.62222
2891,1139.42856,212.88748
2892,1167.47983,240.25338
2893,828.37373,272.30270
2894,681.03975,335.89313
2895,1214.56201,235.37872
2896,748.29120,253.22022
2897,1293.44414,353.72310
2898,864.77675,228.30100
2899,1017.67768,243.67194
2900,1070.23582,209.79503
2901,1181.07546,226.48564
2902,706.68413,185.93490
2903,1139.83004,203.46201
2904,796.22306,213.87125
2905,1025.04572,193.13240
2906,1296.51727,206.01773
2907,706.48859,191.63602
2908,949.93355,262.67543
2909,673.80869,192.92536
2910,822.29327,182.72842
2911,1262.21174,245.52924
2912,1139.38859,273.88963
2913,1271.95121,239.07692
2914,1147.99307,233.45060
2915,1098.26466,228.03716
2916,748.40403,265.75862
2917,759.85333,221.97290
2918,1183.66965,200.59796
2919,592.89053,196.85672
2920,932.49810,234.23738
2921,942.52432,293.74431
2922,811.10180,214.56552
2923,599.81616,222.99723
2924,773.04409,204.98561
2925,1111.45876,221.74845
2926,789.56017,-42.01119
2927,718.69646,242.16258
2928,696.02610,298.63304
2929,628.38182,231.00603
2930,891.46934,234.47959
2931,674.94385,236.94331
2932,766.22779,245.39038
2933,710.71311,186.60624
2934,997.95790,231.39163
2935,1126.24575,222.08036
2936,1168.01955,205.44884
2937,851.31059,220.67832
2938,641.06511,255.31657
2939,781.45019,174.02278
2940,1199.57102,240.28047
2941,515.65126,451.41604
2942,1019.51868,124.18960
2943,730.73335,194.96399
2944,851.14298,210.11856
2945,926.41504,208.89664
2946,937.92235,209.87718
2947,770.83247,205.19860
2948,1004.12898,244.30722
2949,1036.22490,204.91134
2950,787.98457,-29.19975
2951,957.83741,265.04165
2952,962.95317,127.60783
2953,1000.26923,238.65667
2954,815.09707,220.52187
2955,980.39149,213.75897
2956,933.02709,235.77480
2957,965.06610,233.64036
2958,1168.53285,207.93965
2959,804.71579,222.31436
2960,690.47709,244.20273
2961,1191.75700,202.91359
2962,994.52419,226.19807
2963,729.70893,187.03540
2964,382.25635,507.99424
2965,1306.97620,233.96699
2966,618.01705,205.39606
2967,976.55919,236.96813
2968,1278.87478,232.65716
2969,986.12207,246.96671
