0,989.14195,340.85510
1,387.74378,285.88658
2,1006.52254,567.45597
3,969.81312,395.04848
4,956.26131,246.54975
5,652.60877,147.62595
6,739.04030,119.66772
7,693.50518,181.71445
8,727.78729,135.25639
9,982.52430,70.60138
10,524.36623,162.88356
11,980.63511,516.84200
12,1001.98182,550.77873
13,416.05101,252.11847
14,663.17933,122.19229
15,700.87357,182.09657
16,611.58062,173.06944
17,899.30915,112.73332
18,518.27283,206.14004
19,964.31843,288.63082
20,773.42436,100.34478
21,946.98004,-7.66547
22,825.59614,31.96372
23,772.42858,115.15914
24,677.85139,-27.84117
25,716.78848,73.83884
26,980.24044,454.23562
27,408.01199,274.13891
28,953.68885,235.92198
29,778.23314,67.51173
30,1004.53322,499.71349
31,613.63673,131.19568
32,409.84773,274.79465
33,1020.44809,553.27813
34,597.13762,168.95326
35,425.60795,245.36747
36,778.43325,66.32029
37,796.00286,69.60279
38,397.95904,221.37311
39,993.13518,355.74260
40,617.05069,124.17768
41,960.68377,325.99206
42,978.67078,67.15733
43,567.17466,106.88077
44,1000.86586,554.89465
45,735.57423,152.97022
46,795.77334,112.58602
47,570.81477,131.18323
48,899.59938,120.42203
49,708.73719,148.37819
50,670.27585,171.46563
51,710.64909,124.16270
52,758.51115,128.99272
53,984.88902,399.83769
54,954.46949,240.99164
55,554.71241,135.40491
56,1176.30907,231.97915
57,690.10721,170.45616
58,593.58968,197.81657
59,982.27354,492.44304
60,1017.14733,-49.39508
61,668.89617,72.11986
62,741.98590,117.30788
63,670.07971,178.23420
64,630.16984,88.74560
65,699.01982,66.91706
66,760.27220,121.58608
67,705.92164,126.50393
68,810.97858,54.79742
69,1015.77446,619.63666
70,998.00501,477.57550
71,526.17263,140.14788
72,883.59012,-9.55180
73,1011.14757,578.40601
74,1003.40430,539.67735
75,382.11248,187.48652
76,428.73385,225.46344
77,421.74237,265.02251
78,977.52043,359.12921
79,703.51672,157.95383
80,867.34842,66.07397
81,571.28123,177.16427
82,742.44458,147.54818
83,620.70263,196.68196
84,945.11410,221.14993
85,998.87666,487.42859
86,1009.15355,601.90476
87,1005.50775,484.97654
88,709.24764,93.70410
89,935.43095,-8.26926
90,404.15933,252.35480
91,567.18051,149.94731
92,455.64849,43.90995
93,988.98095,639.93229
94,715.14881,122.69231
95,974.95635,306.90656
96,759.90238,125.18251
97,541.18379,59.70936
98,720.25548,35.42542
99,698.87951,180.05300
100,835.38520,87.26200
101,966.86967,383.41306
102,713.80789,91.91779
103,958.40332,353.24936
104,964.88537,365.00137
105,1004.68997,556.02889
106,770.56322,135.53858
107,749.66458,140.16418
108,864.64476,117.35886
109,428.28999,238.56921
110,414.45216,197.26357
111,807.92537,140.60308
112,571.25859,189.69261
113,452.47860,240.75528
114,1025.96413,559.14126
115,356.81070,121.62121
116,402.05400,201.04754
117,1017.40397,538.82477
118,596.39677,182.28463
119,596.19133,163.08262
120,834.99235,128.25294
121,1010.19413,619.01645
122,1000.46010,476.01146
123,889.13002,130.96706
124,1014.23341,543.90093
125,709.92366,90.34738
126,919.32387,74.72421
127,958.91330,357.14063
128,1024.82127,578.63923
129,615.85410,178.47317
130,546.95927,204.58091
131,1001.46305,540.31744
132,1000.02890,584.62534
133,411.00307,271.93264
134,716.27474,167.08787
135,983.25480,580.76914
136,1019.47546,623.58059
137,1001.31470,646.71130
138,483.87400,55.69932
139,653.75199,39.08312
140,1005.41163,517.70938
141,957.45040,-16.06635
142,598.26574,158.63288
143,554.37435,124.73332
144,985.86827,580.59587
145,488.83573,152.41584
146,680.62803,180.30650
147,1011.60841,635.43630
148,626.33538,155.78516
149,1003.26634,520.93730
150,906.79795,134.80078
151,982.00104,50.97179
152,378.20288,196.50088
153,558.50095,71.14059
154,918.80796,42.72041
155,749.75324,122.08492
156,991.25756,438.50640
157,572.32656,139.16349
158,684.65564,114.33023
159,1074.58455,197.14983
160,1009.55058,586.28932
161,692.33618,109.83352
162,1015.97635,557.64507
163,779.75872,123.06022
164,934.59882,300.59530
165,746.26089,149.32577
166,1012.53683,596.72780
167,397.38252,256.61236
168,978.16910,5.15858
169,501.31595,206.71423
170,836.97893,123.80681
171,892.82441,137.37364
172,613.77019,123.02155
173,580.03521,183.00455
174,733.46660,147.04438
175,670.57098,131.18212
176,418.10481,263.17723
177,811.19731,144.41820
178,961.95841,55.89453
179,518.29184,190.75946
180,703.99943,141.91738
181,783.32593,81.54002
182,358.99504,166.28277
183,1018.06226,592.20742
184,592.00870,156.45290
185,561.29366,160.91374
186,1016.58146,562.13154
187,719.98573,127.36284
188,688.39522,136.03335
189,982.66437,29.42667
190,1014.86174,613.09824
191,763.79494,117.42765
192,723.92464,153.94185
193,772.51375,-42.57773
194,770.20673,121.82897
195,662.71355,127.71293
196,691.36406,128.58288
197,1027.94566,583.28786
198,577.44417,155.19955
199,987.75603,338.01872
200,595.44337,171.86051
201,515.37555,202.18894
202,668.58388,173.75060
203,609.27356,205.75045
204,1012.68149,631.73707
205,1000.20670,408.95995
206,744.07022,139.09852
207,951.19437,240.87451
208,405.19823,242.23569
209,990.93530,462.40691
210,596.13289,128.76364
211,718.96265,149.63505
212,1002.22402,528.81534
213,799.61927,152.51953
214,1015.95392,543.48987
215,613.72618,-12.48405
216,397.48530,283.52744
217,701.09593,149.36807
218,951.63695,114.65643
219,767.25950,119.39013
220,927.70772,49.31981
221,1008.55067,632.67578
222,617.68279,148.74023
223,336.93879,92.15743
224,987.20650,564.66473
225,686.34014,162.82682
226,868.07885,96.10105
227,961.93497,256.52625
228,1018.08660,606.12617
229,1011.25141,-69.53334
230,696.49514,140.06659
231,396.66596,192.04948
232,1098.63130,211.35740
233,652.78639,17.43851
234,979.35427,428.54914
235,820.38130,113.00393
236,459.29583,10.90265
237,378.95134,176.87696
238,990.10950,633.27332
239,951.93179,107.20909
240,826.92885,59.43670
241,1020.75288,556.77871
242,715.40149,153.32847
243,942.80057,16.47054
244,1005.75560,583.22643
245,639.64653,159.54169
246,610.27066,145.24622
247,704.44812,65.61590
248,1027.21207,574.08029
249,1170.18972,229.37103
250,486.98919,162.61135
251,979.34674,65.72183
252,535.96496,171.09692
253,397.94653,264.25600
254,738.57511,154.21642
255,834.10036,121.30542
256,687.36042,180.83640
257,997.61864,393.84560
258,753.99557,125.07412
259,868.21658,21.18993
260,1012.62503,572.15472
261,424.54268,-8.23077
262,826.74163,126.28888
263,767.78833,80.21929
264,894.74453,157.93707
265,814.98316,60.03190
266,1001.58327,484.49419
267,986.81240,423.22135
268,717.75017,120.06678
269,414.98476,43.36872
270,995.77083,391.77412
271,779.93007,76.06934
272,402.12374,257.85321
273,792.03051,95.90014
274,555.28696,56.21655
275,1000.46971,-30.26374
276,749.22576,152.83118
277,712.55038,155.56870
278,1011.12347,607.87078
279,600.85165,200.74590
280,417.56055,202.60624
281,948.30976,-23.60505
282,921.88575,163.88421
283,571.93646,77.04407
284,999.19119,433.40492
285,899.93429,86.11019
286,675.78588,119.95400
287,644.13678,160.97127
288,988.35409,632.80503
289,749.39964,-1.68034
290,891.67866,112.78511
291,1002.54416,555.98970
292,655.17419,171.09986
293,965.10755,0.41415
294,963.41233,269.01149
295,555.11602,96.19904
296,1024.42895,598.65569
297,353.86439,36.16260
298,924.56376,16.06742
299,699.12129,133.73231
300,800.09950,146.34833
301,677.39582,36.53634
302,599.58051,142.19889
303,679.01764,-13.67678
304,407.31034,250.45794
305,969.23431,41.99583
306,942.11944,42.21677
307,1013.10413,536.03168
308,765.64317,122.02522
309,750.44326,117.12594
310,889.79154,57.25173
311,707.62343,142.72492
312,881.52759,83.58048
313,999.67659,479.68416
314,806.89758,70.06976
315,658.80210,135.00770
316,1006.62067,638.03100
317,1000.79234,17.63943
318,932.25694,29.85536
319,691.33212,117.18015
320,1000.10588,370.22450
321,419.16607,245.31622
322,723.99577,155.98149
323,748.73107,50.16716
324,398.25132,246.86751
325,709.05996,144.15046
326,399.50284,195.25976
327,499.34896,204.33599
328,590.85543,167.74941
329,898.38120,371.35397
330,919.06353,100.43346
331,855.12302,174.84574
332,732.05466,131.16348
333,599.36293,172.48776
334,1000.96321,549.49944
335,733.20489,149.25708
336,999.51920,383.82865
337,699.43165,155.54242
338,982.42590,355.06099
339,705.76811,138.08477
340,997.75114,465.04590
341,692.03559,122.39800
342,996.45556,363.50290
343,544.37562,196.15023
344,780.99173,41.01244
345,826.89772,123.24748
346,966.70141,296.91170
347,532.78941,112.14899
348,615.75265,150.81687
349,795.18550,89.57313
350,582.42521,163.30287
351,449.77508,201.69019
352,902.99379,91.42040
353,988.90890,480.30828
354,811.99255,44.34538
355,1005.10321,507.64975
356,778.70871,97.31345
357,1011.62854,550.57941
358,552.50442,170.30592
359,960.78851,368.35649
360,1007.19612,548.74359
361,623.94077,181.32616
362,973.08681,66.74627
363,1004.09135,531.82029
364,870.04305,6.32770
365,867.82518,109.78664
366,1004.72873,583.05215
367,675.30314,31.18364
368,648.29341,24.13458
369,999.48300,371.50862
370,961.86168,262.19511
371,560.34834,137.67694
372,1012.73377,628.88765
373,994.02617,372.64372
374,996.67889,444.98883
375,506.69992,143.67280
376,857.81844,125.08717
377,980.75831,309.35083
378,587.76340,190.91742
379,761.72385,56.38776
380,797.08263,105.48103
381,982.56594,3.76769
382,693.18191,133.18712
383,1004.07855,569.62338
384,987.25813,578.14823
385,1002.29924,517.13992
386,1004.74916,494.06776
387,715.89371,158.52803
388,962.39926,366.20101
389,505.38288,219.80324
390,401.61469,195.33205
391,692.04951,150.60999
392,1003.17482,546.21606
393,723.22262,40.44925
394,971.95078,293.03814
395,746.55030,110.04316
396,777.26570,65.55771
397,870.37133,149.24443
398,738.74721,133.36894
399,1007.68577,563.98518
400,620.03991,152.53795
401,510.38699,198.68378
402,684.01948,99.28052
403,703.28224,165.74405
404,623.28214,142.40917
405,989.16889,462.52447
406,592.56237,134.72140
407,826.00616,8.40454
408,984.97732,404.81066
409,990.95307,353.28223
410,964.52642,55.26141
411,358.41424,199.31160
412,728.24930,162.80966
413,354.23138,199.05105
414,564.55673,115.74947
415,1020.58096,605.60684
416,970.02652,308.35505
417,671.98610,162.25799
418,757.09746,115.99170
419,821.06073,51.30274
420,725.77138,166.81570
421,1215.78583,238.57864
422,395.61491,264.02023
423,615.75584,174.63397
424,1006.53212,579.54741
425,635.54671,150.65801
426,545.80093,110.19415
427,589.54539,175.42412
428,1000.95804,581.81317
429,805.36853,83.72515
430,629.28822,193.73536
431,604.47352,150.88230
432,962.27155,357.05793
433,702.67772,129.95666
434,818.83680,139.92270
435,682.36772,137.65885
436,835.36267,43.49678
437,938.32752,16.89667
438,527.41660,187.23337
439,911.29210,58.01590
440,535.34712,215.64007
441,406.53719,275.00912
442,923.37601,98.19984
443,780.85725,182.86759
444,693.89998,159.61793
445,1009.87263,582.14632
446,1004.14659,526.80512
447,644.36020,109.69623
448,714.32201,115.59497
449,961.21659,318.77670
450,392.91553,279.62750
451,1012.49798,624.08957
452,563.93653,190.24038
453,953.78186,14.01463
454,614.86307,137.20301
455,984.55829,49.78562
456,962.76526,362.68601
457,489.40009,229.97654
458,1002.74969,567.97524
459,764.06082,140.80710
460,755.89080,134.99737
461,520.11107,177.35513
462,837.25236,117.91217
463,504.25881,176.82823
464,775.72186,132.45984
465,437.18901,259.62000
466,751.50975,139.38129
467,994.68977,395.07910
468,730.79368,145.76358
469,727.99122,100.00928
470,938.82445,186.41093
471,551.31235,109.08029
472,938.78676,224.72379
473,719.45423,137.34849
474,967.46090,65.97352
475,699.41234,166.37689
476,884.94148,18.76249
477,638.07433,134.87963
478,397.29652,275.98288
479,740.90266,123.06312
480,1010.87383,588.75340
481,590.45802,161.99374
482,1009.02719,521.38551
483,936.63640,8.46092
484,773.99249,134.01710
485,1015.16723,595.68035
486,605.37761,145.36624
487,1014.68785,532.13666
488,1014.28674,530.21442
489,696.89819,125.49960
490,387.63514,177.61305
491,987.60601,456.93566
492,999.95645,574.84866
493,946.13074,-48.29642
494,748.53163,137.84787
495,914.63867,160.37105
496,504.65371,174.71402
497,712.52779,166.41756
498,787.99763,55.28144
499,665.65451,149.99023
500,1014.77152,598.86482
501,891.07662,109.57288
502,388.03654,172.78389
503,797.38256,146.99181
504,1009.61712,584.14276
505,964.36344,263.27264
506,505.91469,184.05227
507,515.72877,200.39226
508,487.08603,146.48143
509,585.02623,168.20617
510,728.32614,121.69021
511,976.28699,55.64699
512,1005.35132,585.26149
513,1180.25431,231.72407
514,483.43985,166.22984
515,701.78633,120.25505
516,516.10872,167.51906
517,679.69126,126.89447
518,750.05120,162.18185
519,1010.05994,625.89439
520,967.83698,56.34434
521,787.16055,130.39765
522,678.54656,144.74343
523,1004.50817,576.63035
524,998.60816,386.92823
525,798.94389,35.76110
526,980.97154,9.55951
527,730.86731,56.35228
528,1016.52173,554.08982
529,1020.95655,615.98454
530,951.61378,38.59238
531,658.82483,171.74647
532,604.29195,143.54848
533,804.60682,63.69121
534,1006.18535,570.19548
535,641.30489,127.56822
536,575.10676,70.89381
537,727.05384,117.89768
538,612.40911,157.57901
539,1020.32988,558.48119
540,980.24811,42.22573
541,998.23920,453.13728
542,759.89320,59.36610
543,570.52865,183.66159
544,989.02440,348.33615
545,791.50893,131.11063
546,917.19254,164.73269
547,1012.58442,516.77966
548,997.00086,425.43615
549,517.59177,174.17829
550,397.81449,253.72789
551,1002.71472,552.90621
552,1018.65081,553.25590
553,705.07404,79.91746
554,661.96502,55.39004
555,557.87734,114.12047
556,747.30412,121.88809
557,589.31307,138.29406
558,717.75407,156.74945
559,614.35998,154.66838
560,989.45563,586.92277
561,943.19322,398.99496
562,716.58447,96.48572
563,938.58234,197.21585
564,487.10863,158.43525
565,903.05694,37.51770
566,1007.55784,582.04297
567,999.15689,411.71391
568,420.39600,262.01718
569,724.44103,101.33668
570,702.12845,106.34856
571,692.61310,161.00153
572,544.77239,187.40664
573,684.47131,31.16428
574,987.96726,47.00215
575,390.17418,284.27685
576,651.38293,188.65005
577,464.02943,164.36989
578,1015.38135,541.21866
579,848.36450,106.15889
580,850.03076,125.78371
581,717.76942,95.38985
582,688.41514,171.60395
583,795.52300,174.67904
584,984.02143,333.32944
585,406.75327,254.35551
586,994.12763,366.53663
587,455.56076,193.10846
588,390.04433,177.13471
589,678.00607,126.57773
590,725.33107,84.92806
591,772.95173,92.74904
592,604.31570,156.76259
593,509.26659,140.22662
594,822.29898,32.86731
595,875.98156,107.50676
596,947.42902,278.05712
597,603.26068,132.69218
598,959.83628,26.72010
599,419.90784,248.68909
600,1006.18301,544.84685
601,770.37987,90.19304
602,883.15280,67.89165
603,616.77769,141.17395
604,707.77275,142.01855
605,720.67595,140.10802
606,999.18298,489.50665
607,695.75704,132.27341
608,508.94118,170.02873
609,788.59792,96.92339
610,585.09780,162.53044
611,620.87083,126.40384
612,959.75860,391.67508
613,656.39732,65.83740
614,966.12074,-79.00861
615,627.33755,154.28211
616,608.64855,113.19071
617,558.62457,158.89430
618,555.95028,155.38860
619,945.01506,242.71131
620,696.93294,146.78384
621,584.14493,140.36962
622,542.04881,182.25730
623,984.64999,333.37733
624,1005.58142,637.25678
625,1025.29074,568.53281
626,997.63334,458.87129
627,833.83377,63.78966
628,516.39353,165.31323
629,682.94191,140.73431
630,689.24577,127.13253
631,767.99008,138.09641
632,674.59486,173.26149
633,469.86951,101.62283
634,824.48718,130.46671
635,673.70333,142.23620
636,934.54803,62.61741
637,604.79426,141.08444
638,1004.89825,557.86744
639,711.43177,151.03110
640,737.66753,64.79001
641,603.35004,134.36167
642,740.86806,135.83757
643,1009.15485,486.93072
644,907.46130,-5.20236
645,515.62091,211.28304
646,702.75768,33.56662
647,898.72014,47.93286
648,794.18715,122.55389
649,805.05422,143.61661
650,666.21957,160.75835
651,440.21177,241.01659
652,687.52630,137.40282
653,905.65086,130.53314
654,745.34803,119.55043
655,697.79042,114.95559
656,541.91019,178.16899
657,524.49564,-73.08156
658,709.03119,80.08025
659,690.19319,149.51441
660,407.92863,247.89548
661,947.10521,212.78245
662,984.63529,448.58366
663,630.77865,170.17143
664,770.34702,137.24758
665,411.33925,257.09218
666,558.93730,179.07411
667,978.41848,74.13479
668,384.41926,31.39096
669,822.37577,101.70047
670,1001.93939,553.20553
671,408.02095,209.43470
672,518.57475,201.46183
673,791.06452,115.56194
674,699.23719,176.68211
675,392.46742,282.54731
676,556.89352,195.30256
677,782.42811,14.34437
678,511.99289,209.70649
679,986.87086,341.79334
680,732.94622,97.88137
681,994.54010,411.72744
682,716.94776,148.86563
683,868.96512,117.39217
684,978.67357,562.10767
685,740.18741,49.04748
686,604.52801,194.01242
687,950.18211,-17.96074
688,435.86754,255.56833
689,597.84275,133.65042
690,973.84323,401.07756
691,590.26494,107.15197
692,781.28965,101.80689
693,683.92583,169.53904
694,358.54255,148.07454
695,995.62537,484.70378
696,1001.39790,544.38617
697,986.25185,6.06975
698,756.57039,112.28719
699,982.17233,335.25811
700,1012.57489,534.87004
701,590.38123,129.44294
702,656.12779,36.09534
703,507.36905,172.74754
704,917.60561,138.76071
705,1003.98031,548.64625
706,1010.42524,629.93618
707,701.75001,146.89799
708,507.78204,182.41080
709,729.85555,155.53760
710,1215.93262,240.50870
711,826.36610,39.00494
712,390.46827,186.76645
713,995.93471,9.76244
714,724.57958,136.20121
715,675.63496,169.02944
716,805.20769,114.73095
717,684.00897,172.60892
718,677.14201,164.64867
719,487.03036,156.55080
720,645.33037,136.89477
721,577.85660,111.62020
722,989.89660,570.52946
723,1006.69313,614.36858
724,851.68451,123.10332
725,968.94729,269.96197
726,975.73242,19.84859
727,958.78833,72.96697
728,596.90303,137.69919
729,549.76739,184.97764
730,878.26418,122.60221
731,1021.35656,606.93050
732,634.66204,182.31845
733,680.41827,162.74520
734,682.65398,129.33493
735,792.36494,64.31468
736,967.45554,233.25734
737,745.15147,140.41273
738,656.46785,146.36138
739,533.52898,201.31511
740,1011.36789,584.61126
741,918.18119,11.60352
742,989.53117,362.86308
743,610.92868,82.48784
744,900.13600,180.74137
745,579.44040,130.12796
746,727.12454,114.11151
747,705.12500,168.27569
748,970.63330,267.22864
749,565.90328,89.60829
750,970.01916,382.40439
751,592.91401,158.30212
752,976.66374,325.82749
753,770.31734,61.80453
754,358.29322,197.82740
755,905.59149,229.44396
756,539.67759,105.23650
757,393.57191,244.50084
758,712.42512,140.85020
759,1019.09670,607.50076
760,991.19994,574.26659
761,678.41070,122.77488
762,768.94833,134.48132
763,772.03473,150.75093
764,444.79789,216.03287
765,970.94087,46.23432
766,586.52896,113.08333
767,714.66136,147.36097
768,614.12582,147.12509
769,678.46011,173.84449
770,612.07291,141.38775
771,1017.86493,599.46480
772,1025.14200,585.68491
773,665.63713,151.41542
774,749.52539,117.54083
775,637.96229,169.50592
776,974.32224,74.27612
777,583.22189,160.12876
778,1000.75150,490.57995
779,737.88174,152.18740
780,1003.55585,-84.23475
781,415.91149,265.49269
782,890.70203,2.35662
783,613.59214,143.11907
784,946.26329,-21.00550
785,989.76266,638.61749
786,620.74487,171.78474
787,1005.62084,588.24682
788,874.76710,117.31878
789,805.46897,129.52616
790,822.92858,127.97564
791,1010.75402,565.55575
792,394.95943,251.50009
793,1024.62085,591.59335
794,680.47838,140.09751
795,603.38824,148.58762
796,718.54207,160.99837
797,804.81010,66.37982
798,678.53988,26.24162
799,989.79919,646.37809
800,406.66902,233.14120
801,1022.88307,559.08570
802,833.28644,113.50436
803,1000.81748,532.81962
804,1020.77091,576.15070
805,393.00419,206.76787
806,673.21863,179.56678
807,640.36111,170.44784
808,702.41337,177.62761
809,1000.65226,526.95375
810,1001.77065,578.45799
811,1003.42859,543.48168
812,474.41169,216.83223
813,422.19106,250.40628
814,919.22713,179.23985
815,710.50126,146.84971
816,996.60269,576.32794
817,407.33549,267.04810
818,1020.09223,548.48297
819,757.75716,52.95569
820,743.47024,102.62395
821,920.65583,-23.18044
822,878.62172,17.28549
823,757.18505,101.83961
824,413.83331,250.31496
825,840.71477,70.23924
826,723.49866,111.08768
827,705.97027,109.17082
828,745.71189,128.80217
829,982.00308,315.81844
830,957.63783,226.57311
831,816.88565,102.73309
832,379.02084,168.39292
833,678.13979,75.41863
834,1019.23938,628.59962
835,779.82606,151.95138
836,686.47447,156.80950
837,887.19994,71.32851
838,727.58270,123.97791
839,994.18482,-2.24141
840,1002.62654,582.79025
841,1008.49079,575.93088
842,606.78338,148.37160
843,739.82479,113.15516
844,733.05615,106.77278
845,699.07514,122.31276
846,1017.93952,588.95149
847,678.25131,142.46649
848,1019.34599,-56.30847
849,897.31972,98.08988
850,709.90763,158.42928
851,702.23765,169.13299
852,848.17098,95.10900
853,1021.35796,582.04574
854,834.59857,58.70138
855,1008.56765,538.58368
856,995.63170,452.07159
857,520.14199,206.68125
858,755.32785,76.74961
859,512.20627,197.64121
860,1003.20467,559.45945
861,854.72428,128.96792
862,1001.96336,564.79657
863,789.15936,134.63057
864,679.39966,169.08176
865,614.48048,126.00624
866,822.86096,29.52287
867,718.20010,124.65338
868,642.20609,141.55265
869,772.60388,63.79064
870,449.92092,28.13446
871,960.04476,346.84654
872,473.94676,214.42914
873,1000.80493,507.53731
874,959.42850,253.75862
875,798.14042,111.50896
876,694.26192,174.79028
877,516.28020,206.91073
878,720.75353,131.91372
879,623.85160,149.03393
880,591.11495,166.00255
881,761.55212,136.06998
882,772.20810,85.94641
883,599.21833,165.12536
884,459.90019,40.68130
885,1006.46300,-4.72713
886,751.75413,125.32876
887,519.22057,175.44573
888,1003.80136,586.22714
889,761.36445,114.55068
890,706.65171,133.67051
891,645.13809,149.75176
892,729.16572,39.00404
893,751.14306,129.60541
894,994.41704,12.01251
895,699.01994,153.38911
896,742.65649,85.24689
897,1000.89942,547.44348
898,637.37643,154.67369
899,744.10370,46.49656
900,569.35583,129.98820
901,733.19476,87.91818
902,553.68339,126.73905
903,508.41601,158.49933
904,910.51702,54.80035
905,667.57963,112.72458
906,710.28155,141.78314
907,625.08564,142.51072
908,568.67248,172.55674
909,515.08287,194.97693
910,890.09730,115.90219
911,1017.86717,621.46620
912,693.08885,147.40594
913,694.86576,142.67153
914,600.66151,176.16960
915,669.71128,139.02967
916,751.88146,121.85190
917,701.02937,144.40324
918,972.66711,311.81107
919,701.97459,160.36876
920,591.55543,159.18470
921,1012.01702,612.75773
922,912.19498,147.91617
923,994.23164,593.19204
924,690.36239,126.86542
925,840.41145,49.44936
926,677.76630,142.09506
927,868.18894,12.51529
928,848.61588,86.47605
929,990.89834,362.74421
930,993.09702,39.09614
931,638.07220,165.82405
932,998.07658,440.06653
933,1022.66875,608.87604
934,1021.95456,585.64679
935,1023.04137,600.14416
936,585.30284,171.97883
937,650.66371,28.20622
938,736.87851,124.83258
939,719.55089,164.30289
940,585.12482,163.01359
941,739.12606,150.34499
942,674.01389,148.59274
943,813.59182,101.89804
944,821.10427,95.10265
945,970.41813,389.86325
946,612.74267,177.47861
947,944.64248,-6.64951
948,1016.64200,533.00629
949,391.21233,279.62643
950,576.78387,165.53185
951,834.18375,46.32226
952,735.39940,127.12861
953,1005.25356,564.76743
954,499.09043,151.62081
955,985.20868,480.26443
956,963.37646,370.73604
957,716.38482,143.55450
958,995.44959,377.54172
959,516.11707,203.45753
960,793.86503,119.35266
961,561.80109,79.58910
962,992.13462,365.07955
963,796.00263,97.95169
964,714.41678,157.58184
965,517.02375,179.78360
966,692.69273,125.28374
967,943.14469,11.95507
968,595.25574,140.01746
969,979.70923,435.98377
970,855.35864,2.65852
971,749.61632,125.10746
972,825.83769,132.60871
973,998.03198,556.24454
974,687.28539,136.03193
975,480.56303,233.94097
976,992.14812,367.25607
977,904.35008,224.90755
978,413.24016,204.61865
979,1023.78099,620.95275
980,389.50472,285.70601
981,881.08441,123.60034
982,799.65433,119.08855
983,810.32792,127.83755
984,754.14677,142.79129
985,923.44692,33.55091
986,1024.47073,575.68360
987,823.51208,98.75174
988,909.42103,23.77779
989,464.22000,215.32932
990,694.90537,124.78503
991,925.07098,8.81934
992,780.06168,113.71966
993,1024.99465,615.20180
994,568.01108,186.73410
995,397.22116,251.32288
996,607.93817,129.02627
997,461.10539,13.83659
998,902.94489,78.10660
999,1008.78656,577.47817
1000,422.33604,-1.17730
1001,791.58464,134.87378
1002,623.14411,170.96733
1003,363.42746,195.57620
1004,511.40012,166.52893
1005,487.91430,170.90181
1006,867.68656,125.06599
1007,689.34214,132.94951
1008,998.25572,376.90159
1009,997.06695,22.37865
1010,990.66290,342.05836
1011,998.89002,365.31414
1012,1002.25461,535.43441
1013,782.96440,132.82143
1014,927.71639,192.50229
1015,787.16605,147.91828
1016,406.77085,260.54556
1017,961.71399,361.90386
1018,1012.50311,605.55382
1019,797.83107,137.61922
1020,877.10779,128.85770
1021,689.86619,141.54410
1022,578.17293,192.65841
1023,667.88399,127.33949
1024,743.27465,128.54224
1025,942.02923,268.11676
1026,1003.93087,585.13007
1027,987.35580,473.85290
1028,987.86787,647.49459
1029,984.48734,338.08149
1030,1005.30564,627.19871
1031,983.82875,326.99385
1032,770.53126,97.65109
1033,627.88111,128.73885
1034,1025.01993,557.60191
1035,744.08603,35.40956
1036,747.60242,150.88374
1037,693.37462,162.99182
1038,374.77926,10.74005
1039,686.10540,127.71783
1040,1008.82538,530.14290
1041,774.20161,122.90391
1042,695.07145,135.19694
1043,950.49408,12.76564
1044,643.44390,165.81713
1045,978.09969,48.71224
1046,994.52048,29.11794
1047,995.99313,370.53379
1048,503.09231,147.60017
1049,922.01965,9.35557
1050,758.67257,141.23477
1051,713.15304,170.79402
1052,1010.16508,523.05665
1053,838.86280,9.99336
1054,737.71017,123.07081
1055,530.46056,188.85952
1056,873.38579,95.14552
1057,1012.91980,618.56205
1058,691.56545,155.75187
1059,660.60070,162.71815
1060,602.88053,139.04114
1061,806.37774,120.69967
1062,764.74253,114.27642
1063,821.02552,134.37804
1064,413.90864,272.28094
1065,803.00176,101.46574
1066,528.52393,177.06855
1067,735.85612,155.34076
1068,481.48675,187.56633
1069,679.58573,138.09637
1070,527.97565,192.33952
1071,751.63841,135.66233
1072,675.53773,133.97198
1073,648.71517,141.75964
1074,687.35873,139.57678
1075,1014.30643,410.15701
1076,934.39390,182.58576
1077,997.75430,389.15572
1078,525.38776,157.10016
1079,508.94343,187.92221
1080,535.06220,113.36613
1081,922.43399,86.29369
1082,848.75959,126.84882
1083,663.19133,6.94957
1084,596.68034,161.82268
1085,606.23506,66.76014
1086,661.31575,107.78529
1087,1026.60474,562.97837
1088,773.22879,127.16646
1089,646.33664,128.44795
1090,958.90701,259.73898
1091,890.37898,83.88094
1092,353.52527,121.90417
1093,770.91427,79.28368
1094,992.88594,352.37281
1095,493.28857,126.47499
1096,499.79596,142.94445
1097,753.69011,112.95420
1098,572.46905,183.47165
1099,726.03119,144.59844
1100,986.58221,577.04456
1101,820.83028,105.71549
1102,703.23168,30.54823
1103,1000.32934,49.18354
1104,1016.41149,602.16139
1105,865.14092,113.84409
1106,1021.80051,594.90122
1107,970.93090,271.75359
1108,955.16762,250.80818
1109,946.94411,-15.45364
1110,750.77921,111.01967
1111,965.28780,386.09083
1112,1011.40162,506.96161
1113,590.67503,185.56516
1114,873.27483,103.98311
1115,397.77372,215.77241
1116,1019.31441,546.48100
1117,868.49960,92.74979
1118,543.31424,102.78217
1119,770.53964,106.48587
1120,930.79597,-37.79895
1121,762.05134,122.29356
1122,793.81783,70.64365
1123,997.84590,382.00426
1124,846.22351,165.10239
1125,1004.37975,562.24449
1126,408.41400,249.30621
1127,391.22889,285.63730
1128,409.69271,212.97378
1129,874.33167,32.54713
1130,498.20606,-33.92939
1131,427.40823,209.65306
1132,725.02265,124.05799
1133,555.00631,171.59821
1134,651.32820,139.81387
1135,745.57728,106.76438
1136,729.66651,120.73553
1137,995.27616,581.24335
1138,662.18192,143.09040
1139,705.70840,144.28218
1140,508.44111,205.08267
1141,973.11319,51.20664
1142,1002.40860,475.35229
1143,994.35709,399.08758
1144,947.88039,4.30679
1145,687.08258,175.07545
1146,1021.39103,588.33108
1147,793.93812,130.51879
1148,509.39289,183.34588
1149,357.66378,141.27747
1150,923.50032,102.28617
1151,710.08571,109.58983
1152,738.68010,92.22968
1153,660.72995,139.66263
1154,729.01289,129.75120
1155,395.55214,280.68568
1156,781.57210,115.66058
1157,630.54676,163.21946
1158,959.17240,251.00922
1159,996.63763,385.69107
1160,620.73138,49.34052
1161,1001.24904,487.79605
1162,664.58762,127.36577
1163,547.67565,120.51800
1164,540.36721,197.28739
1165,676.36555,166.01036
1166,947.19190,234.69770
1167,907.98036,100.97164
1168,409.28437,241.61323
1169,1002.21683,488.96110
1170,724.21889,139.10761
1171,491.82046,210.90884
1172,1021.59988,621.95145
1173,531.91654,127.83155
1174,1014.07161,623.33769
1175,990.28169,648.54762
1176,1005.41152,553.61784
1177,995.38019,603.17742
1178,1018.09782,559.40822
1179,531.10390,179.11661
1180,979.77111,337.65738
1181,652.05535,152.83142
1182,719.15881,129.89734
1183,733.81249,171.50814
1184,816.36579,35.23996
1185,737.94204,162.55723
1186,392.38060,275.81422
1187,1015.00807,609.48519
1188,920.67395,52.81190
1189,518.66913,214.69674
1190,405.64626,229.43686
1191,694.44128,132.69796
1192,727.03219,110.77274
1193,706.39007,175.08761
1194,808.71209,135.84527
1195,1010.18593,596.84113
1196,605.81875,162.51808
1197,585.74166,131.44587
1198,535.86001,187.48284
1199,715.60717,116.69146
1200,999.38490,15.55750
1201,700.04853,174.11105
1202,982.22445,78.59350
1203,402.12358,278.60600
1204,986.77394,355.57792
1205,537.83104,56.43245
1206,699.21623,107.23088
1207,672.81736,116.59344
1208,671.94725,103.42700
1209,723.78756,144.26976
1210,660.69362,191.30600
1211,962.58328,-5.93382
1212,837.05755,-58.92215
1213,843.59861,-103.82940
1214,882.59009,-129.53215
1215,592.25598,-90.35928
1216,452.85561,-70.34262
1217,470.29941,-45.32790
1218,533.69212,-73.80538
1219,681.79477,-107.13240
1220,781.18128,66.52877
1221,821.82022,-48.16407
1222,895.21229,-150.03645
1223,571.57347,-66.87359
1224,1020.26430,610.76327
1225,601.12509,-90.02888
1226,867.06735,-98.52742
1227,861.74137,-95.23520
1228,681.95657,-97.95002
1229,487.05661,-39.90817
1230,335.18590,24.78681
1231,937.41638,-4.67909
1232,957.10868,211.75548
1233,977.78180,-130.90258
1234,594.50674,-64.76431
1235,969.10346,-89.24108
1236,483.85703,-77.64358
1237,642.50442,-70.19720
1238,954.19483,216.15856
1239,899.45301,-150.12141
1240,853.10521,-82.56209
1241,609.10584,-55.26349
1242,674.07134,-15.22808
1243,946.09118,173.91216
1244,369.87983,38.95213
1245,957.49118,-92.69023
1246,997.64759,-113.79642
1247,934.26361,140.92572
1248,823.70442,-99.30035
1249,861.12096,-64.69451
1250,933.78197,-123.24055
1251,529.89623,-28.04818
1252,871.39257,-129.70839
1253,894.08784,-94.94835
1254,645.31227,-60.20460
1255,985.61017,320.51172
1256,997.41196,456.24867
1257,1020.57875,-94.40130
1258,674.64399,-83.60985
1259,673.78931,-87.27579
1260,869.56018,-107.43768
1261,998.34641,640.07022
1262,929.30803,-34.92168
1263,692.81322,-78.12170
1264,407.97287,-41.61925
1265,684.93092,-75.82251
1266,376.95523,-55.05576
1267,439.55020,-1.69067
1268,850.50457,-38.65149
1269,940.62016,89.17234
1270,933.92163,11.80318
1271,941.74086,-18.43463
1272,929.04864,33.92215
1273,523.84523,-80.12619
1274,366.71374,-12.11082
1275,948.58607,240.42654
1276,569.35775,-37.92827
1277,973.12198,531.21560
1278,1008.25724,-114.61225
1279,521.72405,-75.04749
1280,987.47502,325.65972
1281,1194.81614,234.83262
1282,309.44054,69.02304
1283,817.62427,-7.63638
1284,860.20134,-96.48347
1285,689.26898,25.03398
1286,611.68931,-79.61312
1287,482.57497,-43.66599
1288,842.26867,-33.85918
1289,319.13540,-5.16346
1290,993.26845,417.31697
1291,959.68874,223.31739
1292,940.47955,130.68371
1293,863.12333,-121.71969
1294,900.52689,-93.42110
1295,564.52872,-60.62019
1296,625.86438,-57.06434
1297,950.98136,-143.38167
1298,926.95940,172.35235
1299,536.49620,-89.57940
1300,483.18685,-73.56159
1301,732.54909,-100.36900
1302,926.37936,25.50777
1303,942.43675,147.43537
1304,631.66667,129.00584
1305,1213.61230,239.11483
1306,543.43920,-30.28360
1307,949.86856,-3.79137
1308,427.50214,-70.81798
1309,986.92233,550.34354
1310,486.13045,-45.48675
1311,457.04634,-62.29160
1312,967.26240,253.24368
1313,811.12380,-57.74011
1314,740.10662,-38.89289
1315,857.70880,-4.77358
1316,985.72701,-91.76891
1317,529.34490,-1.37197
1318,682.13257,70.69440
1319,974.57856,-71.06981
1320,427.66404,-62.46605
1321,911.49068,-135.09089
1322,988.92599,-91.67933
1323,846.37222,-48.63077
1324,749.29762,-86.65432
1325,1002.20105,452.29291
1326,399.80559,-40.54684
1327,856.60208,166.65234
1328,837.43407,-57.11145
1329,990.01075,-110.28912
1330,998.66516,608.81009
1331,502.00450,-86.09305
1332,946.20739,-22.64261
1333,630.16268,-45.29198
1334,1002.22316,564.17335
1335,371.20144,20.24354
1336,966.32215,257.46803
1337,986.40938,331.23492
1338,915.95134,34.89658
1339,692.35086,-104.26104
1340,1015.71470,-106.95875
1341,584.00905,-56.51199
1342,459.78596,-75.76517
1343,903.54156,-110.55771
1344,653.65987,-63.64762
1345,319.09362,-36.93217
1346,927.53410,242.85877
1347,932.12489,63.81795
1348,988.38857,-69.24507
1349,331.39403,92.79598
1350,990.90059,433.07959
1351,456.17439,-66.69172
1352,732.10844,-96.26996
1353,919.46568,-68.19385
1354,890.87098,92.68554
1355,779.88714,183.53917
1356,801.45648,-120.85382
1357,882.55894,-67.09329
1358,909.98073,34.09385
1359,455.11235,-68.96510
1360,1010.23553,-111.25590
1361,419.76275,-58.49039
1362,933.30425,-53.02590
1363,856.18365,-146.16357
1364,949.40798,-136.45057
1365,807.58066,-94.74282
1366,355.21299,197.59262
1367,557.78592,-92.23353
1368,1011.96920,622.01709
1369,1190.32369,235.36172
1370,976.82180,562.63660
1371,988.91712,607.11708
1372,897.43489,-92.28898
1373,736.22759,50.79631
1374,630.55942,56.97257
1375,630.59050,-53.15035
1376,441.21595,-59.07915
1377,541.26458,214.72288
1378,917.43194,-92.93001
1379,457.76076,-31.13295
1380,1003.22502,574.20831
1381,660.67930,-73.26441
1382,962.06711,71.80337
1383,984.23047,354.74619
1384,481.83415,-86.25188
1385,919.89541,-87.37279
1386,835.98064,-94.92019
1387,987.81565,-66.41817
1388,526.94626,-80.92547
1389,989.46511,367.50422
1390,997.04303,490.81488
1391,931.50928,-128.41742
1392,722.43983,-64.74665
1393,350.47394,26.04218
1394,944.08565,85.74086
1395,670.39302,-95.89825
1396,858.63482,-135.13970
1397,667.54642,-90.23927
1398,334.22873,-40.33700
1399,532.28056,-65.53183
1400,439.69223,-75.45219
1401,992.46935,471.77660
1402,978.97415,317.60371
1403,792.89088,-80.53828
1404,937.11791,-126.01368
1405,564.15532,-68.17851
1406,952.62860,-65.15580
1407,994.97991,381.66168
1408,839.94816,-62.89632
1409,396.19043,-66.75107
1410,363.60761,-57.99867
1411,492.65442,-67.28986
1412,479.59000,-77.79654
1413,1000.11727,571.87820
1414,944.18558,-10.54091
1415,851.91563,-117.70975
1416,689.19043,-99.10475
1417,603.26964,-66.90351
1418,723.00264,-43.22260
1419,894.53418,-99.80805
1420,407.09159,163.75757
1421,807.14995,-72.43244
1422,499.48376,-59.95878
1423,872.03241,-143.07799
1424,1003.85356,637.00945
1425,529.57262,42.29192
1426,374.07252,-49.74844
1427,899.60838,-122.34717
1428,988.80171,360.65557
1429,979.88431,373.52793
1430,639.09304,-17.23277
1431,655.50500,-97.46998
1432,852.62191,-119.47340
1433,870.62854,4.76150
1434,802.37468,17.24305
1435,446.44097,-67.36306
1436,519.06195,-43.42026
1437,996.14661,633.47256
1438,638.28256,-89.62283
1439,959.78138,278.77242
1440,683.22914,-91.67987
1441,974.12416,-128.39720
1442,961.17021,231.76426
1443,651.58153,-92.54531
1444,425.32963,-73.13341
1445,693.29396,-59.14218
1446,920.62107,14.42149
1447,393.11694,-55.22231
1448,566.45089,-91.53306
1449,487.54556,-51.41632
1450,834.59471,-132.54693
1451,476.13210,-46.58887
1452,817.40676,-84.99061
1453,514.08308,-68.48503
1454,996.43400,584.40659
1455,682.84052,-52.75712
1456,853.53259,-138.53789
1457,408.48068,-58.02310
1458,644.85316,-78.45379
1459,820.49668,-84.33348
1460,717.26987,-78.40976
1461,743.03733,52.62265
1462,355.81826,198.69407
1463,942.56949,22.46659
1464,743.67667,53.89789
1465,885.30838,-132.16140
1466,369.55312,-48.48903
1467,949.28722,-119.30895
1468,774.15530,-80.48515
1469,948.91001,-143.11089
1470,481.05248,-66.49133
1471,539.11727,-53.90884
1472,356.56908,-55.97240
1473,662.78923,-52.49751
1474,940.28666,20.13999
1475,338.35651,120.88648
1476,962.62846,-136.00937
1477,1204.05129,237.75409
1478,917.66643,-137.86228
1479,365.19419,-54.03580
1480,462.49531,-69.40574
1481,667.50624,-12.71747
1482,684.75342,-87.28571
1483,605.19592,-57.23033
1484,851.05141,-142.81300
1485,732.43532,-111.82244
1486,943.62138,-115.54710
1487,425.47196,-0.73539
1488,992.31036,417.59661
1489,982.33511,337.80674
1490,651.07238,-88.67957
1491,419.47417,-31.84743
1492,489.80557,-65.32880
1493,726.07111,-108.51773
1494,495.47209,-86.11377
1495,1005.10556,-114.02133
1496,996.51437,548.67920
1497,993.12950,553.36519
1498,804.41264,-51.86192
1499,645.03729,-79.59654
1500,299.56171,44.01037
1501,998.70804,582.02411
1502,975.54697,288.96700
1503,609.38261,-93.14522
1504,451.91182,-81.00789
1505,396.28930,259.17137
1506,921.04507,-97.20171
1507,944.85055,214.66235
1508,439.19043,-61.93369
1509,999.54706,460.48478
1510,883.72054,160.52816
1511,921.98103,-67.81523
1512,839.16154,-3.76343
1513,377.37959,-61.76567
1514,989.10912,483.12241
1515,800.15421,58.32709
1516,1009.17373,-101.48309
1517,471.20370,-25.66836
1518,349.94841,-17.68186
1519,395.71192,-64.52014
1520,988.02778,-70.97682
1521,962.18241,-52.80107
1522,751.42959,47.06244
1523,743.83294,-98.00251
1524,925.00442,-46.75858
1525,677.98521,-83.80722
1526,886.86941,-14.23135
1527,910.81674,162.52821
1528,1001.15668,-99.53149
1529,375.73388,35.67580
1530,732.85530,-21.43071
1531,826.34937,-102.09214
1532,709.83281,0.99564
1533,834.63764,103.21732
1534,1000.94563,587.26131
1535,600.05990,-22.35642
1536,469.38786,-69.74317
1537,677.76839,-77.71146
1538,381.52622,-23.87863
1539,1109.97833,217.17831
1540,767.44088,61.91598
1541,860.14120,-145.73873
1542,347.98125,-22.02358
1543,783.31783,-16.75176
1544,941.71924,31.58034
1545,466.26773,-75.04188
1546,990.65017,467.79657
1547,990.32321,405.72948
1548,663.00247,40.13901
1549,828.49371,-137.46026
1550,1092.19693,206.73932
1551,1168.55565,227.95637
1552,709.76264,-100.94838
1553,829.11609,8.72293
1554,763.43097,-82.17255
1555,724.00344,-105.73636
1556,455.08701,-64.55301
1557,506.76986,-72.77575
1558,868.71004,-115.45669
1559,922.81562,12.75236
1560,992.92241,432.68710
1561,675.22067,-89.38642
1562,473.30550,-36.61775
1563,642.11123,-95.28935
1564,997.96118,590.16080
1565,991.48116,-135.25078
1566,884.71547,-96.89938
1567,927.98282,-136.75035
1568,892.98671,-95.46539
1569,350.41238,-33.74800
1570,880.47994,-0.42338
1571,327.89996,-15.69801
1572,832.47303,-72.67460
1573,992.02325,611.79792
1574,987.82233,414.57528
1575,999.17718,578.85232
1576,885.62194,-85.57124
1577,707.71937,-93.34194
1578,924.72872,-149.22356
1579,934.85629,-110.84389
1580,872.62957,-96.60105
1581,394.84361,24.68664
1582,522.68953,91.08639
1583,858.17874,-23.98574
1584,408.47114,-64.65752
1585,404.30210,2.27099
1586,1010.59840,636.52286
1587,353.02552,-33.54680
1588,876.86243,64.07007
1589,408.24094,-66.37084
1590,442.81229,-73.42436
1591,993.31045,630.94880
1592,839.87891,-12.11382
1593,929.82460,301.37842
1594,810.21304,-79.33435
1595,970.71441,-84.36248
1596,337.51420,-40.27420
1597,560.86778,-56.16126
1598,957.91025,322.66075
1599,1090.82291,240.05183
1600,505.86679,-63.96428
1601,945.47466,141.10276
1602,759.89721,60.86218
1603,379.21464,57.04707
1604,598.80773,-96.28065
1605,800.76712,-27.71071
1606,809.47190,-29.81975
1607,849.10581,-20.64762
1608,583.84881,-62.84711
1609,1103.23577,209.49815
1610,834.65666,-98.99355
1611,313.13310,69.62326
1612,860.69061,-89.83559
1613,1010.72894,593.14835
1614,825.04212,-86.64159
1615,944.41225,-99.35073
1616,308.60782,-32.11216
1617,856.13128,-17.05514
1618,467.72901,-45.30738
1619,876.26647,-131.10582
1620,343.11174,-42.61557
1621,1001.83565,595.67567
1622,586.25523,-17.60236
1623,879.55899,-120.02472
1624,868.83183,-112.08928
1625,713.13877,-54.60508
1626,292.04005,-11.55270
1627,816.52585,-62.97589
1628,393.35803,-7.22895
1629,928.57655,240.66407
1630,986.14479,441.04246
1631,882.58958,33.30159
1632,866.39092,-135.48590
1633,948.62947,172.05922
1634,899.34642,15.46582
1635,983.11871,309.63471
1636,842.01022,-117.27623
1637,398.26274,-6.71908
1638,864.95321,-87.76152
1639,971.85749,279.62358
1640,481.62443,-61.16898
1641,334.24317,-35.71310
1642,471.04368,-52.69903
1643,847.02303,-77.43450
1644,953.34309,308.46477
1645,988.60117,609.36341
1646,932.58544,-27.50165
1647,847.10750,-130.38704
1648,1019.44056,620.47926
1649,996.24133,457.80819
1650,1008.65855,-98.70772
1651,887.83357,-120.78599
1652,813.68555,-69.07030
1653,414.83119,-49.40364
1654,540.23286,74.56091
1655,983.94437,313.14647
1656,951.77502,-12.03035
1657,993.35089,424.35388
1658,457.35913,-77.88149
1659,1159.96276,230.09551
1660,837.01095,-69.66950
1661,1077.97772,198.45808
1662,972.30294,396.76116
1663,828.49321,169.50830
1664,767.12726,-19.67147
1665,842.83409,49.83728
1666,732.93313,19.35077
1667,997.67398,595.62939
1668,994.56155,425.82226
1669,896.23163,-88.72669
1670,467.36607,-62.33518
1671,991.88866,639.72835
1672,960.04483,349.83196
1673,989.71772,648.16353
1674,932.29690,-37.28562
1675,665.70694,7.71256
1676,996.58704,438.86098
1677,991.44748,616.61279
1678,514.76242,-82.01236
1679,338.93842,-19.49157
1680,974.86361,-61.28581
1681,785.56213,88.28852
1682,471.78477,-50.94308
1683,992.60052,642.34427
1684,836.05104,-74.41583
1685,316.56810,-35.74875
1686,1002.15850,455.21422
1687,921.71844,-121.29401
1688,446.62722,-30.07495
1689,936.90310,228.97044
1690,856.54691,-30.23312
1691,921.16619,5.04040
1692,828.82960,-52.36495
1693,653.38363,-68.68325
1694,646.87932,-55.10989
1695,391.58002,167.57290
1696,886.91913,-83.09388
1697,952.88852,326.08252
1698,984.30005,328.56058
1699,842.23830,-123.67949
1700,877.68399,-119.54051
1701,941.70050,39.26486
1702,985.01601,348.58579
1703,953.67267,203.07161
1704,672.67355,-77.98589
1705,911.06005,-91.23642
1706,856.25022,-136.19660
1707,416.50813,-55.01771
1708,969.76696,333.99109
1709,405.38729,-66.13155
1710,987.42898,381.02719
1711,472.37780,-81.99974
1712,330.18393,-33.09585
1713,931.97187,6.46986
1714,813.97018,-28.55054
1715,509.93765,-52.04715
1716,442.42549,-29.36053
1717,439.99142,-69.34757
1718,428.54100,-42.63193
1719,435.47289,-64.30480
1720,839.68722,194.41077
1721,839.96293,-71.50346
1722,609.07719,-60.67929
1723,689.27628,-79.43009
1724,330.12563,-37.61458
1725,871.54903,36.83720
1726,852.20847,-145.86831
1727,759.64449,24.40980
1728,625.23849,-75.16984
1729,822.23196,18.88733
1730,608.14193,-86.75607
1731,965.02205,-133.75239
1732,902.58048,-35.76516
1733,840.91259,-67.92639
1734,476.99589,-68.83317
1735,804.70630,-23.49143
1736,683.07517,-84.09807
1737,349.81186,-32.79470
1738,489.56889,-81.59625
1739,941.18336,7.32164
1740,806.69326,-69.89946
1741,1015.59149,614.10908
1742,940.27924,105.97065
1743,495.13792,-43.83082
1744,738.40287,-95.70947
1745,603.75636,-20.05737
1746,996.16603,649.28528
1747,1212.73880,236.65401
1748,480.15019,36.81933
1749,838.06891,-88.80727
1750,981.26357,-134.36551
1751,867.86252,-102.64893
1752,938.82703,133.11865
1753,907.54987,-129.33284
1754,928.65799,25.64462
1755,562.70816,-78.17466
1756,589.11427,-98.83671
1757,925.03942,97.51660
1758,851.62453,75.30548
1759,738.66796,39.13998
1760,528.63545,-64.15988
1761,857.46167,-116.06488
1762,764.47702,-71.41712
1763,380.43696,10.86779
1764,689.90293,-104.60345
1765,876.26514,15.40825
1766,947.72036,52.42144
1767,668.90375,-109.97040
1768,969.25795,-91.57301
1769,660.10695,-92.83155
1770,352.51900,26.32140
1771,863.41589,125.37242
1772,916.31486,37.02473
1773,473.84816,-63.41370
1774,493.26588,-80.86994
1775,803.50510,-66.25873
1776,801.04282,-57.85347
1777,459.50575,-17.88168
1778,948.07220,300.76354
1779,493.92081,135.52911
1780,643.86989,-83.50515
1781,776.04761,-11.06417
1782,425.25193,-56.07883
1783,523.58768,10.38143
1784,923.91230,-142.39614
1785,364.91709,-14.85356
1786,655.69666,-90.39192
1787,392.93979,14.83581
1788,396.54615,-60.94411
1789,332.98729,-21.29560
1790,950.51674,-4.73327
1791,888.16285,-114.55637
1792,719.91113,-52.74251
1793,939.88509,1.97655
1794,810.05394,-71.32845
1795,627.39765,-77.16584
1796,924.99638,0.62777
1797,641.18705,-79.07720
1798,912.50497,-2.09762
1799,936.23893,54.21973
1800,889.57296,-120.39205
1801,354.34288,86.01512
1802,366.39421,120.10837
1803,746.51680,-77.58903
1804,644.85140,-42.34348
1805,590.49677,-92.58961
1806,664.19973,-88.57176
1807,391.36298,34.89643
1808,671.19070,-82.07780
1809,956.43533,271.05930
1810,957.45298,-31.10020
1811,850.67682,-29.95795
1812,996.04285,647.39100
1813,706.70532,24.56869
1814,839.74051,-116.90465
1815,842.66954,-95.10168
1816,915.85209,-141.51670
1817,343.87940,89.41034
1818,952.85598,-131.77645
1819,614.93668,-98.40117
1820,364.84974,-29.38754
1821,483.23971,-45.33343
1822,564.05267,-92.54339
1823,713.62723,-96.61291
1824,660.46202,-86.61348
1825,589.76929,-66.87922
1826,931.91374,51.08849
1827,975.01019,-92.80409
1828,402.33678,-32.54891
1829,708.32342,-42.85131
1830,771.44577,-53.78836
1831,386.38683,-62.53986
1832,738.36806,12.43833
1833,834.79245,-40.51773
1834,781.90768,-62.51612
1835,921.84754,-92.13179
1836,684.63564,-90.26934
1837,319.64880,7.84181
1838,755.31407,-77.15622
1839,386.92218,27.15768
1840,946.82588,-53.48287
1841,988.84708,-32.02763
1842,948.31048,-140.74185
1843,994.54591,650.12141
1844,744.47119,-32.15515
1845,978.91256,297.24044
1846,339.66454,23.12339
1847,586.11521,-81.99239
1848,715.46226,-95.98226
1849,318.62174,39.50017
1850,572.05641,-72.40311
1851,290.40865,-5.13156
1852,659.18098,-84.96674
1853,686.07047,-67.09036
1854,924.76652,-14.73085
1855,479.96614,-81.04314
1856,538.71157,-68.38038
1857,888.16479,-79.47555
1858,868.31288,53.58224
1859,968.00293,-92.91717
1860,1001.11260,613.93448
1861,544.62505,-71.71964
1862,622.01761,-90.85520
1863,1009.54112,611.72519
1864,895.51162,-143.13654
1865,582.72560,-69.41457
1866,655.52441,34.24145
1867,887.01295,-135.45315
1868,468.82908,-55.79951
1869,320.15120,-17.29304
1870,943.68146,14.99174
1871,688.72236,-60.31699
1872,543.46048,-88.87484
1873,857.02198,-25.96418
1874,952.46886,-16.21116
1875,322.72825,-4.72067
1876,895.20495,-36.34989
1877,875.10100,-99.95009
1878,918.65255,-58.75589
1879,403.77447,147.35064
1880,674.66080,-64.46600
1881,932.12969,90.35209
1882,461.57514,-40.86808
1883,328.79484,-3.54089
1884,338.48690,-46.63585
1885,826.53408,-9.49520
1886,355.44063,-43.17426
1887,616.74186,-74.01128
1888,933.39296,7.14173
1889,1035.07187,-76.13021
1890,938.79934,-143.31191
1891,680.69681,-61.79502
1892,720.53856,55.42745
1893,494.82204,-69.40681
1894,708.12966,-90.45884
1895,304.63214,47.90061
1896,551.39327,-72.60989
1897,997.47292,65.60976
1898,473.70682,-49.47574
1899,916.53732,243.59203
1900,999.90304,602.96033
1901,1020.87033,-55.05757
1902,842.77382,-133.01369
1903,880.51985,-106.96198
1904,300.38658,-8.40846
1905,764.87584,-22.88255
1906,366.86953,-50.60575
1907,775.39338,65.85107
1908,714.73195,-39.17083
1909,989.20424,379.59753
1910,510.32832,-85.77621
1911,941.47767,-43.16206
1912,371.84109,-52.41302
1913,643.30603,-73.61670
1914,533.87933,-61.00213
1915,325.42683,88.75064
1916,324.45370,34.11550
1917,948.93373,188.76179
1918,336.43642,-34.75705
1919,621.72428,-68.30470
1920,573.48474,-81.96268
1921,577.61364,-58.32692
1922,671.67006,-62.20082
1923,459.11523,-50.45867
1924,877.56396,21.20611
1925,914.84714,263.22692
1926,937.69043,-130.88771
1927,980.35669,503.86156
1928,287.84162,4.37681
1929,346.12679,125.85726
1930,353.12666,-48.47881
1931,798.07291,-79.38818
1932,921.14047,-129.10506
1933,600.27297,-65.13191
1934,805.31554,-81.08038
1935,931.90548,-124.84108
1936,883.95208,-1.22580
1937,886.53799,83.37226
1938,831.81374,-16.81444
1939,935.52371,96.33585
1940,1013.40855,589.79569
1941,867.45246,-9.73129
1942,382.09070,-18.43247
1943,814.51110,-98.86961
1944,757.51060,-106.59154
1945,768.35734,-122.07233
1946,917.37587,-62.30050
1947,734.80660,-84.43157
1948,967.94307,-47.51722
1949,893.80476,5.79366
1950,897.55894,13.27427
1951,346.13840,-31.34691
1952,443.96895,-53.36762
1953,983.87489,-140.81162
1954,660.42762,-96.71394
1955,303.95784,54.62146
1956,922.73593,-34.07019
1957,1208.39922,238.01266
1958,483.64789,-75.39384
1959,713.07099,-71.13306
1960,826.82903,-79.91412
1961,872.82557,-110.72221
1962,919.90473,63.01701
1963,548.02593,-71.94641
1964,959.19184,-130.52169
1965,598.39755,-94.61576
1966,903.12480,18.97827
1967,981.05205,-105.56545
1968,821.80892,-64.26962
1969,720.75871,-92.01222
1970,1200.82433,236.08473
1971,714.29889,-103.03910
1972,494.55497,-40.75534
1973,897.56205,227.62898
1974,793.37984,-48.99433
1975,942.76615,-94.06186
1976,993.22227,429.55139
1977,586.72079,-68.71189
1978,525.65905,-28.91256
1979,816.65504,-71.90064
1980,458.45560,-65.80353
1981,923.06191,-2.84797
1982,849.83269,-55.28895
1983,718.26061,28.93245
1984,367.32441,-59.36691
1985,908.65435,-108.24337
1986,438.14945,-71.03928
1987,388.80154,167.52587
1988,886.44548,207.53393
1989,886.32545,63.64068
1990,971.75915,-138.97729
1991,558.07557,-56.58646
1992,846.87022,-22.11748
1993,366.36192,-1.06186
1994,653.24085,-73.67404
1995,757.56086,-89.12082
1996,985.62096,-130.94286
1997,797.57515,-72.60480
1998,896.87867,-105.69800
1999,595.51153,-69.78253
2000,374.96346,-34.90929
2001,289.63164,-24.09665
2002,644.39805,-89.37944
2003,941.83554,9.64819
2004,854.78989,103.88244
2005,931.44558,-29.75609
2006,996.78660,554.64433
2007,795.40473,-55.30240
2008,987.87109,-7.30285
2009,456.33632,-69.89554
2010,789.70946,-88.10578
2011,1093.05534,204.27663
2012,679.04456,3.11439
2013,617.97772,-5.89267
2014,382.46632,-59.00185
2015,884.96088,-106.35876
2016,920.80109,-133.43768
2017,869.29585,-145.35327
2018,913.92274,-112.99025
2019,396.48703,-13.03388
2020,356.68861,-47.30993
2021,869.02580,-133.47071
2022,906.77388,-113.14396
2023,861.10136,-130.18959
2024,553.68760,104.46785
2025,296.21218,37.06706
2026,1173.90487,229.25322
2027,907.01308,-70.31530
2028,553.02105,-86.31553
2029,939.19076,5.74492
2030,832.80547,-57.89628
2031,969.55479,-43.76020
2032,907.99767,-145.10030
2033,981.22562,-24.49823
2034,974.31796,-45.89420
2035,800.90530,16.28913
2036,340.34630,-12.65983
2037,441.40789,-65.37450
2038,424.09266,-36.89834
2039,369.72577,-54.37427
2040,822.17642,-67.91936
2041,922.26269,-102.31724
2042,814.52676,-58.76222
2043,988.68503,592.64592
2044,851.28094,-129.28215
2045,764.35704,-39.77444
2046,389.54585,168.59336
2047,564.17986,-79.69570
2048,390.01098,-39.36676
2049,519.07079,-64.67498
2050,707.84579,-65.20732
2051,549.87690,-73.24171
2052,456.36227,-63.89381
2053,1070.08657,199.91487
2054,782.72084,-93.38842
2055,881.85097,-99.83928
2056,802.93059,-127.69288
2057,844.82664,-87.27216
2058,365.03802,-26.13269
2059,588.91584,-79.09099
2060,616.93059,-52.83755
2061,393.54640,-47.27154
2062,989.31637,567.58443
2063,817.76492,89.76847
2064,845.82349,-14.62299
2065,350.55207,118.30597
2066,912.63071,38.35068
2067,865.05233,6.88064
2068,983.76666,-107.66266
2069,561.01646,-96.48433
2070,319.02214,1.65042
2071,322.44898,-27.61771
2072,580.38465,-89.17800
2073,997.12164,429.85920
2074,932.04277,-117.59081
2075,722.49519,-98.92261
2076,659.97570,-45.05414
2077,967.32515,373.05620
2078,877.34813,-42.00556
2079,567.06739,-87.96977
2080,935.98940,-79.26992
2081,907.42869,33.53959
2082,465.56211,-24.27764
2083,854.22889,54.09664
2084,918.66029,-71.60518
2085,1211.43089,239.47991
2086,801.01803,-89.13434
2087,509.62879,-66.71734
2088,1016.46456,617.13618
2089,292.87157,-6.17388
2090,483.82618,-41.49807
2091,977.20304,-140.21003
2092,536.69944,-71.69845
2093,966.60212,30.54989
2094,764.15598,-52.70436
2095,967.82079,-11.65945
2096,932.40762,-57.28028
2097,874.11291,-141.21546
2098,398.64686,-66.61082
2099,804.86585,-40.58347
2100,821.47910,17.05562
2101,645.98290,-69.07702
2102,325.39934,4.19615
2103,903.03416,-102.40741
2104,345.46808,-38.47538
2105,984.47913,-125.12318
2106,901.15973,-134.18761
2107,749.19546,-69.73884
2108,801.71883,-119.29342
2109,998.02977,631.43848
2110,622.33708,-92.59275
2111,976.74653,-92.75344
2112,764.88835,-61.87134
2113,945.97305,164.79444
2114,890.28204,-98.54802
2115,882.69135,25.73690
2116,973.87806,-13.59052
2117,585.50494,-73.16810
2118,936.13684,109.21180
2119,910.52911,-96.35541
2120,364.24915,95.67251
2121,296.19796,-5.22561
2122,393.81499,-35.21401
2123,561.28488,-81.80875
2124,340.46610,-45.15485
2125,724.09822,-86.66214
2126,830.56616,-127.03226
2127,436.23818,19.98858
2128,393.88416,-4.30738
2129,920.22287,-112.02701
2130,755.24968,-85.79971
2131,578.11198,-78.12696
2132,798.55939,-55.45364
2133,796.70882,-115.76029
2134,991.47022,389.24117
2135,356.28828,29.06725
2136,1002.28693,-116.49337
2137,903.95322,-79.46922
2138,920.83908,69.41332
2139,814.67569,7.27953
2140,480.71184,-55.80364
2141,752.65902,-6.42608
2142,370.32024,-35.89499
2143,339.68393,-42.95273
2144,704.14312,-79.07569
2145,994.18886,622.79467
2146,667.87339,-96.64698
2147,969.30646,-79.94189
2148,1033.31101,-71.15891
2149,710.66469,27.55912
2150,886.08008,-107.95652
2151,437.80660,-76.58595
2152,645.78650,-85.13960
2153,639.72199,-62.66283
2154,975.58374,-29.53012
2155,802.11578,-80.89541
2156,548.81609,-65.62152
2157,677.98360,-89.31314
2158,1007.38237,-116.49508
2159,827.95462,-112.57263
2160,999.94395,-115.96638
2161,886.89787,-101.14781
2162,919.59538,9.13856
2163,961.12294,-58.70799
2164,663.34687,-94.01774
2165,293.19969,21.75405
2166,586.03991,-87.56330
2167,987.85306,-139.42006
2168,717.15807,-85.52219
2169,567.05840,-66.69288
2170,437.55279,-66.65265
2171,388.95408,-62.45482
2172,997.98921,442.89684
2173,469.02485,-67.66996
2174,801.71964,-83.48284
2175,578.45713,-66.27431
2176,641.96891,-88.66569
2177,914.50317,70.47922
2178,940.36082,-130.43149
2179,805.94277,-77.77718
2180,926.48377,-63.68510
2181,988.98035,588.25826
2182,375.82693,-56.99449
2183,937.84110,23.69132
2184,313.65336,24.39653
2185,497.06189,-52.12529
2186,295.47340,43.93255
2187,862.48733,141.70505
2188,434.22481,-77.39938
2189,934.86939,35.45469
2190,744.93480,17.58697
2191,727.12309,-96.50208
2192,959.52078,-46.67347
2193,849.39694,-115.52876
2194,356.76568,134.56649
2195,330.65794,-28.00356
2196,901.97572,-112.32465
2197,741.69717,-109.01954
2198,783.66310,-88.50830
2199,823.34540,-73.19668
2200,314.48131,-36.20888
2201,762.83086,-14.11214
2202,978.22076,-9.09664
2203,676.44699,-82.64778
2204,989.73980,382.67350
2205,935.24483,-127.24435
2206,749.90495,-99.83626
2207,1022.13043,172.63023
2208,677.95556,-79.21522
2209,1041.06472,182.90651
2210,995.39175,605.82473
2211,441.25178,-42.95828
2212,540.82493,-76.14004
2213,923.50195,-90.41439
2214,1029.08377,-78.94317
2215,912.41040,-109.69686
2216,751.73605,-42.17164
2217,363.17423,-54.46479
2218,637.81866,-63.80946
2219,321.45191,-23.90262
2220,875.53072,-122.38950
2221,406.23534,0.65240
2222,835.83940,70.23407
2223,363.92782,-28.14228
2224,438.27952,-73.04966
2225,918.85374,-126.14457
2226,811.98147,-66.00469
2227,382.10274,-52.74247
2228,793.38376,-85.16569
2229,1002.08635,45.09567
2230,588.74711,-70.59526
2231,688.82392,-95.60188
2232,1012.61423,616.51143
2233,975.74472,345.77097
2234,908.80270,-31.80960
2235,361.30924,194.89196
2236,1070.55775,194.72434
2237,498.03044,-56.26446
2238,295.31243,6.25766
2239,814.02130,-36.03708
2240,385.82442,-41.10662
2241,972.73800,387.23475
2242,681.34031,-73.82352
2243,792.16567,-54.30373
2244,919.19670,54.33203
2245,934.85582,-146.17850
2246,406.19868,155.25015
2247,302.54557,28.64416
2248,695.09632,-71.79070
2249,613.29214,-85.96308
2250,398.66890,-60.19142
2251,748.23862,-103.56659
2252,811.46431,-99.97723
2253,958.18115,4.50576
2254,311.99043,17.93799
2255,1214.82444,239.12668
2256,803.86940,-78.19602
2257,989.96711,32.17264
2258,406.06587,208.78505
2259,661.25231,-90.51771
2260,296.59055,25.48388
2261,424.62999,-61.91069
2262,946.50068,-138.68496
2263,386.57058,-27.72225
2264,985.92004,379.39087
2265,962.93066,-123.75214
2266,916.09460,-118.82041
2267,377.12775,-52.75864
2268,618.62916,-83.87540
2269,1033.81360,-82.71812
2270,300.67900,-5.35853
2271,926.34457,-131.41124
2272,914.42167,4.36984
2273,877.30530,-111.39399
2274,438.46349,-26.07748
2275,417.78745,35.08072
2276,420.47975,-70.58811
2277,744.44170,-47.90795
2278,377.24547,-20.75456
2279,329.52187,-36.17827
2280,1018.00087,610.62749
2281,461.61246,-71.00816
2282,1082.13714,199.89202
2283,949.30442,-103.37087
2284,995.54154,-9.30063
2285,844.81470,-41.78881
2286,902.14455,-10.62682
2287,918.03748,24.04313
2288,1006.75003,598.87353
2289,800.15756,2.61595
2290,351.91507,84.91455
2291,777.61423,-51.81727
2292,428.74972,-67.84615
2293,557.34114,-83.34557
2294,673.96841,-9.96331
2295,1167.34770,228.93428
2296,929.02742,-85.92912
2297,824.47459,-103.41342
2298,784.45714,-46.58345
2299,998.69267,644.21271
2300,813.94669,-117.64155
2301,348.79537,-36.02741
2302,984.69507,585.54729
2303,876.79054,-132.57773
2304,780.20366,2.66665
2305,327.82638,17.89411
2306,857.16067,-111.80597
2307,362.89410,-33.56753
2308,774.25377,63.52003
2309,562.49942,-11.59535
2310,829.14511,-78.91677
2311,813.31223,8.37274
2312,657.05225,-14.90894
2313,902.38499,-96.39257
2314,618.83571,-81.54751
2315,345.25250,-21.76763
2316,1018.86220,-77.25497
2317,364.94843,-45.52321
2318,674.16374,-96.52681
2319,619.00031,-18.86773
2320,983.70299,-82.65977
2321,1009.85988,-119.64429
2322,893.61433,1.13700
2323,798.35808,-64.26979
2324,331.58768,-26.11792
2325,770.46706,-115.67336
2326,857.11428,-86.95830
2327,841.38965,-59.81448
2328,1003.99641,575.19095
2329,843.28862,-61.81300
2330,688.94724,-55.91062
2331,903.40452,-121.31081
2332,696.94810,-98.13650
2333,493.84252,-62.87310
2334,584.74027,-80.89062
2335,598.08237,-83.17116
2336,987.64152,586.33794
2337,636.51746,-58.69170
2338,464.81627,-68.06129
2339,407.83760,-55.29779
2340,737.47451,50.37531
2341,379.77238,-50.41638
2342,785.89025,70.35069
2343,982.44139,-71.31552
2344,1003.01208,640.96407
2345,1001.40642,605.92954
2346,420.88437,-20.14728
2347,373.21715,-44.56892
2348,325.02762,-30.28479
2349,319.65185,-40.74476
2350,617.45680,-92.15525
2351,648.11139,-95.49697
2352,494.50438,-72.90469
2353,918.09520,-109.45000
2354,384.18128,-46.28853
2355,823.87059,-79.66390
2356,840.66132,4.21644
2357,343.89973,-33.01425
2358,370.73771,-51.04790
2359,399.03236,-28.85101
2360,753.17980,-77.10685
2361,355.24716,-33.96255
2362,482.36686,-70.71151
2363,924.95617,-32.57424
2364,970.87497,-81.30486
2365,896.66396,-74.75226
2366,560.31770,-89.76240
2367,884.85429,-12.81831
2368,983.59269,-91.42355
2369,888.35852,-109.92431
2370,889.05511,-138.60368
2371,699.06325,-52.30875
2372,715.09237,-81.18351
2373,390.25098,-42.86913
2374,846.18092,-31.85806
2375,415.37380,-66.96441
2376,603.92729,-82.98918
2377,956.24489,-2.66610
2378,931.50420,-21.86771
2379,629.81548,-63.94093
2380,957.94842,-18.49468
2381,502.36311,-58.95534
2382,996.15844,57.96593
2383,326.16161,40.52990
2384,285.34168,-16.38864
2385,642.96054,-76.43843
2386,947.80470,-135.42949
2387,983.20566,-95.11867
2388,369.98140,-44.54732
2389,399.92300,-48.62134
2390,472.54921,-57.68365
2391,798.55635,-20.39968
2392,978.49608,-137.52515
2393,781.71170,-96.55390
2394,829.53586,-63.95502
2395,721.05461,47.75201
2396,987.67208,374.74987
2397,915.78609,-89.29475
2398,933.02579,-93.59948
2399,967.71481,263.90527
2400,1001.90699,610.47613
2401,342.55677,-30.44228
2402,516.35194,-74.85782
2403,886.15941,-117.60675
2404,865.47151,-105.90012
2405,754.13786,-88.07152
2406,707.96235,-79.33854
2407,561.65655,-67.53841
2408,544.19355,-64.66167
2409,524.21842,-75.51080
2410,855.25530,-2.77677
2411,557.02472,-74.05137
2412,644.82701,-62.76989
2413,943.30498,-128.89824
2414,714.75082,-77.98774
2415,810.00903,-98.30127
2416,836.72048,-123.63459
2417,968.60954,-22.42752
2418,386.41347,-38.49205
2419,995.70843,-11.67747
2420,522.36911,-86.85526
2421,729.82271,-45.89099
2422,776.87962,-100.07493
2423,904.16859,-124.69203
2424,665.24634,-48.61951
2425,842.75256,112.99243
2426,788.96703,-37.54352
2427,1002.85631,33.55522
2428,590.43329,-62.23027
2429,403.84873,-58.22639
2430,849.44263,-139.33244
2431,475.44716,-64.10319
2432,516.92123,-79.68381
2433,808.94440,-36.34251
2434,478.45200,-56.98577
2435,373.50980,-55.71785
2436,1003.68530,-90.95568
2437,994.93984,-110.13956
2438,593.64308,-77.85173
2439,947.06845,-83.02019
2440,1031.30674,-85.32771
2441,879.00832,-96.81644
2442,502.53459,-69.00241
2443,990.18322,573.05771
2444,603.31929,-56.57207
2445,731.92773,3.95975
2446,410.06407,-3.43887
2447,800.15776,-94.88243
2448,995.36578,647.29391
2449,326.87669,93.00206
2450,379.44040,-36.36954
2451,719.20853,-80.12708
2452,628.34563,-43.93394
2453,920.74226,-116.08308
2454,988.64473,598.11853
2455,463.75547,-72.42953
2456,300.43286,51.55580
2457,596.87060,-45.24273
2458,983.71737,-73.14439
2459,868.59715,-26.06405
2460,671.90686,13.25531
2461,784.79481,-78.62876
2462,470.01722,-80.34515
2463,583.65536,-70.68368
2464,340.95885,-16.75254
2465,679.30658,-75.64988
2466,648.84842,-91.11457
2467,742.07692,-83.40228
2468,704.03194,-98.40363
2469,673.43328,-48.81301
2470,991.77061,-84.41907
2471,1003.35133,-79.41177
2472,1000.92981,631.31875
2473,924.85016,-24.38898
2474,625.92924,-71.60327
2475,815.25969,-93.31118
2476,747.18605,-88.24222
2477,653.41126,7.74320
2478,699.09245,-67.44628
2479,1001.90411,-101.44874
2480,621.59952,-80.89321
2481,907.42386,-105.86704
2482,449.63342,-59.82889
2483,321.95148,-9.63938
2484,399.10631,-50.87094
2485,313.76787,-40.04863
2486,913.35329,-115.98088
2487,862.14520,-31.64403
2488,616.18497,-86.31248
2489,659.45639,21.95339
2490,736.18887,48.02448
2491,644.56992,-71.42996
2492,521.55557,-79.12526
2493,387.63078,-14.12322
2494,958.04633,-72.59630
2495,364.98065,-49.35047
2496,413.26536,-17.78348
2497,867.59371,129.38431
2498,849.06821,-135.01483
2499,578.01792,-83.91237
2500,367.85736,-34.66776
2501,648.84399,-85.34032
2502,385.25623,-59.99122
2503,740.83765,-78.50306
2504,1140.83230,220.84695
2505,686.10267,-89.42684
2506,981.72544,569.74052
2507,646.92330,-82.97408
2508,769.35091,-28.92616
2509,940.33890,-123.01755
2510,287.68898,-0.09990
2511,964.06344,367.97443
2512,576.16415,-86.56401
2513,664.63731,-19.94512
2514,383.01381,-22.26027
2515,957.96652,-53.07488
2516,707.51984,-70.46388
2517,757.33496,-45.20802
2518,907.64462,-137.63565
2519,914.54439,-59.04183
2520,883.69478,-118.28978
2521,773.24199,-27.73161
2522,992.08169,-27.89744
2523,961.27598,10.99722
2524,772.58695,65.64309
2525,419.62433,-45.99804
2526,691.65594,-88.51340
2527,583.44283,-91.41920
2528,287.69699,-21.11580
2529,398.23700,-55.37828
2530,892.33220,-84.23311
2531,892.83313,-111.26294
2532,616.90023,-69.29182
2533,347.77466,-39.37440
2534,509.18068,-81.24906
2535,322.40380,56.22494
2536,300.19231,-32.71022
2537,591.46859,-87.85050
2538,854.07158,101.49743
2539,994.72595,612.39491
2540,956.02021,-30.14577
2541,822.99235,-52.12286
2542,697.86376,2.38955
2543,357.83090,-43.98238
2544,346.61237,4.09024
2545,609.96570,-94.38810
2546,659.60874,-100.17863
2547,292.05291,-3.93762
2548,758.54305,-46.74074
2549,651.09793,-97.29363
2550,306.40224,-36.45673
2551,363.39800,-49.43357
2552,496.51667,-57.25115
2553,398.25390,-31.55655
2554,688.44482,-28.75484
2555,831.15845,-10.85094
2556,873.18453,-17.94321
2557,557.47099,-69.74922
2558,740.53474,52.15627
2559,905.43763,-49.68613
2560,499.31181,-89.14937
2561,351.86355,47.56657
2562,891.79370,196.52087
2563,692.04843,18.82328
2564,773.81849,-110.12946
2565,574.88097,-77.91936
2566,374.04703,-61.53624
2567,932.80788,-131.88172
2568,965.19663,-18.04927
2569,298.01516,-8.47097
2570,941.40641,-145.88430
2571,947.01248,-67.39831
2572,804.10770,-89.80086
2573,367.74635,-47.61637
2574,782.48242,-97.61061
2575,293.44600,-10.24887
2576,518.67785,-68.60816
2577,399.36967,-63.39392
2578,885.56889,-123.15543
2579,1016.35466,-103.63108
2580,450.87741,-76.56419
2581,313.63132,29.49332
2582,421.79408,-61.19112
2583,365.28347,-19.42172
2584,396.89685,-33.68730
2585,444.40427,-77.79002
2586,652.75682,-89.63584
2587,632.05477,-70.25317
2588,856.21619,-98.95569
2589,608.48516,-77.81013
2590,466.03165,58.87783
2591,937.00613,-144.06331
2592,986.47315,-67.47389
2593,993.64109,557.72489
2594,808.08094,-69.79175
2595,1012.20923,624.09369
2596,655.23516,-63.09010
2597,393.12751,-23.40388
2598,665.35162,-70.32131
2599,824.98875,-120.53693
2600,845.97021,1.20421
2601,976.06386,-73.68266
2602,815.33446,-81.64504
2603,966.60568,276.45104
2604,342.74983,-9.85765
2605,834.19850,-92.28585
2606,378.33049,-60.16188
2607,935.93143,24.58067
2608,327.55581,-19.46871
2609,453.45649,-81.31034
2610,973.72273,-140.20814
2611,321.54372,72.72965
2612,696.01346,-77.54939
2613,907.35265,-35.04022
2614,522.31552,-89.39031
2615,622.40400,-64.09832
2616,525.61342,-78.23409
2617,374.11509,-36.68093
2618,303.41937,-31.68975
2619,303.46986,-18.30416
2620,754.38745,-106.73330
2621,964.07963,-119.46739
2622,1008.73278,606.37278
2623,943.85983,-125.58444
2624,830.12378,-58.87361
2625,454.47311,-76.37541
2626,679.96782,-94.72107
2627,375.52413,-1.68054
2628,446.83798,-37.48682
2629,866.85300,1.27341
2630,499.08813,-86.95947
2631,997.36558,624.72164
2632,1149.76870,223.99807
2633,695.28161,-78.26992
2634,794.65264,-91.70548
2635,966.59871,-99.50731
2636,837.07820,-108.47711
2637,392.57651,198.25784
2638,473.69053,-74.65264
2639,296.77926,3.72781
2640,820.54581,-101.90342
2641,941.28348,-118.03740
2642,478.31370,-83.19824
2643,754.62777,-98.62008
2644,652.98381,-71.76322
2645,437.52330,-48.98848
2646,808.10775,-89.29711
2647,992.48464,-136.95898
2648,929.63225,-18.84205
2649,992.58887,627.98288
2650,885.27701,-30.64048
2651,447.77808,-72.54926
2652,686.09593,-96.32565
2653,414.23364,-44.00070
2654,634.59434,-74.28747
2655,314.91126,-16.02708
2656,949.23187,215.69181
2657,797.13221,-96.96772
2658,285.54804,-8.39245
2659,383.46664,-61.83188
2660,974.51089,-97.61341
2661,675.73158,-60.40142
2662,916.68529,12.82173
2663,930.51403,-92.30880
2664,423.23191,-10.30268
2665,602.65378,-78.38978
2666,985.18401,-53.98029
2667,685.42656,-37.95368
2668,688.97552,-57.93054
2669,966.77747,266.47319
2670,974.68938,-126.84392
2671,747.46339,-105.49869
2672,316.45817,24.59940
2673,588.23041,113.79333
2674,1003.03305,597.65500
2675,797.26804,-61.04187
2676,562.96532,-52.91869
2677,361.19405,193.80667
2678,298.79348,-27.43687
2679,324.68347,-22.41239
2680,980.80630,420.04839
2681,501.05931,-44.52328
2682,1025.33932,-55.85862
2683,1011.36080,-107.06642
2684,336.41396,0.20476
2685,566.43030,-56.82244
2686,526.54825,-88.45378
2687,704.96340,-93.35302
2688,991.07453,349.12728
2689,581.67173,-48.78922
2690,353.20468,-9.33488
2691,665.42794,-98.75202
2692,441.30869,-55.53637
2693,1206.04355,236.91885
2694,949.78473,-128.55277
2695,841.94664,51.42437
2696,891.44118,-106.65536
2697,902.74264,-123.60955
2698,800.76654,-48.78263
2699,512.49159,-57.98466
2700,844.04156,-25.24563
2701,530.27766,-77.08040
2702,514.91190,-57.32141
2703,728.08790,-106.85816
2704,1212.69379,237.90415
2705,707.01378,-63.86861
2706,853.31388,78.49740
2707,904.56039,11.85515
2708,988.67134,-117.69554
2709,634.53626,-40.96322
2710,849.19823,-131.98394
2711,686.03385,-83.66206
2712,740.35036,-58.34214
2713,572.30393,-79.04381
2714,664.63308,-80.71288
2715,976.26985,-80.62427
2716,740.47274,-65.91541
2717,956.57401,31.07555
2718,516.84710,-88.15436
2719,420.75916,-66.15759
2720,626.52734,-87.49646
2721,409.53213,-56.75761
2722,471.73598,-41.60333
2723,896.83257,-21.92882
2724,381.67377,-44.74334
2725,594.01934,-74.39629
2726,353.31945,-31.00001
2727,818.03587,-114.02360
2728,996.37132,-29.36563
2729,369.07614,15.38062
2730,1001.07743,-122.82392
2731,895.46175,-13.84742
2732,800.72542,113.05444
2733,467.29850,-80.66361
2734,943.76176,-130.95688
2735,986.25635,-142.49504
2736,284.06738,-4.10438
2737,1001.17109,-124.74052
2738,328.74426,94.59700
2739,1007.39869,594.63912
2740,823.65502,-121.82369
2741,947.11958,183.02041
2742,829.57565,-130.33894
2743,974.34856,-138.38154
2744,831.78628,-116.79206
2745,871.53999,-67.22792
2746,915.73214,29.73913
2747,1123.47782,214.46674
2748,686.61343,28.55439
2749,362.52107,40.44191
2750,365.60021,-36.50984
2751,406.15740,47.05570
2752,962.53451,-49.54290
2753,979.42861,-124.07321
2754,907.37073,28.49819
2755,1001.46563,580.19825
2756,555.93057,-82.19790
2757,425.08568,-66.67658
2758,785.97184,-75.31585
2759,689.52080,-81.12055
2760,496.08667,-63.12347
2761,1001.59336,22.31451
2762,936.02302,-97.52205
2763,969.54092,-134.77114
2764,902.99189,-115.17096
2765,998.35208,642.20314
2766,996.08457,573.35659
2767,801.47505,-110.86211
2768,512.85099,-52.33627
2769,302.76685,-3.51628
2770,335.68282,-4.64129
2771,1211.01374,238.29099
2772,372.12126,-12.96680
2773,544.46815,-12.39367
2774,990.50059,-141.23870
2775,991.40679,-1.41833
2776,329.27338,-19.84831
2777,489.50583,-75.42033
2778,787.43312,-59.97561
2779,395.62614,-56.22107
2780,604.21672,-88.11644
2781,576.51921,-75.64454
2782,1192.70936,234.16403
2783,962.03572,359.60686
2784,476.11702,-74.70681
2785,984.71127,322.07970
2786,808.72368,-56.21799
2787,327.94645,9.41772
2788,699.72641,-91.09245
2789,421.74339,-63.13071
2790,643.22726,-52.11082
2791,665.71513,-91.81056
2792,935.66164,-129.15517
2793,875.06858,-73.97150
2794,447.03929,-64.63333
2795,965.00481,-8.08384
2796,807.72480,-53.27567
2797,916.95018,-114.94695
2798,912.39201,-18.45617
2799,799.28543,-81.32747
2800,389.61051,-17.04850
2801,648.78694,-72.82605
2802,962.01789,-139.65682
2803,481.15952,-82.28757
2804,514.82583,-36.79311
2805,601.59326,-84.16781
2806,445.11073,-73.15779
2807,304.22921,29.55169
2808,333.92305,-17.27209
2809,393.75369,-38.60683
2810,371.49509,-29.95801
2811,850.62332,-15.39597
2812,580.33210,-78.79925
2813,881.89752,-55.70131
2814,760.44061,-85.37748
2815,451.71292,-68.69298
2816,579.00762,-86.82413
2817,995.11674,410.12196
2818,455.78435,-44.23045
2819,708.35915,-73.31447
2820,418.06369,-59.33691
2821,900.83382,-32.65071
2822,308.06614,36.27737
2823,900.68662,56.17042
2824,378.78829,-34.52550
2825,288.08470,-5.76369
2826,581.09586,-83.17581
2827,1146.81675,222.94897
2828,999.97894,27.76771
2829,998.70243,13.66816
2830,1198.06056,235.75579
2831,906.47167,10.65392
2832,457.64074,-42.12931
2833,789.79318,-48.68568
2834,893.19779,-53.46157
2835,343.77816,-14.85229
2836,929.12161,-138.48994
2837,595.46205,-76.58017
2838,867.73284,-107.90293
2839,869.45607,-135.50632
2840,821.97727,-128.29434
2841,829.47688,-31.93589
2842,526.72844,-73.45353
2843,769.47633,-85.94339
2844,896.79280,-145.34018
2845,498.86406,-63.64456
2846,456.94447,-74.42845
2847,433.16391,-36.36717
2848,848.54126,-84.79589
2849,1018.43834,-88.25359
2850,898.87744,-140.69189
2851,327.17687,-18.00696
2852,1177.72503,230.16613
2853,973.66140,-51.98142
2854,562.90041,-89.29880
2855,511.33219,-73.32360
2856,636.80403,-91.53902
2857,747.94504,55.17567
2858,560.36064,-87.69916
2859,995.55362,636.75498
2860,836.62388,-47.85950
2861,313.90858,-11.45024
2862,322.31512,-16.31134
2863,319.44586,50.38591
2864,585.10610,-79.32732
2865,990.04454,-137.32157
2866,895.85221,-87.36983
2867,480.01609,-74.23948
2868,970.39195,-124.95516
2869,961.52803,-96.31659
2870,1029.72312,-74.05244
2871,956.58818,-118.71661
2872,643.82314,32.23761
2873,824.35808,-51.15605
2874,973.31383,-143.57256
2875,783.08784,-99.61297
2876,339.94661,-36.81037
2877,341.43833,-22.31463
2878,476.69240,-71.21036
2879,409.44199,-69.91478
2880,785.09234,101.59310
2881,368.59911,-21.37730
2882,858.74535,-54.80256
2883,903.94950,25.70253
2884,338.58875,-44.18975
2885,958.55112,-28.81635
2886,886.44626,-104.33741
2887,722.83795,-80.42500
2888,329.42438,-29.06741
2889,300.34113,-27.71687
2890,483.64274,-67.59346
2891,453.17541,-67.59884
2892,422.09477,-33.98142
2893,796.58829,-41.55786
2894,834.19210,67.24580
2895,364.88004,-21.59322
2896,872.26988,-47.90158
2897,325.92626,89.08334
2898,749.74229,-76.48960
2899,581.91719,-55.24173
2900,534.08186,-91.20179
2901,425.10567,-46.67839
2902,919.89843,-118.36672
2903,444.85502,-75.69863
2904,820.86145,-97.51555
2905,612.39496,-50.77647
2906,289.56506,-22.13886
2907,898.89014,-89.00333
2908,681.84039,-45.74076
2909,939.02826,-106.61983
2910,807.61562,-124.95671
2911,340.04152,-3.48356
2912,464.11702,-16.12063
2913,318.45548,-8.04814
2914,440.86569,-47.17468
2915,503.26361,-67.69109
2916,880.52043,-6.33425
2917,856.40142,-70.11935
2918,380.44238,-58.00781
2919,1029.80433,-76.50268
2920,660.67015,-62.64507
2921,666.06448,-25.15401
2922,811.26584,-102.17468
2923,1013.53719,-35.55629
2924,885.10510,-91.63117
2925,472.49410,-70.48934
2926,1173.46032,230.17995
2927,916.75505,-52.63236
2928,909.53470,26.72466
2929,987.13814,-51.63804
2930,718.58380,-70.38205
2931,938.78528,-49.91263
2932,844.69227,-54.70407
2933,921.31676,-125.45946
2934,613.21107,-75.24739
2935,482.06895,-64.62072
2936,425.35285,-63.73850
2937,719.87681,-86.42882
2938,974.60350,-40.05172
2939,832.05640,-134.16289
2940,409.18845,-11.71003
2941,895.51946,208.78740
2942,665.14152,18.06101
2943,892.02014,-116.76641
2944,764.92313,-91.28443
2945,669.12650,-99.10845
2946,674.35095,-93.19184
2947,841.30592,-95.80719
2948,574.21457,-56.60255
2949,569.88172,-74.26037
2950,1189.82770,233.40776
2951,641.20054,-58.84037
2952,740.65156,4.18653
2953,610.32934,-59.84119
2954,811.58781,-88.09712
2955,629.09919,-95.41077
2956,662.89662,-65.28081
2957,639.61564,-70.98659
2958,409.87850,-58.76638
2959,816.85990,-88.85175
2960,924.01990,-36.81576
2961,404.63979,-53.15145
2962,667.33098,-82.47181
2963,903.64280,-118.66138
2964,991.03943,419.06585
2965,289.64905,-2.27044
2966,992.36360,-66.10840
2967,616.45765,-66.08270
2968,315.89418,-14.20072
2969,636.70684,-47.46032
