0,762.72410,-31.99338
1,369.32382,486.00621
2,654.67668,-208.67382
3,763.86550,-86.89444
4,804.82677,69.60625
5,612.73799,366.83508
6,683.99333,321.28720
7,602.44644,312.89698
8,662.43450,319.09191
9,912.19450,183.58501
10,528.73857,461.99828
11,662.19788,-156.64972
12,667.30243,-192.11706
13,410.87404,477.16025
14,640.30066,372.91528
15,603.43849,310.92457
16,556.18831,383.11651
17,830.24969,229.82668
18,484.20956,433.77668
19,793.98725,32.71368
20,723.87539,308.80924
21,949.95966,261.30882
22,839.03294,326.04647
23,708.53052,301.93751
24,773.48451,478.56808
25,706.69749,367.24088
26,724.17651,-129.49786
27,389.91977,479.39914
28,808.98612,86.19568
29,790.90268,369.27348
30,695.99430,-158.68344
31,596.37592,405.28061
32,388.20814,474.96305
33,672.80305,-219.74436
34,562.63934,394.04979
35,428.28210,467.50979
36,789.78147,368.52884
37,759.83590,314.18792
38,418.19190,516.98810
39,749.34691,-37.22729
40,603.30048,421.86278
41,770.70403,-47.13362
42,910.97690,187.83189
43,591.79694,448.02681
44,666.39546,-190.90396
45,662.49593,302.01074
46,743.11262,284.75349
47,566.03520,428.09611
48,807.90307,211.87581
49,641.26175,326.29950
50,589.20901,343.41493
51,664.74786,338.83246
52,700.25206,299.14755
53,746.52468,-89.07975
54,799.09567,81.32826
55,551.85737,453.82290
56,1084.17901,60.17907
57,610.77663,325.75306
58,536.31534,379.48846
59,675.21594,-147.81887
60,1025.03017,245.99237
61,673.66844,395.81095
62,688.09026,318.82435
63,608.75451,324.33250
64,649.26066,427.17326
65,687.09609,346.26146
66,683.59052,304.59424
67,649.34795,341.35035
68,763.85105,310.31048
69,627.96329,-251.82796
70,714.10822,-155.10533
71,539.60635,470.62521
72,907.30769,304.09404
73,649.45042,-218.33604
74,664.50983,-187.89882
75,429.77417,549.25855
76,431.06959,497.72063
77,402.71318,472.72479
78,740.07267,-34.98053
79,628.77205,322.18289
80,848.17528,266.30812
81,555.90267,401.76203
82,644.85399,303.67681
83,552.46213,360.26971
84,805.45407,85.48439
85,713.93767,-162.86286
86,630.24083,-247.32184
87,702.46396,-155.18817
88,687.53698,358.06234
89,946.14285,264.69017
90,406.99143,486.95689
91,550.96672,433.05611
92,561.36930,571.90007
93,596.45750,-235.42169
94,659.26824,348.84341
95,771.61397,5.12591
96,702.92973,308.63910
97,628.25609,510.01494
98,778.59231,412.70104
99,607.74422,308.49017
100,796.54586,282.34663
101,762.56775,-69.89756
102,702.33567,365.56515
103,780.51532,-63.69346
104,778.71033,-68.31139
105,660.49539,-194.58315
106,684.71162,291.42981
107,674.31102,299.41067
108,772.37199,233.61575
109,430.13954,500.56814
110,444.77693,537.99194
111,732.54234,246.19827
112,515.23094,408.35146
113,432.38251,461.78995
114,676.05622,-229.21651
115,458.22306,599.81036
116,432.55784,547.38984
117,677.78259,-208.03932
118,545.65764,386.05758
119,586.58854,398.82694
120,753.91274,238.71235
121,621.88479,-260.11100
122,713.26799,-153.19538
123,799.09196,202.62152
124,680.76346,-200.92859
125,686.68362,361.27957
126,848.35989,211.18394
127,778.16709,-63.66774
128,661.63334,-239.89663
129,570.07511,364.14712
130,499.19357,417.70940
131,669.47225,-185.06857
132,640.44446,-208.48179
133,391.00008,477.01986
134,627.24720,305.29671
135,631.16826,-208.01826
136,627.62336,-259.36642
137,596.61746,-256.79439
138,598.54455,530.26162
139,713.64699,444.05564
140,689.92159,-178.53798
141,968.84412,258.07467
142,571.24842,383.26486
143,566.51918,446.50636
144,635.99208,-206.33907
145,513.37271,501.00008
146,596.48549,326.99448
147,614.20256,-260.32506
148,589.62348,369.54834
149,671.05479,-179.42107
150,804.10581,200.26160
151,920.03031,189.35077
152,409.97783,571.00645
153,604.47562,474.46296
154,879.35773,242.52237
155,698.47831,308.11757
156,730.89965,-126.34543
157,546.32259,444.36025
158,664.63898,362.50428
159,1012.52555,115.95652
160,644.50951,-231.74220
161,666.94934,359.33838
162,666.35040,-216.01695
163,730.13968,267.81706
164,773.94077,16.84150
165,628.61504,308.52131
166,640.10882,-249.02760
167,405.84996,496.57671
168,960.62480,238.24141
169,474.86820,446.63356
170,747.83114,245.75033
171,793.08071,202.39756
172,597.83193,407.72000
173,533.93232,402.16248
174,652.00962,307.61984
175,632.17934,367.16968
176,403.77598,485.11492
177,730.92758,247.85022
178,901.93404,206.85382
179,498.65279,439.41032
180,638.83422,329.99545
181,738.90478,321.94403
182,430.48469,568.78780
183,645.15179,-241.44530
184,571.21337,408.80516
185,538.26433,436.78597
186,662.75265,-226.97915
187,665.47870,327.24385
188,640.71723,363.47189
189,946.95199,216.61563
190,635.38000,-245.90964
191,699.30133,302.63178
192,647.42839,311.64883
193,849.26306,408.87998
194,720.12572,315.19882
195,624.25443,369.20300
196,646.46876,349.38429
197,652.49263,-243.53084
198,558.59470,418.31876
199,761.05341,-23.91567
200,550.97540,390.17183
201,485.83084,436.68831
202,599.52650,330.85643
203,559.10954,361.01157
204,616.79734,-259.04424
205,735.56716,-81.13790
206,675.29250,300.62488
207,791.13647,63.40602
208,414.45150,501.47193
209,725.20395,-147.95860
210,596.79271,417.80996
211,640.23117,312.80319
212,701.45654,-123.87711
213,733.08307,257.96974
214,685.16444,-198.22253
215,730.34565,495.14416
216,376.26715,478.88060
217,630.66397,329.31211
218,845.42633,175.25223
219,698.01770,297.51240
220,864.39995,233.43566
221,609.15837,-264.36962
222,583.54467,408.78636
223,467.66125,623.71417
224,645.08599,-186.79222
225,621.53411,321.36136
226,794.73631,245.18570
227,798.97892,46.60803
228,637.08137,-250.66489
229,1035.94059,259.31481
230,636.83155,335.85475
231,435.71831,556.64130
232,1031.54544,109.79115
233,705.21240,441.71806
234,742.92132,-116.41105
235,749.96687,266.50347
236,604.49316,612.01625
237,433.60399,570.17291
238,596.56543,-242.32369
239,865.65105,177.76196
240,825.87771,298.30770
241,674.59764,-217.74150
242,635.81371,317.26717
243,924.27646,246.74851
244,643.87108,-220.01118
245,576.92847,379.36919
246,583.00369,405.82759
247,714.65697,381.40662
248,661.13617,-241.42071
249,1079.82851,60.09562
250,511.47990,505.79520
251,903.82196,185.19989
252,535.59528,439.97340
253,394.79178,491.50231
254,660.98388,300.54301
255,765.95980,249.34665
256,606.09643,316.35308
257,731.13924,-66.40890
258,686.78070,307.50395
259,878.83005,289.26967
260,654.54577,-223.52234
261,603.35445,676.96837
262,742.66240,253.98977
263,720.91382,336.72276
264,781.08287,191.76589
265,792.32554,317.45091
266,698.54331,-140.88820
267,739.23414,-114.34280
268,675.06101,335.63172
269,567.97022,609.51153
270,747.91105,-67.24865
271,742.92992,322.87655
272,402.71815,489.36066
273,751.28845,300.07622
274,618.98650,482.96926
275,1008.28884,238.89785
276,686.82496,282.70681
277,632.49106,322.32011
278,632.38788,-251.38242
279,535.16394,377.37040
280,439.99088,533.47141
281,965.78754,271.25090
282,808.98717,147.67322
283,605.19949,462.68371
284,719.48406,-100.27773
285,838.82508,225.39655
286,649.82683,370.41068
287,590.47107,358.75491
288,597.31180,-239.08036
289,785.54079,373.71717
290,815.62337,213.87525
291,660.76994,-197.20146
292,593.68131,338.33726
293,957.77989,244.43328
294,801.45370,45.17560
295,592.71392,463.67307
296,646.31376,-251.11688
297,524.35473,665.03981
298,912.00632,256.41489
299,639.03081,342.87976
300,725.22086,249.82638
301,706.14060,407.29289
302,573.13373,416.34593
303,741.43052,457.03620
304,409.47124,486.76029
305,926.64736,219.70840
306,907.81156,218.66277
307,683.04332,-194.25173
308,696.69620,301.94540
309,687.63854,311.48682
310,836.22947,252.55713
311,645.56744,330.02595
312,843.61326,255.12236
313,718.35834,-156.00601
314,793.52946,303.12200
315,596.82416,380.29278
316,608.40297,-258.26801
317,960.01203,215.02046
318,898.82927,237.80813
319,659.73442,359.70718
320,740.69524,-56.63012
321,427.61514,472.91689
322,646.39075,307.48048
323,780.17292,391.88818
324,405.59741,499.32463
325,646.28040,324.01940
326,433.24327,533.15299
327,471.06524,448.02171
328,539.37469,391.20384
329,721.52088,13.61907
330,848.40809,198.20955
331,774.82263,217.00686
332,674.02848,319.47040
333,567.31950,386.86404
334,669.98482,-196.14664
335,667.46714,297.74696
336,737.00442,-68.40280
337,616.48355,334.56055
338,743.44689,-37.34665
339,643.95217,335.17949
340,719.21791,-149.84358
341,653.08008,348.64876
342,751.35253,-40.78674
343,501.47593,421.78779
344,777.09989,336.07261
345,747.64946,252.36606
346,784.47930,15.80579
347,565.55168,479.97605
348,604.65915,378.34003
349,756.47482,308.31069
350,567.73510,409.70517
351,456.15293,488.00530
352,842.11405,227.14040
353,684.61978,-136.50722
354,810.46466,318.21173
355,702.35727,-181.11318
356,736.06909,313.53492
357,669.01872,-205.63088
358,529.68130,433.10861
359,773.62506,-68.05507
360,665.74551,-196.24934
361,575.70008,349.67138
362,903.04290,191.78193
363,678.67625,-176.47615
364,872.19409,300.47612
365,788.28611,226.21433
366,639.28629,-219.91598
367,726.42565,448.77808
368,723.12992,464.63878
369,743.31995,-51.64661
370,798.66661,41.94752
371,546.07677,452.29889
372,633.11832,-227.32150
373,739.29897,-51.45883
374,707.92451,-105.12415
375,529.21497,494.36655
376,774.07915,227.42706
377,776.74937,12.19858
378,519.83770,401.93261
379,783.07394,385.25751
380,739.65466,288.80987
381,965.18838,236.15758
382,633.53091,347.40859
383,652.64808,-203.26417
384,638.67660,-202.14614
385,677.11277,-169.68665
386,702.22580,-164.82048
387,632.74553,323.50287
388,772.04827,-65.12122
389,472.86936,433.53702
390,429.06568,530.86270
391,627.31013,332.40336
392,667.75922,-186.44952
393,764.18619,413.64739
394,787.89296,25.42175
395,685.21518,324.15232
396,789.36353,370.39089
397,761.83980,176.34262
398,688.13630,315.79207
399,661.33862,-203.15589
400,585.60903,382.55731
401,488.96744,448.10254
402,667.48196,382.12711
403,631.43786,311.56003
404,580.62092,392.23872
405,719.21646,-147.53567
406,571.29522,422.26756
407,854.23494,317.81879
408,729.61784,-109.22926
409,760.64039,-36.72637
410,914.58348,212.94602
411,385.66925,584.19065
412,650.96066,297.79022
413,382.73640,587.40986
414,579.55904,453.10896
415,638.10492,-253.02628
416,779.45362,-9.70950
417,609.31188,339.07986
418,697.76192,314.06560
419,819.11190,306.69060
420,635.81435,301.69533
421,1130.55240,26.03399
422,394.01978,499.10166
423,573.09541,372.35974
424,640.50490,-217.50775
425,597.60696,368.95202
426,568.73219,462.41184
427,553.83581,388.40606
428,642.66294,-214.63472
429,784.98528,303.95417
430,563.76927,351.70450
431,582.77520,396.50097
432,781.25744,-60.05305
433,652.56090,339.04514
434,735.05045,242.85609
435,626.45686,339.31257
436,837.66498,300.88937
437,920.44787,239.65542
438,505.22794,436.06745
439,861.80007,234.27264
440,493.94393,417.03637
441,386.97495,477.53719
442,852.49949,228.87702
443,734.79005,266.62830
444,609.54111,322.52585
445,649.95290,-216.62186
446,678.86729,-171.29364
447,628.76579,396.11253
448,670.95392,334.29363
449,773.61211,11.09470
450,377.08345,487.89847
451,626.75241,-257.19919
452,518.22330,408.19568
453,915.24236,250.67241
454,594.72408,397.59269
455,940.36383,199.07689
456,780.58854,-57.05418
457,459.07494,439.87583
458,652.43504,-211.82128
459,654.43640,302.41181
460,685.97013,296.99341
461,506.85585,453.59042
462,759.31058,246.33068
463,500.16188,465.25334
464,687.36614,289.48764
465,413.34575,463.04369
466,688.76105,292.87632
467,743.28092,-68.19760
468,656.75301,307.45689
469,694.22666,346.73825
470,818.53321,124.59282
471,578.53017,458.52073
472,811.89813,92.53129
473,660.00569,324.60089
474,904.70293,194.86437
475,623.85097,314.23346
476,890.24694,272.19169
477,604.29056,396.65094
478,382.56580,488.04173
479,680.50248,315.42456
480,643.75582,-226.37124
481,572.75103,391.09063
482,688.32676,-176.45621
483,929.71570,256.42818
484,695.59799,284.08924
485,645.17041,-243.39679
486,573.98217,408.29332
487,688.32613,-209.70764
488,702.06199,-184.76333
489,651.37404,354.93052
490,429.41446,573.34041
491,728.41120,-141.93371
492,647.91391,-208.65822
493,984.58030,289.50740
494,675.49326,303.09161
495,811.92686,166.86915
496,500.16704,468.01611
497,626.62651,306.99974
498,790.91358,324.30775
499,617.25533,347.91078
500,638.14540,-243.09983
501,826.08317,223.87203
502,428.12506,580.81656
503,720.49876,253.00412
504,644.78151,-222.05137
505,792.17336,33.38517
506,497.31121,461.46118
507,484.30743,442.80972
508,525.67190,505.96390
509,570.58998,388.06297
510,678.92326,331.20454
511,914.44944,200.95749
512,647.06264,-220.78958
513,1095.63267,49.79563
514,500.41485,499.64661
515,670.75981,342.04129
516,505.70658,454.45332
517,637.90916,355.34075
518,652.78459,287.77668
519,613.84111,-259.31829
520,920.09387,211.43238
521,712.45522,274.36905
522,622.43838,350.32706
523,651.37042,-213.45391
524,735.94587,-59.31985
525,811.62814,342.09934
526,956.05555,230.32530
527,741.11063,385.91004
528,676.95156,-217.73831
529,635.71563,-255.20771
530,922.03089,224.43617
531,596.01364,335.31151
532,586.57471,404.23506
533,788.43003,316.67951
534,656.74860,-204.00849
535,616.39264,383.62429
536,629.75089,462.14014
537,677.09956,330.51239
538,579.48287,389.69685
539,670.20441,-225.73717
540,933.09592,204.16613
541,704.62357,-118.06526
542,753.15237,357.80210
543,526.83593,403.76566
544,758.83671,-26.02513
545,715.30921,272.38411
546,809.63839,150.80786
547,695.78581,-191.19078
548,719.14668,-87.48142
549,514.06697,451.73774
550,401.30311,501.51196
551,662.23518,-191.00274
552,675.85478,-203.55211
553,692.04725,365.85399
554,682.81419,415.34717
555,577.67280,447.61151
556,680.19996,317.20763
557,578.62157,426.09327
558,643.54293,311.84203
559,582.87680,388.80291
560,632.51174,-201.73147
561,686.44710,-89.95852
562,665.80676,347.26106
563,819.10985,115.79224
564,512.46456,509.33975
565,880.56126,253.37813
566,643.84336,-216.92293
567,735.77473,-87.52119
568,399.00677,474.65278
569,689.41197,349.40638
570,675.36445,347.32454
571,622.37464,327.10653
572,511.83390,424.13016
573,760.74496,461.97578
574,923.82371,179.44194
575,370.89027,484.54538
576,576.43393,339.11997
577,490.75088,508.80817
578,680.24982,-208.97010
579,784.75833,236.18302
580,770.61492,223.23493
581,696.29376,352.06297
582,608.64861,316.03387
583,749.56617,261.16841
584,762.83447,-5.96508
585,406.28958,495.40958
586,755.61504,-50.76402
587,457.44010,499.08763
588,436.14273,566.01415
589,647.39466,362.57938
590,701.19973,357.90955
591,727.17401,313.81210
592,576.37457,393.85163
593,538.28875,488.50188
594,827.06307,334.41726
595,803.55974,224.37174
596,798.19992,19.09998
597,589.24325,415.01478
598,925.33524,232.29092
599,415.07807,477.99337
600,671.65327,-194.41577
601,721.46637,324.49219
602,843.54488,247.82696
603,595.97277,390.40096
604,650.96892,320.27383
605,642.73204,321.87727
606,707.77447,-164.77062
607,650.41877,345.32561
608,510.88334,465.94042
609,701.16926,302.93015
610,567.13892,400.65564
611,612.62044,413.35256
612,771.69550,-60.81991
613,703.48961,434.55668
614,993.91407,286.21554
615,596.10545,375.07363
616,603.19126,414.98664
617,546.52619,426.14081
618,542.46006,443.09963
619,802.96860,59.22074
620,631.46274,335.57078
621,574.88885,419.26005
622,522.06678,424.03855
623,758.84845,-16.44082
624,601.75217,-260.16129
625,666.55824,-233.99288
626,724.23913,-131.26815
627,798.77663,295.59024
628,510.15687,469.24840
629,629.14365,347.02106
630,644.88768,352.92438
631,695.57049,286.40543
632,606.30828,325.99106
633,541.51682,536.62544
634,731.04194,257.06018
635,628.46116,343.51502
636,895.97044,216.18643
637,582.96506,402.13926
638,667.07796,-172.36483
639,636.17303,319.03846
640,723.80173,360.62482
641,595.26260,429.22458
642,675.45541,308.69904
643,716.02462,-159.80289
644,901.69731,284.64564
645,478.93341,433.59594
646,772.27279,423.17607
647,868.52360,256.39788
648,724.91515,283.07973
649,705.60902,266.32703
650,604.59872,350.95769
651,416.98832,477.41173
652,636.15782,347.21471
653,818.55542,197.56273
654,683.24739,317.85772
655,667.48368,353.59341
656,521.18329,427.85743
657,722.68342,602.42456
658,688.89462,389.40921
659,618.02271,339.36511
660,406.14715,491.99283
661,810.64792,103.93438
662,730.25238,-136.39185
663,582.93978,356.37760
664,688.85823,288.17159
665,403.61671,490.71266
666,535.59271,411.09903
667,905.97935,185.90424
668,546.88736,630.90436
669,753.50728,283.55024
670,664.20067,-192.17230
671,441.72440,523.95006
672,488.69720,441.89887
673,744.14714,286.82931
674,617.18406,302.87406
675,374.57656,486.28291
676,507.21243,412.85155
677,815.63998,365.32780
678,482.24037,431.27092
679,768.62852,-22.93001
680,694.96594,336.31175
681,729.36933,-63.70551
682,632.72911,319.06153
683,782.94081,225.25793
684,648.40123,-179.12658
685,773.44496,377.44527
686,536.46800,383.31680
687,964.58452,266.87508
688,415.34725,468.71824
689,570.77168,428.11002
690,758.87449,-89.08779
691,600.88491,433.92731
692,727.79320,302.25885
693,608.39173,330.79611
694,447.36695,600.71765
695,711.06638,-165.57141
696,674.76843,-187.42969
697,961.99675,231.03107
698,695.50770,312.70883
699,754.80979,-22.48710
700,683.69240,-210.96908
701,580.72544,426.44219
702,707.68690,433.96572
703,506.66970,473.63983
704,821.97069,180.67697
705,662.58420,-188.44249
706,613.44975,-256.63256
707,635.09457,333.75124
708,507.49663,469.88329
709,663.00242,296.02076
710,1130.67618,27.56623
711,828.99878,307.23244
712,434.54623,558.59462
713,964.58414,222.24170
714,657.52781,320.40748
715,606.11485,327.73315
716,741.22598,273.91490
717,613.30627,321.96472
718,606.55810,335.32224
719,509.71888,493.63829
720,609.38008,383.33756
721,592.90883,440.13460
722,644.71814,-199.37031
723,626.87479,-244.58071
724,807.06862,227.85533
725,798.16405,50.36498
726,942.84966,227.05657
727,889.24209,204.44326
728,591.60425,392.84541
729,523.11529,416.71079
730,794.25794,225.67212
731,644.12779,-250.08243
732,585.26697,340.00681
733,612.78136,330.54198
734,645.60355,352.50558
735,772.28263,322.38254
736,821.24682,66.80653
737,671.51217,303.00240
738,606.13229,357.22292
739,499.83808,422.24473
740,657.03946,-218.21341
741,910.47345,260.35717
742,751.75265,-33.81951
743,617.54913,425.39586
744,796.21757,124.59975
745,570.56163,439.64436
746,676.70959,342.51541
747,621.17804,312.76535
748,806.23400,75.47405
749,601.54786,452.43689
750,763.52907,-83.93876
751,562.67430,404.78589
752,765.47146,-2.56944
753,785.48773,378.88888
754,388.33180,585.52282
755,774.43874,83.36703
756,570.87777,471.04943
757,411.84021,495.21045
758,633.57527,327.35445
759,631.82995,-255.09019
760,644.15047,-203.40531
761,638.90150,337.34487
762,712.91552,286.69188
763,705.62622,262.27895
764,433.09249,490.35477
765,915.00177,210.90262
766,585.03742,441.77139
767,643.74098,315.19070
768,583.35362,392.09874
769,596.79564,338.70081
770,590.37633,397.32670
771,639.12751,-246.09394
772,652.77964,-240.64315
773,610.99017,352.57423
774,692.51747,317.13348
775,585.14471,358.75228
776,898.00406,187.04015
777,550.53878,406.69335
778,710.41680,-161.59861
779,659.83366,296.85939
780,1043.86518,281.27774
781,418.32811,460.62155
782,887.32030,288.12442
783,569.13903,414.13619
784,960.04367,269.59531
785,591.79403,-244.60732
786,574.47729,360.18761
787,638.57748,-225.23774
788,795.36496,216.16482
789,735.72519,256.15987
790,745.50493,249.54876
791,660.00164,-211.20862
792,407.71404,515.43306
793,653.48954,-237.02423
794,626.63360,350.11450
795,585.32282,396.92257
796,642.41946,303.48141
797,819.31621,313.70497
798,746.28147,446.71304
799,589.05345,-248.09233
800,422.13898,514.85608
801,670.04357,-227.68068
802,770.46294,249.57994
803,678.24387,-173.67880
804,657.11824,-232.26314
805,424.80318,532.84621
806,591.85776,327.32047
807,582.66799,360.43382
808,615.87018,308.79617
809,674.21814,-173.90352
810,643.33219,-208.54087
811,665.68356,-181.34166
812,448.85639,463.18912
813,417.66766,490.46257
814,801.61738,138.50105
815,642.66019,319.91881
816,645.36327,-204.71305
817,395.99578,480.44526
818,678.90330,-213.34771
819,785.40366,386.41149
820,693.54891,330.31942
821,941.20761,284.25474
822,864.72887,296.89417
823,709.01292,312.82357
824,414.91264,471.77231
825,837.19739,272.09331
826,679.91598,344.26401
827,678.29779,343.45919
828,678.74965,306.62158
829,768.74223,-3.00078
830,815.84001,97.97246
831,769.88298,252.92343
832,440.07822,579.07628
833,677.06817,385.24174
834,623.05158,-255.61531
835,706.00044,259.24435
836,622.12362,329.04016
837,851.58783,251.81894
838,693.47794,325.83764
839,972.90009,228.22032
840,645.87861,-216.35672
841,648.90183,-220.23971
842,581.38377,393.86002
843,676.25541,327.82809
844,698.20703,329.93523
845,639.48390,327.61812
846,649.57575,-244.75679
847,636.71381,352.91081
848,1040.57787,249.49920
849,850.16497,211.71055
850,638.56209,312.51543
851,626.42872,315.04036
852,766.11707,254.52988
853,663.82753,-225.16810
854,819.66119,286.96865
855,674.57981,-191.15180
856,718.13199,-92.33522
857,487.54805,428.13202
858,741.01720,350.82400
859,479.06552,454.76306
860,658.04980,-198.50382
861,758.04553,234.03133
862,657.21313,-200.21619
863,701.59776,279.09313
864,610.05447,328.77514
865,605.30503,405.24415
866,836.31482,319.75820
867,667.44072,329.71029
868,612.09976,369.74322
869,787.73741,374.55739
870,601.00048,552.50740
871,782.95510,-51.25333
872,457.23526,462.52667
873,693.47896,-158.64370
874,803.36929,60.93184
875,742.63817,280.98850
876,609.35610,318.45398
877,488.84948,430.49778
878,660.61916,331.48520
879,588.04686,385.71540
880,567.81591,390.44714
881,687.25139,295.09700
882,747.18151,323.57317
883,570.99702,357.79972
884,574.82578,595.54550
885,984.86337,225.72245
886,681.12406,311.23427
887,508.22769,452.19602
888,636.86641,-223.90319
889,705.56892,322.61430
890,650.01527,336.13934
891,612.34207,355.79874
892,777.49652,406.14616
893,681.08095,303.72155
894,971.96820,223.07935
895,631.33697,331.41487
896,713.39863,344.99957
897,661.11211,-192.26678
898,597.86585,364.08035
899,778.58616,398.52063
900,556.96901,453.72882
901,700.52193,355.96280
902,563.05378,438.84934
903,519.95326,474.83757
904,868.36726,241.63148
905,638.55608,383.00081
906,638.92760,333.21582
907,603.66766,386.82046
908,544.03406,412.63975
909,489.49702,444.59975
910,823.30883,206.23422
911,627.36107,-256.19012
912,622.21942,334.90092
913,646.09101,334.76407
914,552.81714,385.72528
915,627.18757,357.66753
916,695.58754,309.38746
917,647.67387,333.05889
918,777.56297,-1.47577
919,631.72319,319.93696
920,568.99806,407.94063
921,625.57533,-260.81743
922,816.37378,179.15585
923,631.71231,-224.95051
924,656.07954,348.90558
925,842.67739,298.25077
926,630.53420,352.18041
927,866.19214,294.45083
928,822.21033,252.96277
929,755.48890,-28.22463
930,957.21335,205.24928
931,592.13393,354.11557
932,719.81752,-93.78855
933,639.12685,-255.00316
934,655.06178,-240.25537
935,653.47635,-234.76996
936,557.21414,394.06900
937,694.97194,442.76112
938,671.76657,320.48580
939,634.44785,309.18094
940,557.84184,407.10099
941,657.05160,298.44902
942,623.61607,342.65887
943,770.54019,274.52126
944,768.09009,281.84159
945,767.14109,-80.88425
946,571.46760,368.80246
947,935.97364,267.82080
948,690.51112,-202.04706
949,375.34627,488.63995
950,551.61493,409.60302
951,824.46448,302.04423
952,679.66349,321.13649
953,657.87956,-209.58277
954,519.12830,489.56626
955,709.07262,-140.87652
956,780.11963,-69.97287
957,639.20035,321.63157
958,746.87673,-52.16990
959,478.28135,441.41677
960,748.95123,275.93162
961,603.38852,465.35691
962,754.20918,-43.98866
963,752.01041,296.81356
964,638.73868,316.47858
965,513.26316,455.07988
966,648.92046,355.41240
967,932.62645,245.51842
968,586.42029,418.62473
969,736.35409,-127.38849
970,852.66986,298.91890
971,684.61724,303.78575
972,754.96970,236.94814
973,654.63007,-193.68068
974,626.07003,353.57192
975,447.51261,448.08944
976,741.90293,-39.47716
977,793.77965,167.49615
978,430.01340,523.65307
979,631.41159,-260.65905
980,372.12397,482.88766
981,790.93878,215.41972
982,728.76780,274.56465
983,742.96260,256.04371
984,678.49042,295.67280
985,908.02635,249.84836
986,659.69533,-243.87069
987,773.60668,287.19385
988,894.29438,277.18966
989,443.97870,476.93498
990,641.40831,351.26234
991,905.77262,260.85454
992,709.10907,297.09327
993,639.76202,-258.56872
994,540.65886,397.94190
995,409.61469,504.36022
996,592.74350,413.25224
997,609.51671,628.16210
998,817.07753,229.84951
999,653.95897,-213.10034
1000,594.50620,649.43304
1001,723.84308,264.27763
1002,565.78919,372.85530
1003,390.59726,585.25311
1004,516.49951,473.94499
1005,501.06929,486.81369
1006,784.37529,217.03686
1007,643.61808,347.34819
1008,736.48724,-63.72147
1009,954.70297,215.43263
1010,761.57207,-20.52080
1011,745.81748,-54.00754
1012,673.41439,-178.48620
1013,698.20846,279.96643
1014,806.27545,108.20998
1015,713.11820,257.50185
1016,398.73528,490.02692
1017,776.22748,-64.52425
1018,629.75683,-239.28334
1019,700.61824,267.67192
1020,791.98098,211.73041
1021,626.49344,345.09593
1022,525.12180,396.36444
1023,635.14948,365.78492
1024,681.23442,313.51482
1025,776.33222,63.96839
1026,638.54364,-222.73325
1027,703.10955,-45.33252
1028,587.52204,-246.54171
1029,770.04027,-20.53676
1030,610.09621,-251.27903
1031,765.22896,-29.19584
1032,716.91898,310.19997
1033,609.58599,391.68819
1034,673.07462,-227.33372
1035,784.65647,412.51197
1036,668.22344,294.39256
1037,615.52373,327.18119
1038,567.65670,678.50329
1039,642.18728,356.20038
1040,687.57444,-202.14186
1041,705.93798,293.63209
1042,643.04376,338.11809
1043,939.02353,240.13104
1044,583.75495,363.02741
1045,923.30392,203.88728
1046,960.92710,207.86455
1047,742.00787,-53.21718
1048,528.79371,490.05593
1049,920.98740,254.86884
1050,675.26318,293.10473
1051,637.90161,300.52396
1052,687.50681,-183.60022
1053,843.19069,305.13339
1054,674.37836,314.15955
1055,498.47586,441.87244
1056,813.15032,235.07498
1057,637.24014,-248.67871
1058,596.58424,343.47405
1059,614.16492,336.53209
1060,584.76134,404.74468
1061,729.87196,263.22104
1062,701.08750,311.33662
1063,750.61842,242.56939
1064,393.21620,472.65556
1065,739.07951,291.81783
1066,512.75030,443.09568
1067,658.22886,299.61044
1068,486.35149,483.38991
1069,628.78468,352.98898
1070,497.09049,430.86956
1071,677.39800,299.60122
1072,636.04917,359.45596
1073,609.40309,370.54397
1074,628.72267,343.85960
1075,785.14884,-65.37252
1076,821.06408,134.02081
1077,733.07680,-62.02177
1078,527.00246,463.65082
1079,497.67875,455.65822
1080,560.45374,475.83575
1081,867.73277,206.94192
1082,769.15220,220.99200
1083,745.91409,479.76064
1084,569.08888,396.04007
1085,644.88786,435.81270
1086,664.74717,383.13396
1087,671.24655,-232.54747
1088,701.54122,286.63981
1089,628.90102,373.18937
1090,797.31394,45.22661
1091,834.37829,240.19823
1092,461.86857,626.33744
1093,731.04522,334.96925
1094,747.39259,-41.58538
1095,537.86470,504.36449
1096,531.73152,502.18764
1097,701.52900,316.57893
1098,531.84037,403.19665
1099,653.24198,313.88096
1100,642.74217,-199.08692
1101,756.89520,270.52393
1102,775.08252,418.29510
1103,944.55096,174.60966
1104,641.55167,-241.08531
1105,792.33296,235.81184
1106,647.80738,-242.62947
1107,799.46132,44.88820
1108,800.29602,51.84993
1109,951.71413,265.05468
1110,706.66919,314.02858
1111,771.15509,-66.66959
1112,697.03646,-181.66857
1113,580.67297,343.56743
1114,798.70899,232.26927
1115,424.69353,526.18241
1116,680.49620,-214.57966
1117,810.43599,246.54886
1118,577.39426,470.38922
1119,717.89600,307.11660
1120,960.69202,280.14267
1121,700.91465,305.55350
1122,752.21191,327.46390
1123,752.84106,-50.43386
1124,754.92847,244.43320
1125,651.49295,-213.55482
1126,407.02608,489.50904
1127,372.22253,485.30077
1128,428.59096,519.46929
1129,879.73682,278.64144
1130,654.81568,631.04140
1131,441.97206,525.18073
1132,664.15953,323.99421
1133,532.33945,437.99793
1134,600.16825,380.22358
1135,687.45314,333.90710
1136,677.60652,325.73336
1137,641.32721,-220.10224
1138,613.16200,360.71757
1139,641.64850,328.59316
1140,476.46402,443.07230
1141,923.55757,212.45763
1142,712.95610,-135.81930
1143,728.22614,-68.08264
1144,943.43094,252.93847
1145,613.14623,318.31915
1146,652.11711,-237.22871
1147,719.41316,270.03673
1148,502.81505,455.03004
1149,441.09707,578.72488
1150,857.18767,197.99221
1151,675.39185,344.71577
1152,705.75896,332.85566
1153,620.91461,371.03683
1154,660.53323,326.78386
1155,378.86050,482.75279
1156,718.61297,290.49618
1157,561.08926,388.46100
1158,807.89698,68.90938
1159,747.72999,-59.15728
1160,667.88584,436.73099
1161,708.49842,-162.50759
1162,628.62393,365.68388
1163,559.38120,459.11391
1164,509.07602,414.17500
1165,591.44193,349.37234
1166,811.68012,76.84542
1167,852.57271,204.74396
1168,419.85015,488.49905
1169,709.20398,-165.81683
1170,659.76983,316.71782
1171,478.49487,448.64739
1172,628.37725,-256.71582
1173,573.66234,476.67475
1174,625.28846,-244.85742
1175,588.31347,-248.84215
1176,660.67347,-200.78487
1177,618.35329,-229.77584
1178,669.35571,-220.12436
1179,520.76807,440.57051
1180,756.57830,-13.58710
1181,607.38112,354.02520
1182,667.12790,321.28241
1183,625.18607,298.34420
1184,819.10964,315.30979
1185,650.23468,290.54305
1186,379.07774,490.56272
1187,629.99084,-255.95409
1188,881.22101,231.46736
1189,479.92154,426.77329
1190,419.17185,512.70359
1191,661.34170,346.18700
1192,696.22536,339.64210
1193,618.58801,305.88648
1194,734.89513,251.62377
1195,635.50252,-237.75023
1196,578.95655,381.77463
1197,588.87960,422.61881
1198,512.93036,427.52877
1199,666.56311,343.44931
1200,974.75956,220.29991
1201,620.74921,308.63393
1202,921.07685,177.88678
1203,379.18445,479.73631
1204,764.36741,-38.74752
1205,610.37691,493.01402
1206,672.52351,354.87091
1207,648.05967,372.97810
1208,638.87386,377.60011
1209,642.65970,317.82213
1210,587.26206,329.78031
1211,957.43305,248.82812
1212,918.03685,371.74330
1213,946.37307,399.74935
1214,1008.23322,399.64324
1215,792.72877,560.36521
1216,674.30002,669.22471
1217,666.79659,623.34093
1218,725.58551,609.32225
1219,865.09457,513.41819
1220,771.07185,161.61896
1221,897.59942,384.53481
1222,1022.14861,386.83138
1223,741.60763,572.31021
1224,635.23114,-257.35533
1225,792.99039,557.08822
1226,968.36698,377.99647
1227,961.95812,382.16793
1228,827.20879,534.85930
1229,653.78176,635.20366
1230,537.83427,693.02178
1231,952.35894,272.98822
1232,812.95406,91.49085
1233,1063.35400,331.80600
1234,769.71424,555.95905
1235,1035.33280,300.24372
1236,697.68763,652.43533
1237,788.47263,517.18107
1238,802.99873,80.60573
1239,1021.91304,394.86269
1240,934.92307,370.78746
1241,769.64255,534.45974
1242,741.34916,443.07610
1243,827.87400,121.03346
1244,533.84403,656.99468
1245,1022.58721,305.08554
1246,1065.35217,307.60876
1247,843.85916,143.84075
1248,934.45821,417.16549
1249,956.66952,366.87294
1250,1031.35711,352.93212
1251,675.91015,624.41168
1252,993.07781,396.82450
1253,996.26168,352.68989
1254,770.07678,485.82465
1255,772.03560,-3.24401
1256,700.47117,-121.70765
1257,1061.39335,268.22756
1258,833.94847,498.38625
1259,828.22957,509.21499
1260,974.77835,384.03035
1261,597.39628,-253.24092
1262,968.44117,305.01199
1263,825.40640,488.57652
1264,626.11536,677.37823
1265,802.58277,501.58562
1266,627.58319,714.12654
1267,594.67857,618.33141
1268,905.24663,349.79576
1269,880.61442,186.62953
1270,932.32375,255.29418
1271,957.96626,265.94534
1272,914.16833,240.91553
1273,733.59896,603.55011
1274,582.02228,691.44054
1275,801.82126,101.83867
1276,744.50731,588.02189
1277,647.61140,-158.86223
1278,1068.49426,296.82151
1279,722.58337,609.90178
1280,768.40892,-7.66168
1281,1113.28187,38.06296
1282,479.34078,684.20372
1283,857.75743,343.75962
1284,957.32324,388.01844
1285,734.21653,471.89408
1286,781.08199,563.09816
1287,668.89507,625.72294
1288,904.06679,339.66879
1289,541.47403,729.03281
1290,715.99844,-74.01218
1291,804.01360,76.79057
1292,861.42157,163.57662
1293,981.14673,399.96433
1294,994.13350,351.86099
1295,732.70887,573.18198
1296,790.26549,549.05840
1297,1055.91993,356.86325
1298,827.94823,158.63413
1299,757.72227,603.38573
1300,690.07323,653.26818
1301,871.90964,473.88812
1302,917.01138,251.38103
1303,839.34932,136.42878
1304,615.18738,388.21181
1305,1128.08547,30.24053
1306,735.58168,520.46335
1307,953.67331,249.79479
1308,662.21849,691.82958
1309,653.51922,-163.77607
1310,665.43884,637.44447
1311,667.17159,676.96857
1312,778.77076,42.25736
1313,890.90003,403.18818
1314,836.31120,428.58234
1315,875.04250,312.90977
1316,1033.05539,294.87898
1317,652.06529,586.34062
1318,700.45059,399.62827
1319,1013.81759,289.06485
1320,651.02374,683.52986
1321,1011.68527,390.00315
1322,1042.48291,294.55326
1323,916.63127,358.78472
1324,874.70108,465.82270
1325,712.81205,-120.09843
1326,627.22971,691.11024
1327,778.58821,226.21423
1328,904.95857,364.58663
1329,1057.95001,305.70617
1330,624.01174,-230.86355
1331,704.39959,659.89988
1332,977.02038,272.50370
1333,754.94897,504.96497
1334,653.18301,-205.69337
1335,564.87539,663.64022
1336,794.97825,58.71716
1337,768.68322,-24.51449
1338,892.57664,259.29493
1339,837.77994,529.74178
1340,1064.96172,285.64062
1341,727.39809,548.16394
1342,685.05522,669.57638
1343,988.33972,368.26878
1344,800.82279,519.61108
1345,572.95166,748.63048
1346,796.22764,58.56214
1347,902.84650,221.90172
1348,1016.65290,273.03032
1349,473.59003,662.84980
1350,703.52136,-107.69873
1351,668.53342,671.16393
1352,869.73366,478.20388
1353,984.78225,333.33972
1354,852.86708,221.11422
1355,733.72722,265.88077
1356,925.22841,447.03855
1357,947.91501,345.70730
1358,890.75277,266.40661
1359,668.21025,663.27554
1360,1072.59731,294.27880
1361,630.92076,692.10016
1362,1023.51825,313.37956
1363,977.81645,425.22472
1364,1043.73884,358.67808
1365,917.32874,430.36158
1366,386.61913,586.69497
1367,765.64076,590.63311
1368,613.47782,-251.87315
1369,1102.00461,45.86110
1370,670.09369,-101.50471
1371,612.30472,-225.25627
1372,973.26312,353.84456
1373,776.94410,400.60712
1374,684.40769,430.18620
1375,785.40633,522.81003
1376,663.83585,649.50090
1377,520.76912,438.90689
1378,1014.74509,339.75222
1379,638.48724,639.33816
1380,644.62679,-210.74715
1381,802.64897,519.64031
1382,894.52259,210.71551
1383,747.18374,-27.25871
1384,700.33967,665.76127
1385,998.94613,335.61421
1386,953.26589,398.74420
1387,1025.05545,282.90807
1388,734.71653,607.23527
1389,745.38126,-33.38081
1390,704.25513,-157.09971
1391,1033.64161,374.06087
1392,836.34133,462.16893
1393,533.99470,648.95537
1394,880.80000,179.08324
1395,832.95593,524.62751
1396,985.46027,415.17659
1397,820.27753,506.75390
1398,585.18711,737.27024
1399,740.85678,575.93778
1400,664.39731,694.35274
1401,690.90022,-121.82843
1402,762.15785,0.35003
1403,914.03814,409.42751
1404,1028.15593,356.04100
1405,743.57028,566.01903
1406,1006.31438,303.98425
1407,733.18425,-57.76189
1408,911.56458,378.67994
1409,643.65011,712.77311
1410,620.13996,729.03514
1411,697.02396,639.89858
1412,681.41258,667.57554
1413,645.38711,-213.04787
1414,958.94725,270.02246
1415,959.23012,414.08122
1416,849.48022,516.77412
1417,770.36790,556.27143
1418,818.95391,439.22435
1419,989.61743,356.83810
1420,410.48599,584.74838
1421,907.37158,401.72842
1422,704.21925,626.48945
1423,976.36817,416.12401
1424,602.63696,-257.48783
1425,614.45160,553.03996
1426,620.46450,718.54835
1427,992.89632,377.80865
1428,737.67111,-43.25602
1429,754.17771,-76.84471
1430,752.32917,494.10767
1431,813.46060,532.95074
1432,949.78270,427.91079
1433,902.40889,306.78814
1434,822.02789,365.50264
1435,664.37848,671.75663
1436,695.29850,617.51733
1437,601.80947,-245.93883
1438,798.45472,538.54462
1439,764.99954,35.35828
1440,830.66391,509.37736
1441,1057.53726,332.26644
1442,800.79260,58.32015
1443,818.62059,540.92003
1444,660.29540,697.59680
1445,792.32847,411.91808
1446,931.58924,268.21402
1447,631.40333,702.75594
1448,769.58296,588.13327
1449,673.63711,639.20259
1450,971.80849,412.64518
1451,680.83028,631.37206
1452,916.61436,419.36857
1453,718.84525,621.79934
1454,632.54674,-205.89750
1455,802.61487,486.41608
1456,972.24309,420.35222
1457,631.43437,688.66411
1458,807.91575,519.41580
1459,914.84340,402.26187
1460,850.46958,478.14584
1461,779.29877,396.96176
1462,386.62989,588.02055
1463,934.38796,240.11885
1464,776.47775,403.64850
1465,991.94119,402.65168
1466,605.53424,723.93994
1467,1038.02449,344.51843
1468,894.75131,428.20477
1469,1050.80071,356.92732
1470,687.19499,648.24319
1471,709.39945,591.27994
1472,606.83460,737.40028
1473,767.47431,520.65866
1474,928.45253,245.57608
1475,454.53361,629.54745
1476,1058.32435,348.32746
1477,1119.61903,34.66975
1478,1028.48283,372.26271
1479,612.15931,730.47933
1480,678.07877,660.82774
1481,762.46981,478.84074
1482,838.02301,518.51077
1483,751.83688,530.21389
1484,977.68083,377.81959
1485,894.15931,480.99307
1486,1034.10298,351.87497
1487,606.97075,637.30323
1488,713.40576,-85.35718
1489,768.96187,-32.06392
1490,816.24356,526.35918
1491,624.53440,669.62725
1492,691.81728,642.90743
1493,869.30137,497.84459
1494,725.41154,641.35525
1495,1066.12793,286.81897
1496,655.60170,-191.10263
1497,642.53078,-189.82936
1498,885.80884,379.86394
1499,804.78063,529.43032
1500,485.39100,696.38482
1501,635.93956,-217.84190
1502,769.78103,22.44177
1503,792.94142,551.63888
1504,707.27130,659.35118
1505,398.22883,498.51820
1506,1010.05188,337.48989
1507,825.70215,98.80908
1508,655.00255,672.16987
1509,697.77528,-134.72630
1510,819.99341,180.23680
1511,979.67136,322.92245
1512,859.44209,323.98862
1513,620.08625,724.21390
1514,682.09909,-131.05179
1515,777.91741,330.97523
1516,1058.98643,284.76351
1517,658.63807,625.79133
1518,569.85811,709.89684
1519,640.25394,711.43076
1520,1021.77717,282.59536
1521,1004.38500,288.13777
1522,821.06819,364.80799
1523,893.02222,463.61918
1524,962.32515,305.77375
1525,828.65961,500.04729
1526,906.32645,307.44576
1527,816.55323,161.74860
1528,1061.10386,294.77342
1529,528.84815,672.50204
1530,816.60274,434.88980
1531,944.86441,409.19599
1532,743.12470,413.56111
1533,775.72597,259.76385
1534,647.57950,-222.26919
1535,719.06887,529.71024
1536,683.39066,664.81427
1537,818.67494,504.82679
1538,588.82266,701.70625
1539,1036.92738,101.58902
1540,791.61493,376.59017
1541,992.41685,418.18025
1542,572.29621,713.94738
1543,811.26193,370.52801
1544,929.28660,238.87116
1545,686.85130,658.82017
1546,693.71824,-113.16021
1547,720.04853,-63.97052
1548,719.00783,441.65715
1549,961.73416,438.24714
1550,1024.30897,119.45338
1551,1083.13209,63.32076
1552,861.82185,496.49416
1553,885.66990,333.58418
1554,845.77381,439.61799
1555,875.95483,493.35214
1556,661.83073,660.62827
1557,708.65454,639.92642
1558,971.06620,409.86976
1559,922.32910,273.70017
1560,708.14805,-92.36757
1561,842.22948,510.05867
1562,670.21210,618.65551
1563,806.18156,548.03713
1564,632.81870,-220.89489
1565,1067.51684,329.20299
1566,972.07017,367.17414
1567,1033.60893,362.92446
1568,978.04535,353.67493
1569,579.15158,728.63347
1570,892.28111,296.99435
1571,556.63666,730.51392
1572,909.56861,390.40097
1573,611.05579,-232.57505
1574,731.02495,-31.69007
1575,639.16751,-215.84905
1576,963.85171,357.38471
1577,847.27786,492.68620
1578,1044.80415,370.49773
1579,1021.73544,343.51003
1580,970.97093,375.16073
1581,567.78473,641.56673
1582,567.41545,492.31691
1583,898.42638,325.01120
1584,642.92613,708.15098
1585,597.31769,655.19356
1586,610.49702,-260.86917
1587,591.87225,719.64384
1588,854.59957,256.15025
1589,639.33295,698.47885
1590,674.84955,671.34727
1591,605.32204,-233.72982
1592,898.59530,341.59168
1593,770.41609,-58.48730
1594,895.51302,403.45613
1595,1022.13739,293.46225
1596,571.10432,746.29454
1597,735.95585,570.89269
1598,792.94930,-32.84363
1599,1012.07599,88.72536
1600,712.66514,611.73170
1601,847.65514,138.62362
1602,789.63178,382.56632
1603,527.57893,639.89943
1604,790.18655,573.25470
1605,873.58293,346.48425
1606,874.33565,377.04641
1607,899.83185,351.05657
1608,750.09249,554.69616
1609,1031.80257,106.10504
1610,937.44362,404.76273
1611,481.14316,682.61754
1612,957.73658,381.60556
1613,641.32437,-233.62875
1614,923.84932,400.70512
1615,1025.40320,339.79099
1616,561.33333,753.00921
1617,884.61717,321.19242
1618,663.42080,647.24566
1619,1001.70661,399.85011
1620,587.98930,738.73708
1621,633.70082,-228.73401
1622,707.07321,555.63794
1623,985.55242,390.32011
1624,972.73446,399.88970
1625,819.48323,467.77239
1626,536.38818,755.49911
1627,901.33695,393.69512
1628,583.68294,679.57684
1629,797.21097,64.99869
1630,697.44857,-104.22939
1631,886.33900,291.11091
1632,1003.56179,409.29809
1633,830.84523,118.67697
1634,905.71605,287.67987
1635,781.34728,11.67897
1636,950.47630,430.66729
1637,588.42906,679.78580
1638,933.58189,392.61639
1639,770.79535,17.78361
1640,682.19985,639.81689
1641,577.73181,740.22899
1642,666.85421,653.04732
1643,938.02849,373.60675
1644,795.13989,0.01465
1645,615.86875,-219.26012
1646,967.60653,288.19173
1647,975.62776,420.20224
1648,631.61340,-256.51378
1649,720.59983,-139.72622
1650,1054.99320,284.08465
1651,979.06700,383.25611
1652,914.08392,396.22273
1653,648.06069,692.66225
1654,643.35114,482.36439
1655,771.84655,11.92643
1656,966.10730,258.52260
1657,716.09095,-89.74819
1658,682.13859,671.89918
1659,1071.35594,70.25761
1660,930.71650,377.14696
1661,1001.41960,144.19546
1662,699.93121,-98.10314
1663,753.43698,47.03884
1664,824.72514,395.67598
1665,835.62855,304.62759
1666,793.17501,414.62634
1667,628.95309,-222.34523
1668,710.93381,-89.26441
1669,991.40151,356.26855
1670,673.83891,654.66626
1671,594.90793,-246.33409
1672,783.37097,-58.91856
1673,587.98872,-250.07199
1674,966.39125,286.59540
1675,743.76020,476.86106
1676,713.62296,-100.61702
1677,608.24411,-231.61886
1678,735.11616,631.30190
1679,586.21436,688.22699
1680,1010.30188,283.30308
1681,722.19049,299.65323
1682,672.49032,643.41291
1683,595.41736,-248.75612
1684,922.73919,380.19138
1685,575.66566,746.07594
1686,710.59120,-114.44391
1687,1021.94980,358.67376
1688,628.35610,655.34981
1689,810.48586,80.23148
1690,900.06888,341.97592
1691,918.38563,272.17612
1692,908.09862,367.81862
1693,797.96775,517.16289
1694,784.87260,513.20487
1695,437.19748,583.06882
1696,965.60421,359.36684
1697,785.60723,-36.14145
1698,765.19953,-8.02662
1699,976.44038,413.07254
1700,996.39894,383.81395
1701,922.15854,231.63381
1702,763.25493,-25.27074
1703,837.17418,111.65844
1704,828.44641,504.73517
1705,997.22061,346.40373
1706,996.14137,413.25658
1707,636.03436,686.09196
1708,769.91917,13.68631
1709,657.86814,695.37223
1710,731.76421,-54.99417
1711,694.17107,667.02634
1712,575.29429,741.48692
1713,932.86581,263.40917
1714,895.21578,362.15160
1715,677.70554,625.96100
1716,646.64068,647.05868
1717,659.96485,681.71200
1718,634.13716,658.64089
1719,658.22592,679.67036
1720,730.61995,278.75576
1721,926.97686,373.08442
1722,764.07000,547.10826
1723,835.90986,501.71469
1724,587.82786,742.91955
1725,874.50408,289.04648
1726,987.14211,424.38964
1727,781.09447,410.68983
1728,776.58273,545.42466
1729,827.89436,332.32095
1730,800.81703,552.67027
1731,1054.71504,338.84444
1732,941.92497,312.87338
1733,923.35012,370.61487
1734,681.14889,662.68224
1735,897.24776,368.14918
1736,835.86209,504.12930
1737,583.04472,726.17107
1738,698.53926,658.16548
1739,946.34403,257.60564
1740,904.55626,392.55377
1741,629.42150,-243.50607
1742,875.98995,182.78222
1743,678.90372,621.85820
1744,865.96611,478.36124
1745,746.56242,507.07006
1746,590.43676,-257.68082
1747,1127.74941,28.58848
1748,574.00695,668.21594
1749,936.80825,400.67218
1750,1066.42673,343.91938
1751,964.39045,375.57660
1752,845.56778,146.24568
1753,1025.85181,389.85548
1754,919.41553,243.91330
1755,757.52929,584.71246
1756,779.97966,585.26008
1757,876.92304,196.23552
1758,834.41815,264.94207
1759,778.47253,416.35248
1760,722.66023,595.66224
1761,978.30750,415.88316
1762,886.66897,431.57796
1763,560.04702,652.36107
1764,873.55282,492.12116
1765,917.30520,323.11625
1766,913.24834,217.84586
1767,846.76838,531.18795
1768,1018.55947,312.77771
1769,823.53721,519.73776
1770,534.25028,674.35061
1771,930.83711,286.61364
1772,894.35079,253.42323
1773,684.02376,650.61460
1774,708.27310,642.86622
1775,893.76309,412.20829
1776,879.62144,402.45576
1777,624.70343,634.75855
1778,786.90628,-15.37334
1779,519.90648,527.71663
1780,813.57939,513.48202
1781,830.28228,343.60179
1782,644.59966,680.57869
1783,680.11205,574.95195
1784,1025.05361,382.39178
1785,579.56291,704.20447
1786,821.42325,524.37009
1787,563.26868,661.96017
1788,633.71476,704.52454
1789,562.93851,728.99827
1790,955.82562,261.21266
1791,988.18527,378.28318
1792,831.74876,437.49523
1793,939.68315,256.44882
1794,905.16332,367.74910
1795,780.42116,540.45972
1796,923.24280,263.73924
1797,791.21371,505.63545
1798,923.52059,279.35231
1799,905.33842,219.54343
1800,999.37861,373.64935
1801,483.25815,647.32244
1802,459.04223,613.13781
1803,861.11077,459.19143
1804,762.35683,496.09675
1805,796.67341,570.08713
1806,824.52104,507.02776
1807,551.81647,646.64490
1808,828.75250,488.55249
1809,791.95344,35.19482
1810,985.08337,266.43996
1811,900.49944,345.77755
1812,593.07814,-254.40182
1813,748.21850,423.89930
1814,941.57654,420.43595
1815,934.59609,398.47057
1816,1035.60515,374.02472
1817,472.82771,645.08617
1818,1042.44170,354.09275
1819,808.63243,553.90283
1820,582.06383,708.28159
1821,664.43658,641.64571
1822,760.83845,591.40550
1823,847.41010,490.54131
1824,811.01913,521.11949
1825,754.96257,557.57559
1826,895.93019,224.64020
1827,1023.72817,289.48735
1828,646.10444,669.52191
1829,811.85162,434.10029
1830,866.78496,417.72850
1831,634.35536,716.48387
1832,791.19130,428.83779
1833,910.62752,352.55254
1834,873.69310,414.69345
1835,986.98076,347.79122
1836,827.44556,510.85636
1837,538.91875,722.02072
1838,886.35146,455.75940
1839,557.01471,657.60689
1840,977.21552,300.07898
1841,993.35994,243.84680
1842,1056.67094,353.89214
1843,591.00632,-251.92659
1844,826.76471,397.76975
1845,775.62525,15.87997
1846,528.88217,691.82445
1847,757.68232,570.56352
1848,869.31275,484.11000
1849,503.78537,688.24616
1850,755.26562,563.77148
1851,533.38779,756.13096
1852,815.34820,509.26758
1853,814.53956,476.75104
1854,944.35820,283.01037
1855,702.19972,655.88741
1856,718.22809,597.58053
1857,947.39690,354.66680
1858,861.20387,267.11016
1859,1017.04310,301.98277
1860,617.64188,-237.38696
1861,728.97832,583.90427
1862,801.75371,544.49635
1863,625.95686,-255.44521
1864,1013.54472,395.71200
1865,745.57623,559.66364
1866,756.20548,423.17473
1867,1003.91363,390.42270
1868,674.93122,645.12968
1869,550.00012,734.58196
1870,939.60318,242.16681
1871,808.77014,485.09057
1872,759.13856,599.80702
1873,898.28611,332.75767
1874,982.77312,278.35424
1875,544.59129,752.98456
1876,928.83399,334.52376
1877,964.58260,378.49673
1878,969.35763,312.61986
1879,465.77629,581.11601
1880,799.89857,505.88757
1881,870.51126,220.67265
1882,653.21685,646.14405
1883,549.70541,715.32200
1884,591.12534,741.34167
1885,868.65202,350.47913
1886,593.58859,727.30088
1887,768.64609,552.72897
1888,933.55916,257.87937
1889,1055.19436,247.66598
1890,1047.26718,358.42451
1891,806.65401,486.81260
1892,751.22557,398.48748
1893,699.85167,633.38419
1894,840.92226,493.56069
1895,493.33503,702.12699
1896,739.76469,580.93951
1897,946.88654,174.92022
1898,671.21073,634.18543
1899,787.79851,38.00411
1900,629.47591,-237.86909
1901,1035.87418,244.08857
1902,974.02979,422.61332
1903,967.00725,382.79506
1904,544.39916,746.23339
1905,817.61651,406.42341
1906,604.34877,726.96790
1907,789.38581,371.98929
1908,817.81387,450.11427
1909,733.08480,-54.09712
1910,720.51448,635.80788
1911,979.39089,286.75960
1912,610.12480,724.90610
1913,787.47909,527.27328
1914,705.46988,586.18309
1915,475.44027,669.70972
1916,512.92809,695.87272
1917,814.56505,103.32266
1918,581.44394,738.60433
1919,779.30167,545.47846
1920,751.26604,580.53915
1921,740.14232,568.08787
1922,789.59304,480.65000
1923,662.13292,644.85887
1924,903.15058,292.60521
1925,749.89408,26.18821
1926,1038.37207,358.23049
1927,661.71236,-152.06409
1928,526.38181,744.95088
1929,458.74843,631.02686
1930,598.85953,737.36581
1931,904.77178,414.15819
1932,1014.69527,361.73694
1933,756.65933,554.48819
1934,906.44452,417.29481
1935,1045.00440,355.82519
1936,898.66473,317.71277
1937,850.56424,262.81446
1938,875.48944,351.99692
1939,869.78656,177.57321
1940,648.18894,-240.32917
1941,901.59077,336.15260
1942,577.78877,690.35623
1943,931.89260,413.40712
1944,877.91049,478.58419
1945,910.47723,470.13434
1946,953.55229,326.27544
1947,857.52091,473.56425
1948,1009.93062,279.99682
1949,897.40022,292.51352
1950,901.23361,277.08580
1951,574.35968,728.74154
1952,658.34535,667.92709
1953,1066.20667,340.91904
1954,825.71919,525.37288
1955,487.92435,696.89684
1956,964.90735,287.99493
1957,1124.43742,31.48649
1958,688.10635,660.07776
1959,832.92643,476.43799
1960,929.97779,378.86051
1961,972.78885,386.50982
1962,879.76972,237.44161
1963,725.64485,596.49710
1964,1045.52718,345.37955
1965,786.39927,574.85852
1966,898.39600,261.63413
1967,1033.87087,302.27970
1968,907.69702,384.68305
1969,861.35993,485.91655
1970,1118.50730,33.31922
1971,866.49632,491.63965
1972,683.45624,648.70223
1973,764.60134,71.30328
1974,864.79171,422.08532
1975,1015.18385,325.84993
1976,708.02841,-96.99186
1977,758.48332,557.28393
1978,668.74520,593.32449
1979,900.33253,397.54085
1980,666.87852,668.26135
1981,944.92427,273.24635
1982,924.28573,352.84763
1983,779.38019,423.50547
1984,617.05322,731.20836
1985,1000.95621,355.64180
1986,666.38924,685.17258
1987,439.64828,581.56176
1988,782.82872,114.41164
1989,866.85207,304.56219
1990,1063.17757,339.52546
1991,733.37101,567.30324
1992,897.02050,346.81338
1993,567.00896,694.42291
1994,794.48619,515.54404
1995,890.12823,453.43427
1996,1068.34874,331.72862
1997,885.16693,406.18532
1998,986.14410,366.32409
1999,760.49379,552.95015
2000,598.61481,731.10977
2001,541.27884,764.30638
2002,794.14499,528.59689
2003,956.05930,255.24536
2004,838.22224,253.17266
2005,966.11752,283.04723
2006,653.48287,-195.67131
2007,869.20527,402.44087
2008,963.17450,213.25313
2009,676.93812,666.68479
2010,892.20999,436.47061
2011,1024.64375,116.90542
2012,749.40342,457.37848
2013,723.62300,525.52656
2014,626.41894,704.80243
2015,996.00198,370.02255
2016,1022.24703,367.75160
2017,999.80872,411.65883
2018,1012.37101,356.03355
2019,596.14875,690.83779
2020,601.09124,730.57295
2021,996.14006,406.84379
2022,1002.66249,368.01428
2023,969.78818,408.17502
2024,675.85600,462.96781
2025,500.57041,720.22917
2026,1099.27618,48.45628
2027,972.28382,360.95037
2028,728.74234,595.68890
2029,936.98100,255.50978
2030,921.34262,382.37439
2031,1000.07867,273.34406
2032,1039.82922,376.61769
2033,970.47186,271.71639
2034,998.33530,261.82819
2035,831.24792,340.99866
2036,565.89907,718.94376
2037,665.32332,673.52131
2038,642.97277,660.46436
2039,610.53709,727.64531
2040,902.69764,397.51532
2041,1009.08922,347.38916
2042,891.09940,399.10313
2043,627.78784,-217.54972
2044,978.70122,407.58745
2045,848.18038,417.34692
2046,440.84920,582.29342
2047,744.64628,584.08427
2048,608.67577,693.65820
2049,709.68138,608.66185
2050,817.89272,478.75432
2051,739.81778,592.64421
2052,670.53059,678.56140
2053,1011.59155,134.33997
2054,903.70931,449.35966
2055,978.43059,368.54661
2056,931.10466,448.92050
2057,938.10932,375.44795
2058,585.97755,707.35738
2059,759.41649,570.08039
2060,755.83007,533.80344
2061,613.99285,710.32868
2062,647.33996,-197.95979
2063,823.59869,281.58935
2064,889.86799,338.79193
2065,460.62158,623.45315
2066,888.29854,227.12631
2067,893.63874,325.53020
2068,1051.88324,312.66973
2069,758.83370,607.81313
2070,531.80572,719.05821
2071,566.36938,738.31184
2072,771.68107,574.74456
2073,714.18304,-94.98848
2074,1017.87411,353.00315
2075,861.78277,483.16079
2076,791.38592,501.09822
2077,779.04938,-70.67130
2078,930.77531,331.73081
2079,759.86520,588.97318
2080,1005.44151,335.29947
2081,895.16289,261.57287
2082,639.59431,630.53828
2083,890.23483,288.49023
2084,970.08494,315.70427
2085,1126.49157,28.48020
2086,908.59227,424.01863
2087,717.46172,612.73704
2088,631.32361,-250.15578
2089,538.99412,743.59995
2090,668.74672,618.79161
2091,1065.16922,342.06376
2092,729.40444,599.11506
2093,921.83661,211.17488
2094,870.00066,431.02796
2095,965.16208,248.71203
2096,966.99206,299.24930
2097,996.67707,410.18455
2098,643.27609,711.04413
2099,869.20200,393.20856
2100,830.37243,328.61721
2101,793.40024,518.00737
2102,545.56624,716.08755
2103,1010.80121,355.08083
2104,583.39145,730.25646
2105,1061.39452,329.52103
2106,1019.88273,385.69901
2107,852.31676,447.56506
2108,938.86057,442.60362
2109,609.62372,-244.76645
2110,787.24829,550.78895
2111,1016.12505,300.00529
2112,880.92253,425.03565
2113,832.04178,122.54611
2114,984.38630,355.15619
2115,887.50953,277.12050
2116,976.74186,249.23244
2117,752.96324,561.92761
2118,866.36106,183.03543
2119,988.21736,352.23786
2120,481.25593,630.65460
2121,540.08314,741.50652
2122,608.07222,696.85905
2123,758.86768,580.64595
2124,583.14276,744.29317
2125,856.06616,469.29201
2126,961.52706,399.65446
2127,596.27047,623.13544
2128,591.01030,675.89422
2129,1022.51208,348.05359
2130,873.42084,439.03681
2131,749.65117,576.33980
2132,875.83760,401.86285
2133,919.90449,447.87601
2134,724.29113,-66.13537
2135,530.57322,676.57565
2136,1069.73675,303.30684
2137,973.22600,338.44941
2138,881.22300,216.77133
2139,832.60599,344.41953
2140,670.74874,651.03067
2141,812.12270,398.34961
2142,602.99494,720.67744
2143,579.96937,744.86117
2144,837.78397,479.97388
2145,607.73950,-239.75534
2146,826.44961,529.85160
2147,1023.47922,299.45138
2148,1042.94272,240.71029
2149,776.56351,415.78988
2150,985.30230,376.60840
2151,668.34562,693.23873
2152,796.89116,526.82882
2153,787.86942,522.57778
2154,985.15038,254.13650
2155,895.23929,417.60285
2156,725.75216,579.68959
2157,830.67070,504.92848
2158,1071.69152,296.21091
2159,948.18528,411.07210
2160,1066.70437,297.93058
2161,977.42723,366.38383
2162,925.64975,250.23505
2163,1001.97039,286.31612
2164,826.80849,518.76233
2165,512.62869,733.36383
2166,767.31480,574.96978
2167,1071.78598,336.37459
2168,842.07510,481.27813
2169,731.44001,581.40134
2170,660.67569,683.44641
2171,632.51698,707.52107
2172,711.11654,-102.03356
2173,688.02569,660.86538
2174,899.13913,422.94929
2175,720.49523,557.50033
2176,807.82397,533.59135
2177,879.62002,217.35461
2178,1038.26501,356.66337
2179,888.89925,414.56757
2180,948.69321,316.63423
2181,633.55101,-209.03852
2182,628.92371,719.98770
2183,910.57222,235.19399
2184,517.93454,712.43332
2185,686.92236,619.24067
2186,488.27026,705.44852
2187,811.95712,186.88724
2188,683.94173,680.07822
2189,931.30098,266.62708
2190,798.62282,392.44436
2191,863.24978,486.93216
2192,989.06515,271.96067
2193,959.36673,402.21495
2194,450.24089,606.22652
2195,559.47623,740.31711
2196,989.28828,372.08696
2197,880.95685,482.76374
2198,901.00041,428.13777
2199,921.96272,397.76013
2200,572.08574,754.41731
2201,821.40051,414.16906
2202,959.85099,228.31675
2203,815.97736,510.71283
2204,738.25914,-45.43576
2205,1033.27726,349.13472
2206,880.47057,471.08043
2207,985.84040,164.74694
2208,828.64083,498.12275
2209,973.09541,178.45651
2210,620.57450,-231.40125
2211,650.32781,659.64694
2212,732.11181,600.57254
2213,1007.17310,343.78095
2214,1045.37377,244.36810
2215,993.35514,368.43171
2216,829.20020,422.94606
2217,611.35801,729.28634
2218,780.22463,521.17832
2219,556.89899,734.26944
2220,987.18003,400.12092
2221,590.15891,659.02583
2222,791.45449,284.50344
2223,587.20157,711.19332
2224,662.98217,687.91747
2225,1021.60343,361.86597
2226,899.12633,400.39005
2227,625.94588,707.72421
2228,909.10073,417.25961
2229,961.22973,190.06426
2230,742.39571,576.19018
2231,844.84574,513.84392
2232,624.81009,-248.07474
2233,749.23457,-14.01353
2234,946.69202,296.76592
2235,385.41009,587.53317
2236,1013.51279,131.38982
2237,686.68807,625.84311
2238,526.22165,735.24220
2239,857.69842,379.37679
2240,608.15083,709.58837
2241,762.56113,-81.06377
2242,818.45861,501.43211
2243,887.52935,390.40852
2244,893.56854,232.81973
2245,1050.36496,364.52110
2246,460.72805,572.53311
2247,519.73222,722.91523
2248,818.14885,487.69046
2249,789.60495,536.65850
2250,626.13854,711.54016
2251,890.18926,473.48423
2252,923.43184,418.66288
2253,947.41767,245.78249
2254,525.05344,712.96589
2255,1128.27646,26.25719
2256,900.32271,375.21451
2257,956.41757,212.21707
2258,428.60244,524.47005
2259,829.03467,517.35969
2260,517.46793,725.79327
2261,652.53489,692.31269
2262,1036.61294,360.80426
2263,603.48285,691.87404
2264,733.24239,-46.40455
2265,1038.35072,333.51085
2266,1018.96564,367.06715
2267,611.50915,718.84346
2268,776.68913,548.21749
2269,1059.64801,253.37217
2270,538.76633,730.03641
2271,1027.85039,368.83447
2272,919.02847,260.90028
2273,970.66914,377.84733
2274,638.18343,649.88551
2275,575.21392,611.29932
2276,670.16661,687.31195
2277,837.76968,418.05844
2278,585.41778,694.17626
2279,567.62415,752.30721
2280,634.47047,-251.34517
2281,677.24886,669.02204
2282,1022.59790,118.95373
2283,1035.25008,332.77439
2284,987.59261,218.47351
2285,902.86855,355.02738
2286,910.00638,283.50250
2287,904.21037,257.06659
2288,632.40891,-233.08967
2289,831.22834,357.24772
2290,487.80245,631.88902
2291,875.98319,425.88255
2292,661.57147,687.26455
2293,744.39691,599.65810
2294,746.28568,494.47807
2295,1079.70617,65.15334
2296,985.84086,331.88015
2297,943.70401,403.77546
2298,876.13803,429.26956
2299,599.47526,-255.72232
2300,929.21441,438.09728
2301,578.67483,736.50199
2302,629.84616,-209.22996
2303,1001.21921,387.27104
2304,819.41211,373.50882
2305,527.04223,698.07377
2306,961.79053,402.19576
2307,587.68590,716.54830
2308,795.84573,365.74743
2309,702.13892,552.64065
2310,922.48500,388.46806
2311,856.55191,333.98631
2312,758.52337,490.51830
2313,981.29065,356.20926
2314,778.44455,554.13987
2315,570.96671,720.89821
2316,1047.27369,254.36754
2317,597.55284,723.86528
2318,819.76071,531.76428
2319,753.13843,486.32767
2320,1031.06452,291.12264
2321,1070.78157,287.04375
2322,903.78292,303.88740
2323,892.22971,406.52013
2324,565.35713,731.75755
2325,918.93777,459.28096
2326,945.75506,377.41918
2327,919.95680,367.37541
2328,638.20845,-217.08782
2329,937.31502,347.41985
2330,821.30906,471.20193
2331,1011.12277,368.14281
2332,839.05999,503.20175
2333,681.86758,643.53595
2334,754.08748,565.66637
2335,777.74814,561.69275
2336,628.75098,-204.59932
2337,778.64860,516.38924
2338,679.76017,664.67207
2339,648.73323,688.24807
2340,775.79128,402.60538
2341,614.67038,721.34819
2342,797.68487,362.72274
2343,1021.93396,279.61801
2344,606.66372,-257.73540
2345,623.43032,-243.23660
2346,622.92695,659.88922
2347,608.88687,716.09198
2348,558.70342,726.10477
2349,574.90765,752.62935
2350,768.94646,569.05306
2351,819.90513,536.60109
2352,704.64319,637.50005
2353,1010.26285,349.34600
2354,613.22803,705.14599
2355,893.83118,398.87993
2356,883.38259,335.79189
2357,576.07928,730.58006
2358,618.50085,724.02724
2359,606.06995,689.04683
2360,861.05326,445.29565
2361,581.57038,722.13408
2362,688.01122,655.45691
2363,952.25124,285.93819
2364,1024.41552,296.20125
2365,997.37816,343.31927
2366,735.27519,609.55072
2367,898.91859,305.47905
2368,1036.77204,293.96337
2369,993.67695,370.99559
2370,1010.51410,388.98083
2371,810.38069,475.99218
2372,844.56017,476.64062
2373,603.88791,699.62054
2374,912.77179,366.14495
2375,665.75406,683.56613
2376,780.83231,569.88542
2377,957.62607,248.24517
2378,957.46736,280.79708
2379,761.98106,524.41294
2380,980.04150,261.46892
2381,698.83745,624.08632
2382,949.19250,180.84947
2383,511.22205,689.11661
2384,537.03032,763.04162
2385,797.53806,530.41701
2386,1039.17342,363.69778
2387,1048.42443,310.06733
2388,606.44145,720.81478
2389,618.39945,697.18425
2390,655.64062,662.62719
2391,860.65173,400.32192
2392,1066.94432,342.32895
2393,908.97148,448.80168
2394,911.13715,376.58659
2395,750.91784,394.80592
2396,738.53096,-40.20095
2397,987.55549,344.73193
2398,1007.63988,331.94853
2399,810.88586,61.77370
2400,616.36525,-241.55728
2401,571.45371,728.51373
2402,710.16793,618.14011
2403,993.82909,381.86071
2404,970.49338,392.75113
2405,882.14966,442.70061
2406,840.81224,473.20937
2407,720.13884,568.94990
2408,722.48520,593.46449
2409,718.04617,604.67312
2410,876.99834,330.54557
2411,742.22983,584.72092
2412,769.11665,502.20238
2413,1045.60265,354.12740
2414,847.89104,469.05507
2415,922.27812,421.58456
2416,967.33298,419.31229
2417,982.59911,261.34441
2418,616.93533,721.87176
2419,980.98991,230.65570
2420,726.31717,625.78717
2421,855.16042,429.97253
2422,890.38721,460.71748
2423,1005.73468,365.49252
2424,792.11069,497.67434
2425,808.64542,280.67833
2426,872.04360,391.08871
2427,973.09352,199.55869
2428,739.45749,548.93810
2429,633.84712,701.15207
2430,984.66709,422.54306
2431,682.18773,646.09887
2432,716.51974,627.33340
2433,873.04927,367.13585
2434,678.72270,631.47637
2435,618.83321,729.08941
2436,1045.13785,277.10451
2437,1052.43734,296.75110
2438,765.52160,556.44561
2439,997.89762,305.67144
2440,1052.97726,248.44532
2441,975.48878,362.81600
2442,698.41485,629.82984
2443,635.66812,-202.69027
2444,747.40300,544.89970
2445,792.41561,416.56971
2446,607.46836,649.54485
2447,909.70703,429.48812
2448,591.52151,-254.40382
2449,468.62922,652.24761
2450,601.27814,698.17903
2451,846.39682,478.97181
2452,750.27192,517.22330
2453,1010.81448,365.03786
2454,623.74682,-216.14464
2455,677.53110,663.56184
2456,488.24104,700.12404
2457,670.26224,482.97873
2458,1023.45015,281.42957
2459,900.22233,313.88595
2460,746.61108,452.70289
2461,860.44841,433.52113
2462,688.03860,667.41911
2463,750.64244,567.75564
2464,570.22115,711.85833
2465,821.27587,497.16130
2466,789.80571,543.91178
2467,873.92774,461.43915
2468,839.55190,498.46021
2469,784.49182,500.28002
2470,1039.54672,284.70785
2471,1030.25075,267.45595
2472,608.38473,-249.03618
2473,936.23518,272.78075
2474,766.37302,543.34326
2475,902.72940,427.18579
2476,876.86612,462.25144
2477,735.50627,468.94039
2478,814.33197,493.73268
2479,1051.69394,299.11590
2480,785.16306,547.40221
2481,1001.22292,361.20780
2482,669.84171,663.58412
2483,556.02566,723.00669
2484,627.53037,699.79415
2485,576.06713,753.74877
2486,1004.43027,361.75334
2487,902.12722,325.25816
2488,775.83733,556.42922
2489,725.31527,495.63858
2490,773.88554,403.50805
2491,792.94642,521.87845
2492,708.47017,632.71294
2493,577.92485,710.77605
2494,1014.93673,306.73733
2495,601.54911,717.83831
2496,607.34005,670.85256
2497,809.89017,182.40845
2498,966.24574,421.69883
2499,755.39317,584.18512
2500,589.37632,711.29866
2501,801.81158,528.88061
2502,631.11076,714.60751
2503,850.28259,470.96361
2504,1049.90746,93.42956
2505,840.86993,501.97562
2506,629.91595,-195.10798
2507,802.26584,517.08774
2508,827.43779,394.86303
2509,1024.84494,350.99698
2510,527.18291,748.85293
2511,777.11531,-70.68100
2512,749.49408,597.47280
2513,757.65882,481.50912
2514,593.93583,692.05286
2515,999.94306,279.78886
2516,831.29653,467.77802
2517,866.85318,400.28294
2518,1017.36654,379.16109
2519,959.36057,312.88534
2520,993.21312,384.39297
2521,846.46410,397.69426
2522,995.43619,242.26996
2523,945.17312,240.58666
2524,786.93985,378.34437
2525,637.44502,676.95174
2526,850.52884,490.73638
2527,789.06172,561.31554
2528,538.94864,764.07593
2529,658.29357,697.13598
2530,968.27773,357.61062
2531,995.92479,376.12537
2532,771.78343,531.81664
2533,578.25092,732.39261
2534,714.74227,636.23471
2535,500.52611,684.43059
2536,555.81888,761.40234
2537,772.50849,577.79754
2538,880.27223,275.27050
2539,610.19957,-230.45500
2540,996.77288,273.58753
2541,895.87655,378.93310
2542,767.00636,451.06618
2543,596.95478,734.77301
2544,552.17691,692.70666
2545,770.71559,571.76296
2546,822.35454,533.51443
2547,534.05801,751.66622
2548,840.21472,405.67701
2549,804.52358,546.84386
2550,564.22039,760.63888
2551,600.41531,724.79129
2552,675.81249,621.17407
2553,612.77272,686.87282
2554,793.64223,472.82828
2555,868.74300,346.22848
2556,891.18727,319.52515
2557,727.46565,571.06864
2558,778.00135,397.19668
2559,955.75295,315.51408
2560,715.44622,649.50496
2561,508.66319,667.26462
2562,777.37721,89.18293
2563,741.90104,433.28314
2564,903.81542,461.79548
2565,750.70552,556.10064
2566,622.69769,726.10494
2567,1023.25074,374.99453
2568,974.92207,258.14984
2569,538.11337,746.30576
2570,1047.13362,360.68637
2571,997.16726,294.88904
2572,918.28531,422.67742
2573,609.37523,730.85156
2574,891.47781,442.00739
2575,541.23844,751.62227
2576,708.06332,612.23024
2577,639.27202,703.20592
2578,1008.37926,378.24303
2579,1065.79164,278.83682
2580,673.01282,680.22252
2581,515.60065,713.84242
2582,651.15509,688.25214
2583,583.96912,704.45727
2584,628.55862,689.10082
2585,687.25946,678.32981
2586,813.04548,523.40421
2587,793.02885,514.32620
2588,951.77923,387.03325
2589,792.96440,542.46868
2590,576.89578,586.89099
2591,1040.59755,364.19474
2592,1019.97601,277.15478
2593,647.05357,-191.67721
2594,899.33712,404.42780
2595,621.55660,-259.33433
2596,785.39882,524.47601
2597,598.86668,691.21497
2598,799.97813,510.63037
2599,947.79119,426.89692
2600,861.84132,326.97353
2601,1014.85459,283.42133
2602,920.21227,414.73340
2603,800.15737,39.74905
2604,567.43570,713.89336
2605,944.77528,379.35332
2606,626.94746,719.18785
2607,906.72957,236.67096
2608,559.35753,734.37871
2609,699.85140,663.59439
2610,1064.21474,348.03431
2611,484.58226,670.47106
2612,831.30707,480.39973
2613,947.87223,306.66584
2614,724.40028,631.04837
2615,764.85850,533.87119
2616,712.93175,625.71602
2617,599.43900,704.44294
2618,557.83588,760.79513
2619,546.96967,748.17127
2620,894.83562,470.24895
2621,1043.91143,334.33581
2622,632.01702,-240.96639
2623,1031.44314,344.78197
2624,899.12929,377.15346
2625,678.13290,671.33678
2626,836.47300,512.53994
2627,578.34459,681.50969
2628,651.83266,642.81209
2629,889.98525,325.71206
2630,700.68352,654.97027
2631,612.48236,-241.28352
2632,1057.88474,85.21373
2633,833.12195,503.90635
2634,889.60396,447.82159
2635,1026.78102,330.51282
2636,954.23806,404.61029
2637,433.05830,550.16922
2638,690.29371,660.43806
2639,528.43439,740.47531
2640,922.07468,413.34871
2641,1032.10837,339.87076
2642,687.28849,665.75418
2643,887.82380,461.13629
2644,790.67105,511.40521
2645,642.19278,667.82075
2646,909.96284,411.97659
2647,1073.50367,337.25479
2648,957.81501,272.73514
2649,607.68094,-242.55357
2650,932.78593,319.22857
2651,666.02552,688.00162
2652,845.74875,507.16604
2653,633.89730,678.01768
2654,782.84398,534.67652
2655,544.85759,733.16215
2656,849.44439,71.92990
2657,926.41781,424.40287
2658,527.25902,754.66041
2659,632.45929,718.75734
2660,1036.98192,303.48800
2661,794.17943,490.40643
2662,911.41800,262.19811
2663,995.63136,334.41726
2664,607.96629,663.71621
2665,768.17281,558.49696
2666,1008.30188,268.19321
2667,783.27630,462.36075
2668,808.28320,481.67819
2669,819.83465,65.33032
2670,1066.59685,337.33557
2671,874.46876,475.36383
2672,522.74030,708.58370
2673,565.22239,433.89494
2674,635.21123,-229.08030
2675,881.86909,402.27568
2676,733.79700,562.83872
2677,385.36541,586.40900
2678,551.76692,757.27763
2679,549.03416,732.17403
2680,750.50122,-106.53666
2681,648.65939,622.97690
2682,1037.87438,246.45792
2683,1066.56151,289.07292
2684,551.20496,705.77565
2685,728.57124,565.36383
2686,711.99765,636.49743
2687,856.30972,494.37521
2688,753.88356,-36.90224
2689,729.08675,552.71426
2690,559.94199,713.69748
2691,815.11558,529.38201
2692,643.47676,685.58779
2693,1122.45975,30.82396
2694,1046.51227,347.54033
2695,888.83215,329.12774
2696,990.26694,366.69914
2697,1011.38146,370.29401
2698,869.63384,388.17383
2699,687.61914,616.42544
2700,898.99179,352.87989
2701,725.63535,612.34762
2702,698.18631,615.31841
2703,869.54136,490.74936
2704,1125.47339,26.95546
2705,842.93621,457.19944
2706,855.29154,252.32656
2707,911.34379,285.33305
2708,1063.28346,317.62943
2709,760.00482,508.56293
2710,956.17528,425.52526
2711,831.16068,498.00347
2712,852.32968,435.33498
2713,733.88305,615.93399
2714,818.35020,516.31453
2715,1020.28679,315.84734
2716,851.82036,462.17941
2717,920.17985,228.72660
2718,723.36616,638.15588
2719,661.91933,670.52229
2720,779.33926,556.09716
2721,636.54119,699.62471
2722,661.79144,637.28176
2723,923.06031,307.59625
2724,605.83476,710.37951
2725,791.64139,544.34066
2726,585.43539,718.77869
2727,940.21132,433.36407
2728,1001.33468,235.55967
2729,544.82817,673.74345
2730,1072.19418,308.24314
2731,931.96287,315.98281
2732,733.88694,278.60899
2733,685.80182,672.63362
2734,1050.28638,351.91939
2735,1070.30263,337.57350
2736,524.41081,752.68868
2737,1070.79919,311.58451
2738,472.63552,655.62348
2739,637.64870,-232.63571
2740,943.81153,433.65503
2741,824.37767,120.44161
2742,949.55705,432.88171
2743,1060.05250,347.21494
2744,943.37512,424.18249
2745,933.70458,349.94098
2746,906.24126,250.15660
2747,1041.99910,95.72225
2748,773.00638,409.13891
2749,529.30486,664.78315
2750,592.41869,714.84281
2751,551.95385,631.47406
2752,986.84094,279.89881
2753,1050.68257,321.88926
2754,897.72176,252.84980
2755,640.01507,-227.36887
2756,735.36080,601.24328
2757,651.14009,700.54073
2758,907.25471,366.66222
2759,818.95465,496.81524
2760,698.53362,647.88927
2761,971.76858,207.40894
2762,1028.31896,361.73075
2763,1060.74592,342.99087
2764,1000.14703,366.81629
2765,595.74603,-258.10917
2766,646.64115,-209.49461
2767,931.78426,434.39044
2768,684.91088,608.49276
2769,536.23853,728.03017
2770,556.13282,715.36554
2771,1126.51128,29.11011
2772,581.44921,704.22264
2773,685.64556,565.23245
2774,1075.89861,334.73829
2775,983.86062,237.23010
2776,559.93093,729.65397
2777,698.73547,643.07821
2778,870.55055,401.31527
2779,619.56402,713.74501
2780,782.43856,567.16386
2781,750.44051,577.40789
2782,1106.06428,43.88179
2783,782.49201,-63.88046
2784,681.95240,660.40012
2785,769.78015,-9.60567
2786,901.09145,395.65505
2787,537.37355,711.82805
2788,840.37455,499.65905
2789,657.06380,683.80870
2790,756.67972,527.12511
2791,821.40777,525.93007
2792,1035.19077,353.94854
2793,946.12967,352.00021
2794,664.31552,686.21399
2795,962.46625,250.62366
2796,893.75084,371.94992
2797,995.64089,349.30505
2798,925.00117,287.56998
2799,900.61289,415.02711
2800,588.25567,687.65458
2801,800.58096,522.25611
2802,1058.58891,351.29420
2803,698.97596,660.46031
2804,680.68529,589.59819
2805,757.17948,575.34362
2806,672.72252,677.18061
2807,507.55113,714.97668
2808,561.63227,721.86478
2809,617.33817,693.27011
2810,593.14906,709.44164
2811,895.88055,329.99265
2812,755.15173,571.49111
2813,951.10505,342.74413
2814,884.96642,445.48867
2815,672.43673,666.35474
2816,760.20399,572.32214
2817,716.32762,-81.83849
2818,646.02645,659.52244
2819,830.43294,492.82168
2820,639.24855,691.90030
2821,954.04520,302.49835
2822,503.63458,709.73838
2823,879.58453,244.43192
2824,600.10468,707.82875
2825,529.97222,752.64895
2826,760.27425,566.60228
2827,1065.83044,78.98603
2828,964.71182,203.80303
2829,952.94832,199.25525
2830,1116.80215,36.44805
2831,910.61567,289.14515
2832,656.56450,643.54562
2833,857.87332,396.05584
2834,943.88592,340.06866
2835,566.58129,722.98591
2836,1031.83694,369.41627
2837,757.04810,561.70513
2838,976.45156,381.81619
2839,992.26950,400.75312
2840,948.72217,436.98429
2841,884.20706,367.15949
2842,720.00408,612.79457
2843,894.37284,440.32100
2844,1017.44311,397.23392
2845,691.87143,639.10112
2846,683.01023,669.69145
2847,638.53219,671.45854
2848,900.14103,446.36358
2849,1058.64354,271.58827
2850,1017.78040,391.44810
2851,554.98320,726.62237
2852,1090.63692,57.20555
2853,997.72948,271.86456
2854,755.19716,595.03181
2855,703.19843,628.50836
2856,796.72766,555.34716
2857,779.95135,394.91583
2858,753.09993,590.57351
2859,600.41949,-248.80523
2860,904.83366,369.80245
2861,553.48736,732.92953
2862,550.74289,735.00894
2863,502.78379,689.09584
2864,760.68153,574.75397
2865,1066.68629,339.56844
2866,961.41007,351.00275
2867,683.68754,657.66408
2868,1053.61441,342.28568
2869,1015.55857,321.59442
2870,1050.72186,247.44259
2871,1040.41310,346.79385
2872,747.78454,438.02512
2873,908.00739,374.61892
2874,1070.25242,343.81969
2875,907.60745,440.96639
2876,578.20310,738.20244
2877,569.09506,722.05103
2878,681.03414,657.26597
2879,634.36254,713.02148
2880,732.81758,297.48033
2881,592.48141,696.40402
2882,928.20605,358.24207
2883,901.77879,262.96161
2884,585.82134,744.84306
2885,979.76102,269.89625
2886,978.43953,372.45689
2887,851.34272,485.30045
2888,570.30288,737.04819
2889,549.87283,764.36962
2890,679.04591,649.91878
2891,670.93741,668.82625
2892,633.54155,668.11464
2893,871.38892,394.06315
2894,824.21509,198.41456
2895,582.08784,702.46616
2896,911.45238,325.88005
2897,474.05670,655.29070
2898,874.24560,448.00053
2899,743.31724,547.72849
2900,738.54968,619.60345
2901,633.98347,686.25453
2902,1003.90790,356.65479
2903,658.49862,692.44081
2904,921.03647,406.41091
2905,762.43871,515.65439
2906,545.37310,763.77429
2907,987.42172,354.19661
2908,793.30852,485.35129
2909,1029.44577,334.53478
2910,936.91163,440.15408
2911,554.02417,713.23684
2912,647.51222,619.57429
2913,550.61218,725.61774
2914,666.47587,661.73243
2915,706.26993,629.18498
2916,899.76599,309.50563
2917,941.92294,366.03376
2918,622.01980,721.04066
2919,1049.68301,250.08498
2920,812.04312,504.34036
2921,759.44782,477.87119
2922,934.18382,411.88909
2923,1010.28333,229.42403
2924,951.96571,369.69204
2925,679.85719,660.34919
2926,1088.55196,58.10370
2927,949.17755,304.17093
2928,907.39503,265.25524
2929,1009.98938,262.46723
2930,836.57167,469.91515
2931,993.42041,290.98674
2932,913.39335,362.15684
2933,1017.54824,359.28278
2934,767.55885,549.10303
2935,676.81267,654.17992
2936,654.56372,691.96111
2937,866.54685,471.45140
2938,1012.22733,270.55005
2939,958.55349,430.77018
2940,599.98647,671.94030
2941,781.09032,112.84400
2942,761.60261,439.84705
2943,987.77508,374.35902
2944,893.31861,453.14874
2945,836.24601,523.91667
2946,835.81636,517.65824
2947,961.93039,400.46300
2948,721.98547,567.63199
2949,742.68437,581.41225
2950,1115.11793,35.66333
2951,771.38180,467.75597
2952,789.97719,421.06305
2953,752.02703,538.88821
2954,910.01644,413.47919
2955,797.41415,548.70846
2956,822.95980,484.33376
2957,781.14436,518.90606
2958,639.88461,696.87758
2959,912.63478,415.36720
2960,952.35259,312.16428
2961,629.02610,712.33713
2962,804.43742,532.74438
2963,997.94491,373.41729
2964,707.90019,-95.24258
2965,530.08604,749.61262
2966,1027.35826,276.26660
2967,776.58128,523.45109
2968,545.23477,741.17660
2969,772.71378,513.01745
