0,754.54422,8.67425
1,379.42431,379.64874
2,595.97526,-188.08506
3,720.10844,-53.28586
4,806.62402,98.45914
5,611.97318,364.37170
6,701.39135,337.90942
7,617.68819,306.85718
8,675.89733,328.03212
9,944.22391,211.97110
10,488.45133,424.54471
11,612.35377,-144.61527
12,611.06907,-170.66615
13,400.41589,399.02448
14,638.23055,387.83398
15,638.88466,297.35844
16,556.15996,358.58757
17,850.49377,253.65496
18,470.57341,392.93159
19,784.78282,63.47460
20,746.31133,329.99802
21,1001.68598,301.07610
22,864.72780,362.17376
23,732.99926,317.29028
24,778.15462,521.04265
25,715.15679,390.19517
26,678.71806,-105.54462
27,381.32609,387.43445
28,813.31999,111.70140
29,763.74024,442.91475
30,650.22689,-126.73218
31,585.46923,403.98087
32,387.39953,383.84559
33,622.85920,-184.66175
34,548.47884,378.11062
35,407.46585,407.26621
36,758.11543,446.84605
37,776.62866,342.35400
38,390.81903,448.81717
39,736.00283,7.69354
40,587.41546,415.17796
41,741.45881,-5.14167
42,942.05695,218.15285
43,568.85957,443.17883
44,609.64667,-168.72547
45,685.03354,306.27941
46,764.37144,309.68409
47,562.86777,421.48550
48,842.42520,241.74192
49,663.37408,331.78704
50,603.34170,331.43540
51,696.78009,344.35881
52,753.13523,307.62154
53,717.31194,-46.19959
54,811.32187,106.97619
55,525.87093,428.42652
56,1070.24807,144.72834
57,617.94751,321.99034
58,548.78284,347.73114
59,631.57047,-129.98836
60,1076.06907,294.24044
61,686.18453,426.92235
62,707.52876,340.41332
63,605.01110,326.19186
64,642.87026,449.91140
65,700.82358,380.41296
66,708.19307,317.96434
67,670.15302,348.26694
68,795.26688,335.02377
69,564.74334,-235.63142
70,663.26007,-121.97128
71,517.87233,453.48310
72,946.71846,351.39108
73,591.96725,-196.81631
74,612.53728,-161.52484
75,395.85063,478.42345
76,403.35160,432.83495
77,395.40372,392.25214
78,730.44670,16.21198
79,643.31574,323.07222
80,885.10073,298.45109
81,543.72253,385.01768
82,681.55452,305.16433
83,545.60566,342.53542
84,813.03613,126.37270
85,668.58499,-128.25568
86,568.95446,-228.65029
87,656.83380,-121.68263
88,701.43655,366.23495
89,986.89719,306.72214
90,388.51202,406.88311
91,546.79650,414.90801
92,526.94008,574.13921
93,533.33728,-243.67750
94,681.25270,384.32080
95,749.18253,45.75485
96,714.65646,319.32555
97,602.04844,516.12863
98,751.98084,475.83376
99,646.78835,295.05845
100,846.22663,308.91708
101,724.59146,-30.53127
102,713.58615,375.17554
103,733.65703,-33.11297
104,729.34202,-42.29734
105,607.53362,-176.98474
106,725.59286,292.97862
107,700.91966,315.30768
108,809.71230,257.34828
109,427.12135,433.03339
110,431.36532,464.17690
111,761.32506,260.80827
112,520.10764,366.94709
113,423.96745,396.32821
114,622.16608,-196.14766
115,408.38195,518.68653
116,423.29332,474.95842
117,625.92067,-186.88384
118,555.09129,351.61571
119,571.30960,386.35515
120,791.28988,249.19248
121,574.95420,-242.96140
122,668.58944,-119.57640
123,839.00982,228.83207
124,623.38880,-180.22200
125,709.02648,391.56410
126,886.81627,233.06303
127,731.84329,-27.88044
128,602.09513,-217.20864
129,553.56649,356.65416
130,486.42024,371.87245
131,619.15229,-157.46589
132,581.86699,-191.12513
133,385.25528,393.76066
134,649.42488,311.41021
135,571.82721,-185.09553
136,564.97583,-243.08739
137,545.02225,-253.58989
138,587.29345,519.57061
139,705.33787,450.19366
140,637.91333,-149.71995
141,1012.37697,300.90264
142,557.87724,380.41888
143,554.20421,429.79014
144,579.00262,-180.80924
145,469.07091,474.03141
146,613.62101,320.35321
147,559.33942,-251.06545
148,581.78397,372.18594
149,626.17721,-141.38014
150,821.34944,243.20858
151,958.94645,226.94057
152,408.94988,498.42012
153,588.91841,481.34792
154,921.10971,265.91439
155,720.39615,328.59777
156,696.83681,-81.22675
157,521.35347,419.41337
158,663.44104,379.65202
159,1001.07111,199.41002
160,584.24887,-209.62813
161,679.60953,387.56944
162,624.34096,-166.45912
163,749.86354,296.57768
164,766.63203,103.21744
165,669.30375,301.55338
166,597.68898,-223.14726
167,386.50982,430.13291
168,1008.93679,274.88769
169,450.12183,399.50823
170,789.87692,256.50098
171,808.08035,236.48970
172,588.94611,399.28607
173,524.15822,371.79533
174,664.01929,317.27171
175,631.84669,381.14811
176,389.39552,393.00872
177,764.80237,258.53211
178,944.55529,236.20208
179,473.62621,407.64050
180,656.45788,340.38300
181,750.59841,338.95681
182,404.51610,492.54833
183,589.81052,-213.74142
184,558.93552,392.78517
185,533.00679,413.04754
186,631.00786,-164.44947
187,692.28170,337.21570
188,683.52673,347.35901
189,987.72959,254.92150
190,578.09943,-220.92113
191,733.40686,328.27351
192,671.52549,316.12392
193,877.86852,468.00096
194,731.00734,315.08581
195,625.14502,387.53796
196,658.58669,363.98458
197,608.15624,-210.29991
198,549.17387,403.63063
199,745.08147,8.06153
200,552.81886,365.54856
201,470.10416,390.53382
202,602.19166,327.80892
203,564.20505,319.56728
204,557.23303,-247.60562
205,712.67723,-39.02764
206,693.53821,311.97129
207,793.01620,85.28870
208,393.01179,423.64667
209,679.68607,-113.31777
210,584.70953,417.20911
211,675.91408,320.82015
212,656.06673,-113.69063
213,742.20203,261.57149
214,635.98740,-154.00862
215,714.59756,564.15506
216,425.30573,361.48597
217,648.92305,334.11288
218,877.24531,193.91996
219,722.71575,313.03610
220,911.42987,262.77799
221,558.81306,-253.60584
222,582.34422,394.64785
223,411.87263,537.47304
224,602.49927,-152.75608
225,625.33437,324.48590
226,849.54328,261.10480
227,792.08479,67.05015
228,572.01551,-232.05357
229,1079.84984,307.29645
230,650.06116,344.23358
231,426.53201,471.38657
232,1016.97206,188.43418
233,720.80175,488.57091
234,702.11003,-80.25081
235,780.28278,285.13337
236,565.00829,600.89705
237,424.74788,483.14806
238,538.64954,-231.85969
239,889.11567,198.68712
240,842.31206,332.41933
241,621.81633,-186.71602
242,647.12171,320.70765
243,989.70928,287.32796
244,584.41643,-200.67609
245,582.75872,364.42803
246,575.66814,393.62957
247,723.65768,406.18932
248,604.89367,-212.49646
249,1061.95929,150.16727
250,458.77875,479.22843
251,935.17001,214.35397
252,514.91706,423.44814
253,384.37162,398.74228
254,683.39168,302.00665
255,791.29700,266.03361
256,625.30688,309.31788
257,704.91852,-31.31691
258,714.18161,322.68958
259,918.27388,328.64318
260,602.47742,-196.86842
261,553.90583,662.87841
262,765.66106,267.86082
263,750.90170,356.11662
264,807.17640,248.83260
265,803.88467,337.52239
266,648.76718,-120.92027
267,696.31997,-83.49306
268,685.70995,351.54136
269,510.45556,602.05766
270,728.65253,-28.35612
271,763.42819,349.25475
272,391.13634,399.68056
273,770.31255,319.15887
274,632.98360,546.33915
275,1061.24418,284.48608
276,708.80035,296.13620
277,662.19657,329.53797
278,581.41884,-231.40126
279,513.64083,355.10042
280,442.84697,458.87379
281,1023.43310,313.54613
282,831.78586,184.61204
283,592.64247,464.79136
284,676.33243,-82.61603
285,875.72864,246.18643
286,653.47231,384.83730
287,598.06359,360.63182
288,540.68297,-228.92627
289,846.91400,440.19496
290,859.77581,233.84374
291,606.58763,-173.44802
292,604.74771,334.49901
293,1001.34486,280.59605
294,790.35667,64.47753
295,575.58479,449.30050
296,586.64603,-228.12293
297,454.40116,641.88444
298,961.71700,295.34118
299,649.96663,356.05651
300,754.29664,259.24387
301,706.87034,410.44937
302,565.96346,409.78129
303,749.05727,500.86311
304,397.44474,403.33541
305,964.26799,250.88767
306,956.38993,263.86879
307,627.16734,-169.76570
308,724.34993,314.90725
309,706.99412,330.68067
310,883.08735,277.22966
311,649.01391,341.82073
312,879.12983,274.10906
313,681.21234,-111.27374
314,837.24647,346.66550
315,624.49131,365.34815
316,547.16047,-250.97849
317,1022.86439,264.10410
318,942.59471,263.53910
319,667.67881,382.92739
320,724.25377,-15.29698
321,414.08629,402.37892
322,671.13818,309.66237
323,749.84375,458.25724
324,397.22557,408.84764
325,661.11341,338.34872
326,410.54583,480.04351
327,457.33213,401.68846
328,537.86541,367.69933
329,705.25304,32.00193
330,898.74028,223.21708
331,742.43011,214.84930
332,689.11388,334.86515
333,550.40875,374.84670
334,620.23945,-145.32251
335,687.73198,307.92034
336,717.72920,-25.93062
337,635.08312,328.99763
338,726.28635,8.55154
339,647.05393,351.31003
340,678.54589,-107.80571
341,653.61737,355.49881
342,732.08032,-6.64484
343,485.89714,381.50151
344,795.40699,364.37155
345,780.81066,265.84149
346,767.29984,30.48345
347,544.92246,466.94284
348,576.13411,387.86826
349,779.26639,338.39116
350,550.55524,399.76176
351,444.07290,447.90693
352,900.10375,241.62329
353,646.31656,-107.64972
354,832.35247,360.14297
355,656.58969,-148.36415
356,757.98801,337.85581
357,616.41669,-179.54763
358,512.50118,406.78411
359,726.18207,-35.93464
360,614.86723,-166.13824
361,585.40076,330.74693
362,940.77995,220.74472
363,633.54546,-142.17775
364,910.36515,340.24643
365,837.28595,248.97762
366,576.70203,-201.88038
367,732.31489,477.10341
368,719.88941,509.23570
369,734.31545,-0.81497
370,800.27630,78.33604
371,536.24770,416.24384
372,575.05954,-222.37071
373,720.95549,-15.29919
374,677.76730,-70.75136
375,484.26826,461.59479
376,815.84396,243.47731
377,771.98398,38.26995
378,527.71422,358.14430
379,753.58932,458.12791
380,766.69367,301.96079
381,1018.98652,279.16252
382,661.78556,352.74122
383,591.05495,-188.33862
384,582.25119,-177.80643
385,625.61124,-149.11667
386,656.99729,-131.33983
387,643.73630,320.34268
388,727.75173,-37.00036
389,473.73008,381.95424
390,402.01503,464.47993
391,642.67554,331.33065
392,611.48722,-173.99014
393,741.06974,463.13312
394,765.93646,72.69988
395,711.52055,333.84253
396,762.28158,441.89727
397,787.89691,230.97046
398,693.02777,330.12328
399,604.42628,-181.82162
400,579.06598,388.20605
401,469.05825,412.53727
402,672.89485,398.47862
403,646.59143,313.11672
404,587.70847,385.27289
405,670.79533,-122.58254
406,557.60278,407.34868
407,884.56829,393.15393
408,693.11581,-73.27171
409,744.82067,-5.36494
410,933.37984,247.32992
411,402.13987,505.92675
412,684.74235,297.31289
413,398.95647,508.59554
414,569.56581,445.71791
415,585.86920,-226.30318
416,768.07546,27.20841
417,614.89923,338.99495
418,721.28081,331.10950
419,856.77291,342.05145
420,672.63808,300.00647
421,1099.83176,117.67730
422,381.30846,406.87171
423,569.34094,366.44919
424,580.79719,-201.42181
425,593.90739,374.97899
426,551.01386,450.92964
427,537.62150,372.74493
428,582.23250,-198.16426
429,811.20716,336.54249
430,559.18443,336.86809
431,569.28113,390.30360
432,738.98667,-24.40834
433,667.81079,347.46671
434,760.81175,258.18292
435,632.26194,353.80550
436,866.86224,339.07715
437,973.25412,280.95497
438,489.62500,401.06480
439,914.93349,258.34987
440,459.87307,376.45993
441,384.59044,386.76840
442,905.37264,274.06247
443,725.80365,264.00861
444,640.70888,323.13911
445,589.53419,-193.65382
446,624.39458,-153.82310
447,614.12107,399.76066
448,693.96393,347.84517
449,766.77500,43.87087
450,373.41971,388.66197
451,572.37361,-238.29149
452,511.67067,372.33202
453,969.62839,277.56440
454,562.93518,399.61559
455,985.13796,253.23913
456,730.57347,-36.25449
457,450.94714,383.26948
458,593.03987,-190.53596
459,682.58893,307.74206
460,708.02345,311.65833
461,482.12718,416.27376
462,791.94737,260.14434
463,475.13866,426.61934
464,713.40288,295.18965
465,421.72805,373.33579
466,697.63499,314.35329
467,720.70049,-36.26894
468,673.80960,318.38718
469,712.44104,360.44551
470,828.96127,137.51831
471,562.79809,445.27720
472,816.25529,129.97294
473,667.84820,338.63669
474,931.30189,227.18526
475,644.26392,309.88880
476,916.62302,320.70395
477,591.16644,412.60207
478,380.74773,390.39229
479,701.44371,330.94316
480,583.90137,-203.95247
481,552.54960,383.65222
482,641.85231,-148.49708
483,983.56115,297.88334
484,714.13193,300.52766
485,583.98559,-218.70355
486,559.06631,409.77096
487,643.11695,-159.49823
488,642.57899,-170.61273
489,660.84086,362.68804
490,418.09018,493.72500
491,683.07360,-108.42353
492,592.69309,-184.50372
493,1032.91593,338.81668
494,692.09674,314.05699
495,833.45998,197.39045
496,484.24610,436.23063
497,650.41876,309.03505
498,806.57238,376.70154
499,620.98856,335.77735
500,580.64273,-221.54809
501,848.27238,271.80974
502,407.40778,513.18237
503,727.96073,266.20030
504,591.32952,-203.06308
505,786.25920,60.94874
506,476.38304,423.76120
507,472.41045,389.73620
508,478.62663,470.32241
509,558.25432,375.13848
510,689.39787,349.16960
511,957.51923,232.58651
512,593.47205,-188.15502
513,1076.09181,140.08126
514,448.49702,477.93748
515,691.52067,360.78969
516,486.93340,429.29759
517,652.72121,378.47579
518,681.02630,287.72411
519,567.18568,-248.95014
520,963.47572,242.31250
521,743.24462,283.83182
522,626.10440,358.04767
523,589.77058,-184.94715
524,716.93809,-13.22388
525,830.91599,373.85217
526,1001.40941,268.17676
527,763.19062,404.12858
528,634.61257,-178.41038
529,577.76388,-232.34691
530,959.16072,258.84024
531,603.87757,333.98857
532,565.71786,396.48246
533,812.80588,342.47709
534,602.44001,-189.91086
535,608.55978,387.52224
536,606.86995,452.07885
537,696.47643,356.08092
538,577.84949,380.49993
539,615.16766,-197.89906
540,974.40405,240.27829
541,669.66879,-86.16501
542,751.66620,386.98346
543,502.94128,376.81942
544,743.87736,10.31941
545,740.17569,288.12209
546,838.67522,194.62080
547,646.85948,-156.20944
548,688.44979,-56.23539
549,488.51312,419.10213
550,384.65821,432.40991
551,605.32084,-166.94658
552,612.43421,-186.48732
553,710.03803,388.96879
554,675.83042,428.67072
555,572.56365,443.89066
556,699.92239,333.62553
557,570.37323,406.78303
558,658.03252,318.77421
559,572.99432,380.94771
560,574.34045,-187.59637
561,658.34919,-63.47582
562,689.32927,356.54903
563,827.25248,149.37422
564,463.64659,491.78591
565,927.70161,285.94375
566,588.14853,-196.76240
567,700.83553,-60.68466
568,388.03166,388.84980
569,705.38768,377.35022
570,698.24165,366.89367
571,628.28152,330.89984
572,499.09023,391.12264
573,781.15128,518.48320
574,964.78110,220.92533
575,382.96235,379.28447
576,580.33851,330.31438
577,449.83940,466.70695
578,628.03637,-180.56100
579,810.72750,263.22275
580,804.85290,247.36600
581,729.04818,376.53004
582,629.65040,310.56892
583,689.91336,263.80212
584,741.40395,24.90772
585,403.43075,397.13373
586,733.81283,-15.22016
587,427.68318,455.06088
588,419.95829,492.10144
589,650.89125,375.44427
590,720.42954,378.05406
591,760.82893,342.38641
592,565.30400,385.60628
593,493.17370,462.84927
594,847.78004,369.42808
595,851.24538,250.04900
596,776.77858,65.08682
597,581.27195,415.27538
598,965.65079,272.14054
599,398.71113,397.10827
600,623.69032,-159.03158
601,740.36736,344.42626
602,890.00646,268.32375
603,579.56749,410.08219
604,656.96578,335.46849
605,650.28480,327.48665
606,664.48817,-126.79232
607,668.37422,364.05113
608,475.56669,435.46650
609,740.95845,313.52228
610,552.03632,396.68278
611,603.02387,413.49735
612,704.51238,-42.50857
613,699.39916,457.39911
614,1049.45701,339.90759
615,582.78318,377.61203
616,607.49857,414.93468
617,523.63681,414.17000
618,530.39986,407.32041
619,800.57663,100.55208
620,648.75491,337.51170
621,547.81587,409.74558
622,530.63290,389.39111
623,748.05499,21.17469
624,547.20734,-255.68081
625,616.61893,-201.46681
626,692.17175,-78.14620
627,833.43763,306.46610
628,499.91434,405.34856
629,629.90256,358.36118
630,643.69042,357.69818
631,731.21560,291.36701
632,614.80290,328.33846
633,488.53340,521.19027
634,764.20461,264.24124
635,624.74347,355.69964
636,933.67609,258.29218
637,570.56101,401.19943
638,604.99326,-175.58611
639,653.53243,324.65294
640,747.27400,378.61897
641,580.43122,417.10701
642,695.46710,322.48066
643,666.38948,-131.27135
644,968.50457,322.22135
645,471.36920,385.29069
646,748.16693,478.04719
647,909.83509,284.38420
648,753.80359,299.43838
649,722.59155,292.84461
650,598.68227,352.49549
651,400.97700,407.45025
652,639.77470,366.05815
653,856.04578,229.38586
654,706.11023,336.30145
655,680.34562,369.76082
656,497.77256,407.33613
657,689.53113,616.24424
658,693.62385,395.36849
659,637.06684,342.18829
660,388.05974,416.17734
661,809.49865,103.85870
662,685.48141,-104.82265
663,592.62638,347.25222
664,725.74515,299.61982
665,405.90504,397.20414
666,514.36331,388.51525
667,938.46864,213.77031
668,491.61318,616.09244
669,812.08941,299.36374
670,607.67647,-171.07946
671,432.00711,452.14697
672,477.95791,407.34314
673,746.60233,266.09974
674,638.39736,306.17375
675,375.90472,386.54838
676,497.42549,370.96172
677,853.77344,416.64948
678,467.42143,394.46685
679,762.29796,19.56109
680,707.32516,357.69200
681,701.22243,-37.12309
682,632.32149,332.41083
683,814.45079,248.28229
684,589.54683,-163.23145
685,760.07228,391.06414
686,540.38205,346.11011
687,1019.47464,316.12214
688,399.12096,393.36854
689,569.65634,420.08394
690,717.66270,-53.09824
691,588.58442,440.65433
692,758.69023,320.17971
693,622.10758,329.79689
694,417.51403,531.45970
695,661.49540,-135.89993
696,619.51136,-162.95649
697,1013.22153,272.13896
698,723.80269,333.80333
699,732.09342,9.27866
700,632.13269,-182.49377
701,565.91796,411.67966
702,689.17169,483.97334
703,485.33958,428.92728
704,852.41290,217.40629
705,610.74226,-164.34691
706,552.16580,-244.49849
707,645.23588,332.40424
708,491.63887,425.78946
709,690.69567,301.42250
710,1102.15986,117.65337
711,874.16406,345.22548
712,426.79514,468.68834
713,1015.93829,265.44627
714,675.29521,331.01198
715,616.49305,322.92429
716,770.65527,302.01310
717,634.35113,316.01882
718,630.13424,327.98655
719,464.21829,463.53846
720,620.97162,382.96407
721,582.89069,434.31359
722,584.31779,-179.11066
723,566.48100,-226.62025
724,806.26060,264.27047
725,797.08787,73.66789
726,994.94412,267.64132
727,919.86880,219.35639
728,584.73746,395.09721
729,509.34319,387.31755
730,839.00374,242.39136
731,582.68954,-229.90447
732,575.43883,334.78931
733,621.86087,327.77324
734,656.30180,372.65165
735,796.29364,353.94583
736,833.55827,117.88610
737,685.90562,317.22879
738,596.14628,372.00384
739,482.13496,380.04564
740,596.99473,-194.38549
741,966.32029,297.61101
742,735.68645,2.28217
743,621.79975,430.34524
744,804.92966,174.41252
745,562.33013,428.61813
746,710.17848,356.62422
747,655.50124,304.42173
748,822.13185,105.67485
749,587.75270,449.93357
750,715.21395,-58.08167
751,561.11059,384.04331
752,744.23451,28.99574
753,757.81438,450.14071
754,401.59351,507.02163
755,780.61736,126.76243
756,555.01462,459.64297
757,395.46040,412.86837
758,636.24990,333.65358
759,581.67111,-225.24908
760,588.00766,-176.31695
761,651.13067,353.51436
762,737.52600,302.83191
763,723.80239,273.85624
764,409.12393,435.07262
765,958.59064,244.24039
766,584.82906,426.43137
767,655.53601,325.28751
768,579.46460,383.99998
769,619.70902,328.38944
770,597.30155,404.55526
771,579.32163,-224.47119
772,598.13424,-212.10743
773,617.39603,362.34293
774,703.71155,342.23194
775,585.71680,353.77006
776,920.68775,202.67421
777,544.18632,394.41440
778,665.39590,-124.48720
779,678.08018,302.27678
780,1093.35888,328.07814
781,419.03980,383.81224
782,947.00463,317.98213
783,578.18242,391.66367
784,1014.02595,319.78691
785,532.53550,-241.21064
786,588.18281,337.25161
787,578.90350,-201.98654
788,830.56821,244.04625
789,761.50945,269.28570
790,781.20453,268.16517
791,602.66277,-187.22635
792,385.23822,445.58282
793,596.27258,-212.14342
794,632.47554,362.95721
795,571.86926,392.16810
796,664.43596,304.51968
797,828.10672,342.08711
798,737.85818,494.41590
799,529.93335,-245.24482
800,475.95489,387.00567
801,613.38775,-199.88575
802,789.37141,278.84273
803,639.91227,-139.62508
804,602.66256,-205.71284
805,399.12548,500.61303
806,621.68433,311.59874
807,581.37304,357.88647
808,634.21455,303.29740
809,641.99721,-126.75183
810,581.60911,-188.79675
811,601.59599,-167.73066
812,435.02990,413.37088
813,411.65773,411.53017
814,820.70860,168.20648
815,655.65838,331.89921
816,584.14822,-188.72746
817,391.23226,383.73136
818,624.98072,-190.95159
819,754.94148,456.42151
820,715.51860,350.43593
821,990.96672,331.57171
822,915.84279,331.62393
823,724.23353,326.71441
824,407.82377,394.64480
825,850.62320,328.86295
826,698.86146,357.41053
827,701.53176,356.65334
828,708.87008,316.27561
829,762.03313,29.88571
830,819.66804,114.98519
831,793.08854,288.33004
832,416.19586,511.31019
833,678.82390,407.33726
834,554.27929,-246.66053
835,711.06983,272.59167
836,636.20086,329.99844
837,897.58892,279.54015
838,698.33526,340.78417
839,1025.27489,271.31526
840,586.85151,-196.53401
841,592.88550,-194.12569
842,570.01920,399.33298
843,699.22892,337.58081
844,703.77988,347.75420
845,656.90119,350.59346
846,588.57808,-216.32971
847,642.95617,358.38546
848,1078.14127,301.00025
849,891.86805,236.63278
850,644.47876,325.96485
851,632.43702,317.67911
852,810.41504,274.29637
853,609.61017,-201.94304
854,868.30508,325.67226
855,617.34788,-167.87980
856,684.59929,-66.89022
857,473.63785,384.56398
858,761.42988,374.43248
859,459.82000,392.24120
860,602.10646,-170.85139
861,800.87205,240.72438
862,595.57228,-178.68808
863,749.52404,274.54758
864,625.17683,332.45804
865,593.40911,414.39623
866,867.11313,354.97036
867,679.81345,345.77482
868,610.20029,389.69201
869,754.17372,450.27340
870,564.92110,589.89409
871,747.74826,-10.92262
872,436.38714,408.87403
873,640.47740,-135.63721
874,803.69158,99.67535
875,756.70381,296.83290
876,627.30346,316.54400
877,461.64922,387.55859
878,682.79956,343.34113
879,588.66029,381.72037
880,565.01281,375.60155
881,715.74265,306.36466
882,778.55951,340.41014
883,574.03139,347.67752
884,531.52293,593.54396
885,1045.35553,276.01466
886,703.37719,328.98586
887,483.83307,425.98866
888,577.16677,-205.62396
889,716.42383,333.71751
890,666.27666,352.50890
891,605.58151,367.20492
892,749.83237,469.61946
893,704.75721,318.01056
894,1014.76700,263.38768
895,651.90424,331.41716
896,726.99588,363.44034
897,610.23827,-172.39137
898,603.52843,374.24810
899,756.25654,453.46131
900,535.20515,433.75947
901,708.41683,384.22763
902,556.41663,430.12986
903,482.61293,450.83833
904,920.26329,273.36077
905,645.94344,395.65264
906,646.90585,340.05172
907,603.33316,394.93389
908,527.21849,393.63286
909,473.61868,397.68095
910,853.59133,232.68218
911,568.88757,-236.23318
912,631.27112,339.73899
913,644.08525,345.22217
914,550.33486,363.65515
915,616.89258,375.16258
916,724.44146,320.28019
917,654.02279,339.86483
918,766.26761,24.83406
919,649.57993,316.18267
920,552.97735,404.74174
921,588.72776,-232.38326
922,836.12104,203.78992
923,576.88173,-190.84908
924,663.54045,369.99104
925,870.01147,329.63665
926,642.11402,367.95700
927,911.04170,341.82864
928,873.58566,291.89516
929,744.45716,12.26166
930,1000.28746,255.40511
931,582.65259,356.08564
932,682.28992,-76.91129
933,579.38051,-234.28798
934,599.98917,-213.90176
935,600.42662,-206.97853
936,543.41196,378.68612
937,682.66207,457.71428
938,690.42097,332.81005
939,661.46888,307.14471
940,546.21721,393.21486
941,664.54324,308.35784
942,623.10508,349.20412
943,787.79333,292.85934
944,807.86781,315.86537
945,714.51708,-55.51404
946,563.00463,353.84895
947,991.19046,303.28470
948,642.42139,-167.34336
949,374.16077,386.06116
950,536.08762,396.48591
951,847.93222,331.04224
952,690.72666,328.81080
953,600.37374,-184.50284
954,481.00711,462.85062
955,665.13427,-114.23810
956,726.07620,-48.08444
957,670.62422,325.43743
958,727.40379,-16.58670
959,467.86495,384.63470
960,767.93084,289.76356
961,589.50394,461.57875
962,733.97659,-8.39668
963,779.17840,315.22821
964,650.84296,319.46265
965,486.34709,415.86798
966,654.06222,369.56007
967,985.13925,288.61265
968,572.64031,414.53177
969,695.74864,-86.13232
970,921.16686,339.41436
971,709.00061,321.46674
972,784.28153,254.50928
973,606.52751,-163.66992
974,638.21861,360.46562
975,449.78928,385.77949
976,729.63644,-0.09981
977,759.74435,167.00649
978,414.18943,472.05507
979,569.84443,-242.74048
980,377.80152,381.16143
981,831.08190,236.02523
982,755.96920,293.42773
983,768.45451,273.69236
984,708.72947,304.27886
985,966.96583,293.03302
986,614.73245,-205.58467
987,791.05072,312.65760
988,925.89796,303.38377
989,428.57748,413.38941
990,661.37913,368.02523
991,960.19585,303.62332
992,745.68783,312.86029
993,589.66031,-229.93243
994,525.81001,375.39791
995,390.40635,436.67810
996,586.68197,410.69673
997,565.03979,641.86907
998,860.40214,257.43065
999,606.68699,-182.76678
1000,537.73651,631.52184
1001,781.00838,292.35987
1002,568.29246,354.57803
1003,404.60818,501.64504
1004,484.13720,439.78411
1005,465.27612,456.07219
1006,822.60021,237.33241
1007,656.71560,360.34598
1008,720.18854,-17.84915
1009,1012.66162,259.80496
1010,746.98021,11.43736
1011,734.62085,-12.03929
1012,615.56435,-163.34136
1013,722.36614,298.80404
1014,819.79989,142.47813
1015,735.30142,268.80032
1016,383.90732,408.61367
1017,729.46198,-30.72203
1018,572.20563,-219.95280
1019,703.64615,281.11995
1020,828.49024,239.08925
1021,637.30959,362.40679
1022,514.43947,367.50722
1023,643.67316,377.16635
1024,702.87405,325.33857
1025,736.84206,98.04806
1026,580.63198,-203.75556
1027,677.25860,-15.29594
1028,538.01086,-237.16868
1029,751.63664,4.04972
1030,550.26260,-242.53978
1031,753.17956,10.72178
1032,766.88255,340.40028
1033,601.97935,387.31361
1034,621.67041,-199.21972
1035,757.35858,471.97675
1036,695.78618,299.90318
1037,627.02223,326.46757
1038,504.57754,674.54829
1039,644.27395,372.90330
1040,649.11610,-160.16281
1041,730.21215,305.16169
1042,641.07860,349.53195
1043,977.16866,280.34873
1044,578.64311,358.38857
1045,946.12547,239.13745
1046,1008.00822,261.33445
1047,724.01566,-7.97395
1048,492.07152,467.28487
1049,961.66704,288.77132
1050,699.40067,302.16386
1051,669.43110,294.97094
1052,635.60519,-153.38713
1053,871.74463,345.35327
1054,680.63831,337.79893
1055,485.69898,400.16841
1056,852.63468,257.44372
1057,574.03800,-228.42732
1058,593.54974,338.15732
1059,639.13940,332.13671
1060,575.32291,398.29012
1061,757.59758,280.63983
1062,720.83867,322.67325
1063,779.84938,259.34999
1064,392.37955,386.02564
1065,772.77270,309.76196
1066,487.73750,413.12984
1067,685.42264,302.83680
1068,454.52284,444.58235
1069,633.72927,360.23211
1070,481.43859,393.26521
1071,696.75008,310.37281
1072,643.25548,382.30312
1073,611.45122,377.93622
1074,629.08094,365.24859
1075,747.44203,-18.47476
1076,842.24096,169.69703
1077,711.65228,-28.53787
1078,504.97429,431.37591
1079,465.31121,422.23354
1080,534.99515,471.90453
1081,907.32007,235.53241
1082,807.34557,247.67948
1083,708.45102,461.87244
1084,556.24640,394.21245
1085,634.77392,467.43421
1086,667.00823,397.23109
1087,614.61115,-208.71626
1088,725.53135,303.70123
1089,600.38093,386.85886
1090,788.29158,63.95711
1091,899.25928,256.73631
1092,421.18526,564.82644
1093,760.03133,353.84594
1094,728.52502,-8.97377
1095,504.57494,493.85473
1096,494.01227,491.45665
1097,737.52777,320.52600
1098,519.09359,372.12641
1099,672.19390,321.10619
1100,587.02309,-170.13834
1101,806.89340,293.54579
1102,737.89799,472.50761
1103,983.91748,242.46873
1104,595.41877,-184.46986
1105,827.72934,249.84164
1106,590.50051,-218.36271
1107,792.77370,69.40554
1108,794.15292,78.82037
1109,1012.73285,305.66881
1110,717.55786,331.44505
1111,739.90601,10.29904
1112,641.07480,-160.69175
1113,560.61745,342.02874
1114,838.48415,253.45514
1115,399.14673,470.31378
1116,628.78381,-182.95632
1117,851.45120,267.74913
1118,556.93803,468.97436
1119,743.56744,328.66862
1120,1031.87006,343.77136
1121,729.22129,319.03079
1122,785.98014,329.76741
1123,730.74916,-18.97269
1124,683.97749,257.51234
1125,584.15509,-194.07630
1126,387.00011,412.52486
1127,379.87338,381.09680
1128,400.43375,453.58124
1129,897.40617,305.10758
1130,619.45647,643.24909
1131,463.19994,434.39335
1132,685.02142,339.84424
1133,514.39089,403.07909
1134,588.00726,390.69689
1135,701.11277,352.67895
1136,693.27762,339.54156
1137,577.13596,-199.71076
1138,600.27535,374.02265
1139,660.99510,334.68393
1140,460.15254,395.00560
1141,966.02181,249.28308
1142,669.13398,-107.89703
1143,706.72866,-33.43957
1144,992.25087,289.40940
1145,637.84851,309.70795
1146,597.41853,-208.70192
1147,743.85140,281.67085
1148,479.20669,419.37210
1149,404.43934,513.90478
1150,901.52757,222.28097
1151,676.99389,363.24857
1152,709.82099,369.12307
1153,631.43124,371.93249
1154,664.85176,339.47078
1155,383.94649,383.46457
1156,737.23474,311.37083
1157,590.41918,354.88436
1158,809.81907,97.94169
1159,722.86433,-24.98903
1160,642.11107,465.01316
1161,665.46731,-109.37430
1162,628.79161,381.66277
1163,543.45124,436.05219
1164,498.29902,377.68118
1165,589.71234,346.71354
1166,813.12911,107.45235
1167,909.61620,224.40941
1168,400.59383,419.17020
1169,662.36939,-130.38370
1170,672.91987,330.77478
1171,442.07133,405.15695
1172,571.26770,-239.09662
1173,533.34079,454.14431
1174,564.77937,-230.78060
1175,530.72831,-247.23194
1176,602.19234,-174.15610
1177,560.81280,-213.99918
1178,618.13336,-191.56926
1179,491.21316,409.59295
1180,733.71091,15.53046
1181,598.42036,368.83778
1182,678.04770,340.78881
1183,656.84783,290.29789
1184,869.60972,348.83077
1185,659.83366,295.80671
1186,374.89134,398.41402
1187,595.67765,-216.73054
1188,909.08067,263.17409
1189,479.87645,377.33232
1190,391.91670,440.35010
1191,673.10625,361.88635
1192,705.75147,353.06581
1193,641.45465,303.63718
1194,754.30614,264.73136
1195,569.40817,-222.14041
1196,561.86939,380.96022
1197,573.59981,431.44329
1198,494.54710,401.89119
1199,688.78306,354.72841
1200,1025.27138,266.92485
1201,634.50606,306.81113
1202,940.75790,205.75541
1203,385.83641,380.64630
1204,750.18867,1.68618
1205,599.91512,487.66134
1206,699.61550,377.78941
1207,652.30690,380.96484
1208,645.22931,387.64292
1209,661.47600,322.32897
1210,598.00978,311.33692
1211,1020.68928,293.39497
1212,946.19181,430.75392
1213,986.31837,454.35546
1214,1040.74786,458.86529
1215,762.39769,609.79234
1216,622.48899,686.31131
1217,620.90573,649.01502
1218,712.07838,641.19027
1219,888.01448,551.98246
1220,801.90827,207.95332
1221,926.57485,443.19103
1222,1065.12032,457.42235
1223,734.79834,604.28622
1224,577.40645,-235.23120
1225,773.14101,598.15430
1226,1001.49584,432.19243
1227,989.51386,428.56103
1228,831.33773,571.39898
1229,615.34558,647.35349
1230,471.31567,674.06716
1231,977.12922,308.67268
1232,817.26390,118.90955
1233,1117.81514,380.34935
1234,750.62849,595.31504
1235,1084.24280,362.68347
1236,660.48598,668.06650
1237,773.09488,558.92645
1238,807.30576,115.16759
1239,1060.55900,462.41348
1240,972.64496,430.14865
1241,759.85778,580.34437
1242,742.89192,469.67209
1243,823.40543,131.70295
1244,460.91171,633.47264
1245,1064.41627,360.68981
1246,1121.81222,361.74297
1247,869.59483,200.58932
1248,965.97252,462.56843
1249,982.46653,427.00171
1250,1072.50509,409.73836
1251,645.25357,615.30276
1252,1016.03841,469.04537
1253,1026.88996,406.90131
1254,766.71354,533.27899
1255,758.15874,22.97341
1256,677.45165,-73.04575
1257,1116.58122,331.50393
1258,819.61143,554.45331
1259,834.83376,549.53499
1260,1009.02021,448.03447
1261,542.29243,-244.73031
1262,1003.14801,348.83262
1263,837.03975,525.08681
1264,566.53951,687.79136
1265,808.09494,543.87805
1266,555.87097,723.32091
1267,543.35352,636.00358
1268,940.98546,394.08022
1269,935.42774,251.62784
1270,970.27991,295.31225
1271,996.54060,314.57540
1272,953.42325,288.22003
1273,705.51971,637.41144
1274,518.79468,689.94990
1275,794.01728,100.93036
1276,680.19405,594.44717
1277,582.93519,-169.49619
1278,1117.32096,363.36889
1279,688.69285,644.58840
1280,763.00907,24.71714
1281,1085.23297,131.46475
1282,419.18370,655.91099
1283,870.68910,419.00533
1284,993.40850,442.80075
1285,721.13510,457.68746
1286,779.24624,593.79322
1287,623.90072,649.23210
1288,948.89103,392.58026
1289,463.93398,713.37741
1290,694.50462,-38.43713
1291,810.03743,114.48013
1292,886.02728,207.82751
1293,1011.55306,469.10672
1294,1033.05727,406.43122
1295,717.95274,587.45978
1296,797.90946,578.82729
1297,1104.44581,416.11831
1298,836.44489,191.64668
1299,721.81140,641.93969
1300,634.43616,673.78006
1301,898.30492,528.06229
1302,960.60144,286.23739
1303,861.58463,195.82245
1304,593.99583,391.44329
1305,1099.68649,119.70605
1306,706.68438,520.57625
1307,994.85526,290.51211
1308,607.21016,705.60397
1309,602.87864,-151.55162
1310,629.85962,643.22466
1311,609.07199,689.40567
1312,789.29744,97.00519
1313,884.74715,471.76114
1314,855.94677,463.95167
1315,912.76470,349.77990
1316,1092.50614,343.42503
1317,625.58914,614.82134
1318,692.22680,435.07704
1319,1060.76324,339.95849
1320,593.58253,697.12073
1321,1057.00001,451.49053
1322,1093.62762,340.68423
1323,939.93694,432.05482
1324,894.74241,501.70373
1325,681.51163,-79.33095
1326,550.91366,695.32603
1327,748.93896,244.41299
1328,937.15338,424.02917
1329,1104.08436,356.97942
1330,563.85778,-217.56383
1331,666.35089,674.22586
1332,1028.25658,318.91008
1333,753.67109,547.19962
1334,599.74506,-177.93199
1335,488.34895,655.31071
1336,786.13921,70.61961
1337,760.17704,14.92184
1338,948.76259,295.39442
1339,826.78069,583.69825
1340,1118.26844,338.02594
1341,710.82612,575.10259
1342,643.65608,685.78185
1343,1027.31046,430.11993
1344,793.39833,537.31020
1345,486.74122,750.44736
1346,788.87607,117.80404
1347,929.64919,261.93202
1348,1070.84455,330.28468
1349,418.80509,603.67296
1350,674.88034,-75.80147
1351,619.60128,682.78908
1352,883.21521,530.36497
1353,1004.41731,368.52277
1354,868.56255,304.23371
1355,701.57142,294.02381
1356,958.16697,503.88550
1357,982.86517,397.27247
1358,924.05468,309.73136
1359,624.00055,665.31783
1360,1118.19816,347.69187
1361,566.42949,706.83828
1362,1076.07716,369.51606
1363,1016.89397,492.09782
1364,1093.99339,418.08609
1365,939.54799,480.56030
1366,401.60257,508.78715
1367,746.17356,622.93107
1368,560.34253,-239.85281
1369,1070.30078,142.75107
1370,594.98596,-158.08379
1371,552.85573,-217.26792
1372,1012.38372,410.14260
1373,729.11366,489.54787
1374,652.00103,457.37479
1375,747.58331,578.20798
1376,606.60200,674.86517
1377,481.64830,404.69043
1378,1056.92735,414.46298
1379,594.05532,651.23640
1380,589.46321,-189.81571
1381,796.23447,566.87451
1382,936.12969,235.09775
1383,731.47931,3.42395
1384,649.01393,691.17844
1385,1039.20003,389.68992
1386,973.98850,450.00407
1387,1073.62441,331.15105
1388,709.88293,621.33985
1389,725.41818,-6.16341
1390,661.10940,-120.29186
1391,1063.24065,434.69305
1392,841.03783,522.84567
1393,470.08165,619.76543
1394,920.31591,233.98873
1395,829.92777,575.44932
1396,1034.92121,475.20313
1397,810.56704,553.45494
1398,496.27732,737.04050
1399,719.57347,606.17440
1400,606.81540,703.52334
1401,649.43479,-103.94533
1402,763.62238,47.26759
1403,928.61930,476.76661
1404,1078.16939,416.85725
1405,712.21034,613.44704
1406,1083.32750,369.50769
1407,722.15712,-9.24462
1408,953.31725,433.74394
1409,581.79314,720.27909
1410,545.41095,732.64010
1411,669.08741,645.22592
1412,640.51925,680.90301
1413,587.98066,-199.61199
1414,987.45216,302.07170
1415,1014.34825,464.31063
1416,867.01258,556.81488
1417,742.99857,603.10136
1418,838.13451,478.74356
1419,1022.66804,419.56806
1420,419.50067,510.74918
1421,928.46492,463.14902
1422,668.57639,646.81185
1423,1009.56186,483.91234
1424,543.57074,-250.24395
1425,603.22736,543.03076
1426,549.34654,719.59993
1427,1037.95306,444.10205
1428,719.35525,-1.42913
1429,721.39688,-30.56893
1430,752.90815,517.27608
1431,812.10928,582.53221
1432,988.84921,484.54667
1433,918.31935,350.40886
1434,860.19611,405.22465
1435,612.36568,690.37651
1436,659.76017,630.80533
1437,541.91677,-238.22814
1438,788.98506,580.97736
1439,792.02514,104.11481
1440,832.86062,552.87072
1441,1105.30709,398.35090
1442,789.56839,77.20897
1443,820.51045,568.43520
1444,603.70753,707.33933
1445,805.14349,461.97451
1446,973.24844,313.87019
1447,568.03503,713.75396
1448,749.85548,623.44028
1449,647.12215,649.71872
1450,1003.47904,477.80651
1451,643.30319,638.26735
1452,948.60170,467.18250
1453,678.93226,638.94279
1454,566.35663,-203.26707
1455,804.79312,527.82250
1456,1018.95669,476.30039
1457,559.96541,708.59874
1458,784.44170,582.63499
1459,940.92701,467.49719
1460,853.52371,528.89295
1461,734.33745,480.18228
1462,402.12287,510.20565
1463,967.29074,279.20833
1464,723.49115,496.93706
1465,1041.37674,466.85723
1466,527.89235,724.90477
1467,1089.36114,404.13951
1468,931.00842,480.22763
1469,1101.76542,415.70626
1470,646.52740,662.79755
1471,680.86010,616.29251
1472,538.08658,732.39819
1473,769.44090,569.66773
1474,964.61106,288.47237
1475,413.66888,562.60188
1476,1103.34302,408.15770
1477,1092.10690,125.40061
1478,1076.77469,433.54289
1479,535.10764,735.56980
1480,630.81454,678.38420
1481,763.64724,508.23591
1482,834.29201,561.51326
1483,734.30399,561.30478
1484,944.67075,439.19675
1485,929.39063,515.04247
1486,1077.57010,398.54826
1487,541.98334,648.83453
1488,690.83953,-47.21269
1489,757.67976,10.49065
1490,807.24057,574.12731
1491,565.37243,676.30404
1492,637.58077,667.62699
1493,875.36884,548.29026
1494,677.07741,671.60927
1495,1113.51393,342.36848
1496,616.48898,-159.78241
1497,594.63177,-172.28477
1498,912.41888,435.47238
1499,797.68291,572.31719
1500,422.67646,653.95733
1501,578.10852,-198.88610
1502,757.82967,42.21128
1503,794.60586,572.07412
1504,638.76014,693.27813
1505,383.56119,435.48336
1506,1031.88668,404.78089
1507,840.13297,152.33925
1508,600.99235,692.23838
1509,659.14999,-100.61982
1510,782.28841,122.65327
1511,1024.31329,372.29693
1512,898.09425,375.62593
1513,552.23100,728.68029
1514,620.92834,-133.61406
1515,777.75168,393.47318
1516,1108.16596,337.68139
1517,618.23361,634.66152
1518,504.59709,706.36969
1519,576.04059,720.73388
1520,1075.51918,329.62502
1521,1048.53041,337.69204
1522,778.82785,442.24692
1523,913.87878,519.27518
1524,1002.02579,382.18794
1525,823.31197,548.55083
1526,935.41399,362.56695
1527,831.60655,228.30882
1528,1113.27269,347.23079
1529,450.32603,646.49538
1530,795.14482,513.26695
1531,965.65104,469.35328
1532,776.62101,453.06303
1533,793.00571,280.51743
1534,590.66702,-202.19659
1535,711.62751,526.71634
1536,647.21203,673.70022
1537,830.17318,544.99670
1538,539.86201,694.84469
1539,1011.20483,190.65553
1540,752.33554,455.87466
1541,1037.48008,479.42505
1542,508.34863,707.70495
1543,832.54248,403.74019
1544,964.84026,282.08031
1545,642.21570,668.05760
1546,663.51083,-82.52337
1547,700.79046,-24.84615
1548,690.63209,426.91098
1549,991.51234,495.78895
1550,1003.29913,201.77366
1551,1064.36711,148.73096
1552,891.21500,527.20992
1553,886.39143,383.65745
1554,872.66324,495.08214
1555,873.90315,544.80025
1556,619.40319,669.98908
1557,671.75801,663.44091
1558,1016.81747,444.89866
1559,955.21874,312.72819
1560,684.48521,-56.27434
1561,837.65245,557.21689
1562,631.94496,634.17281
1563,796.10055,584.16409
1564,572.73215,-206.29320
1565,1116.09330,381.61621
1566,1004.85363,426.10226
1567,1095.78108,409.85510
1568,1015.10384,420.22071
1569,509.71619,720.68122
1570,936.52634,343.21885
1571,489.62412,718.73173
1572,945.67820,451.96580
1573,548.48813,-230.39217
1574,689.97795,-44.83511
1575,581.67986,-194.81928
1576,992.30029,409.95131
1577,860.04726,528.86576
1578,1089.13632,432.72675
1579,1066.03373,400.99606
1580,1012.30244,438.84197
1581,509.32488,628.71019
1582,548.21474,472.64451
1583,927.15356,372.13100
1584,578.59773,720.18379
1585,536.28515,649.68053
1586,559.96011,-248.63280
1587,526.16823,717.05753
1588,886.06680,291.32145
1589,581.07192,710.37462
1590,627.90781,692.03663
1591,544.09224,-245.33678
1592,927.43850,409.82236
1593,721.48609,-34.75731
1594,918.03119,465.87367
1595,1062.13053,346.06672
1596,481.94343,739.51924
1597,701.52000,603.63824
1598,755.18226,0.99939
1599,976.22987,179.77502
1600,681.35337,639.47842
1601,874.36966,191.38482
1602,755.42167,460.24954
1603,464.59879,589.43602
1604,789.47048,600.40633
1605,881.03821,414.98699
1606,891.28934,409.79739
1607,929.16880,401.21675
1608,729.60034,592.15213
1609,1013.78700,194.48805
1610,969.64637,456.28296
1611,419.24133,633.43787
1612,993.27273,435.21226
1613,584.14377,-213.85938
1614,948.27360,456.92642
1615,1088.97407,406.22210
1616,471.22120,750.56560
1617,943.32319,385.78898
1618,642.61640,649.17690
1619,1041.15431,461.94676
1620,513.02777,735.11204
1621,580.30245,-207.06896
1622,669.85938,570.53977
1623,1023.02368,451.82868
1624,1005.50470,458.84789
1625,821.22217,512.68688
1626,451.02227,741.85726
1627,928.71775,444.41567
1628,522.20119,678.28039
1629,794.04975,114.08631
1630,669.86959,-71.43971
1631,913.54423,343.24881
1632,1042.04171,470.88576
1633,850.80056,165.58210
1634,940.15798,346.15288
1635,777.59883,43.69317
1636,988.19090,473.36466
1637,528.69558,674.17761
1638,982.50112,456.68732
1639,768.68832,50.08663
1640,635.58117,649.99010
1641,498.47269,728.88487
1642,620.20199,665.95039
1643,974.88645,442.86363
1644,769.03896,36.57040
1645,555.87555,-223.67423
1646,1009.86026,333.38690
1647,1015.91805,483.44880
1648,567.29176,-232.00761
1649,680.01722,-101.43528
1650,1106.02926,328.87151
1651,1018.32435,451.94819
1652,937.10136,443.57165
1653,578.75455,708.87275
1654,624.92494,528.41865
1655,778.64703,49.46622
1656,1005.68465,300.57504
1657,683.43222,-62.12690
1658,629.34444,694.01941
1659,1046.79292,161.64428
1660,957.65779,449.71483
1661,985.85884,218.21453
1662,680.36131,-56.87820
1663,707.41685,34.56085
1664,856.23005,431.83157
1665,862.10379,353.05672
1666,778.75233,473.92654
1667,568.87317,-208.49670
1668,682.89716,-58.80026
1669,1023.50004,405.60982
1670,628.67253,668.86169
1671,533.60174,-239.16679
1672,736.74089,-21.88605
1673,528.95172,-246.64879
1674,1003.05974,335.60875
1675,703.46360,477.14302
1676,685.13893,-64.34378
1677,546.24590,-229.47281
1678,700.99922,656.86907
1679,497.24423,714.19224
1680,1054.91657,337.61429
1681,766.30469,323.60136
1682,625.39334,655.71145
1683,535.57767,-243.37125
1684,950.22596,439.44658
1685,483.71087,750.07878
1686,666.63166,-91.12463
1687,1054.09946,407.19941
1688,583.90772,656.34347
1689,807.22156,122.06349
1690,942.98487,395.89451
1691,965.44500,341.26142
1692,937.07694,437.69528
1693,790.75699,537.38149
1694,783.96884,545.37211
1695,411.55436,517.73333
1696,1003.32024,401.15871
1697,756.95580,17.11866
1698,756.75440,28.24254
1699,1007.10403,481.90197
1700,1040.28762,447.30667
1701,945.38443,262.46869
1702,737.83724,-11.30568
1703,853.63186,159.77229
1704,820.27320,548.29301
1705,1038.64315,401.40233
1706,1029.34078,476.79841
1707,574.00426,699.93388
1708,731.94933,13.11833
1709,619.31061,664.76325
1710,709.99241,-20.30115
1711,655.39345,681.95471
1712,489.03395,735.18686
1713,969.32919,311.45705
1714,919.56533,419.29484
1715,656.83446,629.54481
1716,610.67845,657.50432
1717,610.14226,694.18417
1718,592.49332,671.78822
1719,612.13379,687.58684
1720,740.95380,355.32473
1721,960.35276,431.28816
1722,753.40061,571.56490
1723,831.39536,546.35589
1724,537.84561,707.57286
1725,904.53595,332.06678
1726,1008.49219,486.27711
1727,824.92974,424.92969
1728,768.18748,574.61955
1729,819.33512,410.66655
1730,796.55367,587.87630
1731,1113.15557,392.76740
1732,983.99827,378.80778
1733,969.48542,430.72080
1734,635.64948,673.89992
1735,892.54479,418.08366
1736,845.37401,550.12713
1737,508.89940,726.45364
1738,664.55081,666.16478
1739,976.94856,292.94450
1740,911.68573,478.51087
1741,575.29894,-225.26231
1742,917.17795,240.30433
1743,642.78180,641.62584
1744,881.50735,522.80845
1745,730.04998,548.22813
1746,534.69893,-250.42353
1747,1100.20914,120.85482
1748,519.54953,647.16825
1749,967.18333,454.63683
1750,1125.20025,386.36003
1751,1004.34129,433.88034
1752,869.09885,184.10449
1753,1031.35254,441.29669
1754,947.98495,281.74005
1755,733.73050,610.99584
1756,749.46198,631.27316
1757,913.81277,244.58119
1758,807.39248,254.41007
1759,753.33906,467.15221
1760,687.35056,632.06640
1761,1018.65503,469.92947
1762,899.66219,483.40359
1763,505.90564,648.37696
1764,898.17593,510.80841
1765,946.32315,369.54348
1766,939.73359,255.48689
1767,835.67275,575.72385
1768,1073.79869,371.71776
1769,825.44705,566.48331
1770,456.41059,655.25242
1771,820.64184,253.86103
1772,930.38142,300.67589
1773,637.33192,665.02946
1774,670.66721,668.51175
1775,906.19981,461.77075
1776,913.38655,462.98475
1777,580.73390,649.64057
1778,732.80188,87.29530
1779,510.35944,473.34152
1780,814.70111,544.38964
1781,851.79322,396.73672
1782,579.97141,694.56515
1783,621.06757,631.86214
1784,1080.09930,437.46148
1785,509.76253,699.98441
1786,813.54406,577.36889
1787,505.38308,652.02708
1788,566.96321,716.50504
1789,485.03350,718.25350
1790,999.12405,306.26781
1791,1032.15368,428.48871
1792,837.50513,500.89484
1793,976.92540,300.07026
1794,925.53197,424.95781
1795,761.64012,586.07057
1796,965.15709,307.40318
1797,782.60252,549.57231
1798,966.20530,325.13692
1799,943.34325,265.15498
1800,1031.02969,433.67791
1801,434.61520,606.10401
1802,429.78293,542.77038
1803,869.50759,516.01785
1804,759.48322,537.39578
1805,774.65111,613.24005
1806,832.43288,556.56652
1807,504.88842,629.70878
1808,825.49845,536.47773
1809,776.46911,56.79318
1810,1025.03942,315.54657
1811,933.61146,404.52794
1812,535.66217,-254.78621
1813,758.84643,455.80171
1814,985.74190,472.21312
1815,986.06178,447.16347
1816,1082.43786,435.39238
1817,424.50744,595.72204
1818,1092.94564,416.05033
1819,776.14495,607.99880
1820,516.28359,700.64120
1821,640.85403,642.57511
1822,738.58378,627.77253
1823,857.82924,535.24852
1824,801.23386,567.09594
1825,728.79604,597.36602
1826,934.63646,282.34680
1827,1085.28176,349.96509
1828,593.26444,681.96788
1829,810.39282,476.16306
1830,891.73959,468.72349
1831,566.90039,725.10801
1832,766.11301,484.11626
1833,935.15490,398.10494
1834,890.28859,465.33416
1835,1041.85408,405.73061
1836,828.08559,545.85491
1837,463.92013,697.74665
1838,893.56526,505.76043
1839,494.72717,642.97666
1840,1027.24326,345.92755
1841,1046.50738,294.97877
1842,1112.05299,408.10900
1843,533.43182,-251.97415
1844,841.37912,452.78325
1845,771.87186,47.66650
1846,467.17979,680.06854
1847,740.12883,606.23941
1848,898.86698,505.44422
1849,438.56468,653.75945
1850,734.97085,596.55971
1851,451.74145,735.28175
1852,815.74474,556.72771
1853,834.97908,505.41387
1854,978.02694,324.16488
1855,663.25498,675.24031
1856,691.81334,621.71848
1857,1003.94974,407.47453
1858,888.91217,308.62127
1859,1068.73448,358.90298
1860,561.70943,-221.40074
1861,691.33396,614.71529
1862,787.72106,588.99417
1863,582.46007,-236.91282
1864,1062.00841,456.90866
1865,715.75546,600.08427
1866,726.06188,478.76105
1867,1044.66046,455.16232
1868,633.54393,661.57726
1869,469.92017,723.10935
1870,980.52354,282.38324
1871,809.57772,521.98799
1872,723.50694,627.00920
1873,932.92886,401.07287
1874,1020.87501,316.59642
1875,468.44990,731.75638
1876,976.30846,371.23235
1877,998.06134,430.39613
1878,1022.59793,357.97176
1879,428.98124,518.43767
1880,808.83149,538.33039
1881,897.37972,252.04079
1882,616.00956,649.33578
1883,478.24403,702.87304
1884,525.94500,737.48156
1885,898.17062,395.27437
1886,525.81230,728.96202
1887,762.44332,590.67463
1888,968.36105,301.36326
1889,1101.45466,305.47260
1890,1097.23879,399.75074
1891,810.90972,527.85339
1892,747.90021,417.20376
1893,653.26151,660.21595
1894,859.92656,542.75241
1895,425.66756,663.80721
1896,709.22912,617.67340
1897,950.21084,248.97285
1898,624.76245,649.97797
1899,711.03176,170.95734
1900,580.50073,-219.27218
1901,1083.15799,294.73975
1902,1012.70590,482.82261
1903,993.28443,439.14377
1904,466.29130,733.51139
1905,848.40587,441.53834
1906,534.32272,729.67116
1907,759.22522,446.10324
1908,817.12018,486.67623
1909,716.53185,-4.44708
1910,683.78793,662.42693
1911,1021.38641,331.49433
1912,549.38999,725.86421
1913,776.52364,576.19184
1914,680.46011,591.13930
1915,418.55407,623.94462
1916,441.09610,663.01378
1917,819.82389,126.86506
1918,505.59643,733.00242
1919,757.63089,591.50793
1920,732.28798,619.51389
1921,713.62375,597.72665
1922,801.88055,531.49401
1923,608.90959,663.76727
1924,967.46887,330.88003
1925,741.61927,62.88524
1926,1074.61538,418.55772
1927,612.74606,-140.22085
1928,447.89405,728.01350
1929,416.21131,564.90444
1930,529.03755,734.26611
1931,925.99435,476.52129
1932,1054.28277,434.05492
1933,738.55237,592.44673
1934,940.28516,450.47027
1935,1090.49492,408.19244
1936,937.30646,348.95452
1937,878.12219,284.88882
1938,902.64930,401.37782
1939,907.90970,230.96404
1940,600.48219,-219.64281
1941,932.76392,391.56493
1942,515.48681,678.94402
1943,957.96786,474.60320
1944,908.97522,526.94746
1945,934.99331,516.58823
1946,1002.27324,379.16447
1947,884.17809,509.15767
1948,1053.15865,326.05712
1949,947.31741,326.69992
1950,940.90004,322.50734
1951,505.93071,718.55751
1952,617.28553,681.11727
1953,1111.12102,399.73423
1954,826.22079,575.90471
1955,424.26405,658.50076
1956,1007.46281,337.12804
1957,1095.14995,122.25065
1958,625.56146,689.13170
1959,841.42380,506.51129
1960,957.85014,445.67236
1961,1016.72427,449.61759
1962,907.30123,293.90496
1963,714.69915,626.53597
1964,1097.16951,402.28051
1965,795.35698,595.46014
1966,934.14356,315.77702
1967,1087.30780,351.72327
1968,924.30614,445.49314
1969,871.38397,529.83020
1970,1093.84332,127.30086
1971,870.48942,539.53846
1972,628.30254,656.52859
1973,742.34695,66.77891
1974,911.38837,468.12521
1975,1062.94671,388.58672
1976,681.42945,-62.54538
1977,737.67946,582.06848
1978,653.13545,599.96265
1979,930.17309,440.78184
1980,624.28020,681.33278
1981,982.66002,314.99618
1982,944.03799,417.94363
1983,750.08015,476.39222
1984,520.50683,743.62718
1985,1041.06556,419.67719
1986,611.57531,699.73701
1987,415.96324,519.71253
1988,781.65973,137.81216
1989,925.50925,369.23229
1990,1114.33619,395.43036
1991,707.22651,596.55635
1992,929.66597,406.04534
1993,499.18961,681.22372
1994,793.35274,555.11346
1995,913.32320,501.59610
1996,1121.98881,384.50328
1997,922.47349,462.27260
1998,1027.02222,425.95796
1999,731.92515,600.88896
2000,517.62294,737.44412
2001,459.13079,755.06750
2002,791.40129,565.61804
2003,996.63577,308.41504
2004,839.51499,294.24180
2005,1009.54292,330.05884
2006,600.91045,-170.72238
2007,880.40958,461.95462
2008,1009.87567,263.22129
2009,615.57067,690.10982
2010,920.09145,486.97486
2011,1004.79548,201.34213
2012,758.08443,521.56553
2013,693.16718,553.67223
2014,562.94507,719.75416
2015,1034.39992,432.90168
2016,1069.31021,430.17185
2017,1042.06352,474.99069
2018,1060.37164,418.57857
2019,533.77726,687.75251
2020,530.68126,729.81953
2021,1033.37056,468.50520
2022,1048.20739,436.20799
2023,1024.69811,472.64015
2024,625.35903,481.56534
2025,430.54950,688.15623
2026,1061.00949,152.62565
2027,1011.56197,400.84670
2028,678.05495,652.62051
2029,979.84112,294.08044
2030,948.01596,433.99844
2031,1042.95596,319.34308
2032,1078.93863,445.32774
2033,1000.11028,315.17430
2034,1033.38357,301.24844
2035,863.26406,379.22789
2036,490.23398,701.41133
2037,606.19931,691.06612
2038,589.99933,669.39089
2039,541.67004,727.00304
2040,936.96170,453.07177
2041,1056.82797,406.95993
2042,940.94076,454.91676
2043,571.73580,-195.06462
2044,1013.64565,473.52621
2045,868.01505,456.17843
2046,413.53092,520.01287
2047,728.55330,621.79027
2048,534.89159,697.23777
2049,676.49912,639.84472
2050,820.03668,524.71941
2051,716.58269,618.75886
2052,624.12168,680.23198
2053,977.23916,223.44267
2054,911.87972,506.24230
2055,1010.47296,429.61731
2056,962.76672,503.29268
2057,977.09891,432.72684
2058,517.59861,702.12789
2059,748.43653,597.29606
2060,736.47502,568.65356
2061,553.84304,714.37037
2062,585.44151,-174.76711
2063,800.81032,368.01199
2064,898.86167,404.29693
2065,416.13563,557.79813
2066,919.29913,285.09343
2067,926.16721,384.68345
2068,1102.57613,371.93993
2069,731.65302,637.75083
2070,455.57101,703.17802
2071,483.63135,733.07053
2072,747.48798,617.08593
2073,694.21344,-48.19960
2074,1065.67647,412.37512
2075,882.46259,535.18607
2076,786.33180,536.13510
2077,726.59295,-45.49630
2078,968.72539,364.46374
2079,731.58185,629.69752
2080,1061.94760,381.68444
2081,929.63367,314.11285
2082,598.26892,639.06873
2083,896.74939,326.88347
2084,1008.94888,370.68810
2085,1097.91033,121.91397
2086,941.81503,475.32301
2087,692.11911,626.42475
2088,570.73319,-234.21641
2089,455.24299,723.91746
2090,635.03888,640.80926
2091,1121.31282,387.20703
2092,714.30528,619.43715
2093,971.02899,253.12279
2094,875.44178,483.07900
2095,998.68571,286.87905
2096,1019.34736,343.67022
2097,1045.97221,469.06135
2098,582.06094,723.02206
2099,908.26588,436.31648
2100,857.02073,366.38629
2101,783.11779,564.11056
2102,471.76352,705.55775
2103,1049.20164,418.83715
2104,514.24612,726.43181
2105,1116.91683,369.00491
2106,1058.18381,446.40129
2107,883.82104,490.63032
2108,959.80359,508.71023
2109,547.25464,-238.24844
2110,780.96364,587.08174
2111,1065.61008,354.93062
2112,872.12738,478.77022
2113,858.70110,194.71334
2114,1027.01647,413.44063
2115,896.37945,347.65564
2116,1023.63035,291.04897
2117,726.93230,603.75830
2118,898.31248,238.16138
2119,1036.23234,406.11763
2120,436.17527,574.34554
2121,459.74194,734.58383
2122,541.76576,702.64735
2123,728.98368,617.56803
2124,506.69377,745.69454
2125,850.56072,527.76196
2126,1012.34978,479.18106
2127,550.62348,626.22709
2128,528.56197,668.22141
2129,1069.54351,411.09351
2130,906.93116,489.86961
2131,727.30912,617.48108
2132,904.81223,441.26353
2133,946.85950,507.64276
2134,707.75860,-25.03730
2135,460.55734,653.07739
2136,1118.58696,358.55733
2137,1017.86806,390.79170
2138,914.63462,266.31571
2139,880.72042,384.18465
2140,657.18368,605.26839
2141,826.52162,439.93395
2142,517.87108,739.55649
2143,489.96112,745.43910
2144,856.73600,520.43646
2145,550.38399,-228.05675
2146,821.76802,572.97790
2147,1069.03651,350.75451
2148,1078.02881,288.65278
2149,744.80064,477.77568
2150,1020.15440,436.31674
2151,612.74283,708.13210
2152,801.31823,563.56597
2153,774.41859,564.74282
2154,1029.90865,306.24627
2155,924.32964,471.34754
2156,683.29716,604.36359
2157,822.91553,550.85254
2158,1121.15821,358.30829
2159,970.06584,491.69273
2160,1114.03486,355.17853
2161,1002.72293,426.21334
2162,950.76931,284.25664
2163,1052.08189,342.03837
2164,816.98219,572.06674
2165,435.10385,699.94100
2166,754.98730,611.60351
2167,1120.30464,393.35460
2168,851.22102,535.32332
2169,718.50319,610.74654
2170,599.39410,698.92353
2171,568.20233,722.91141
2172,669.71370,-84.28255
2173,639.34689,676.62181
2174,933.67046,478.43226
2175,724.31464,596.29728
2176,809.96440,576.59604
2177,880.66947,277.37757
2178,1086.95298,415.77919
2179,914.10866,466.86858
2180,1023.23608,368.16898
2181,577.36619,-183.09368
2182,559.05738,728.32780
2183,948.49483,272.46687
2184,446.60857,684.67015
2185,653.10648,635.23542
2186,421.76491,670.10697
2187,821.69779,245.80753
2188,628.59842,697.89457
2189,962.55519,281.38594
2190,825.55302,429.71846
2191,876.92742,516.85882
2192,1029.54862,323.65981
2193,1006.95219,463.52576
2194,415.19665,537.96086
2195,481.59288,727.12819
2196,1027.54501,438.57434
2197,903.94453,528.59652
2198,925.26524,482.21268
2199,933.12061,471.33325
2200,485.86826,752.35646
2201,837.01897,463.74099
2202,992.44921,259.74477
2203,815.23739,551.07405
2204,713.90404,-10.30264
2205,1051.87093,425.99874
2206,902.88804,510.86634
2207,921.75065,299.69343
2208,839.24213,543.54153
2209,944.54944,258.72054
2210,569.72183,-190.80212
2211,591.94949,676.04879
2212,707.31414,629.21469
2213,1057.13094,388.16937
2214,1089.83156,302.62186
2215,1029.72148,427.75533
2216,846.56692,448.91571
2217,544.57059,730.83500
2218,773.95139,556.21000
2219,484.89955,729.75470
2220,1005.79135,466.98487
2221,529.47887,662.31513
2222,846.13330,318.69466
2223,514.95879,706.85163
2224,603.02956,699.78591
2225,1065.96873,425.79203
2226,931.01942,449.67539
2227,566.22258,711.96654
2228,914.26033,474.61013
2229,953.59796,249.84528
2230,722.92991,607.40558
2231,830.02970,563.30102
2232,564.08995,-232.22704
2233,723.17112,-0.47297
2234,997.16264,342.15133
2235,403.71948,510.04400
2236,943.21241,282.29622
2237,653.85647,641.00458
2238,449.52370,712.11878
2239,888.83500,438.01299
2240,547.86039,710.99294
2241,718.98482,-37.77317
2242,826.80343,532.62325
2243,903.65002,470.17730
2244,920.33110,277.06980
2245,1103.04070,418.76732
2246,423.26918,521.16281
2247,438.76471,685.26144
2248,814.76317,533.86929
2249,787.38494,583.62585
2250,564.34485,722.15316
2251,912.36296,523.52196
2252,951.73071,481.56280
2253,981.72891,276.20375
2254,453.29299,695.78794
2255,1101.93879,119.65762
2256,904.43299,396.68754
2257,989.89147,262.43907
2258,418.02411,461.20780
2259,820.77318,563.66635
2260,438.55567,699.78852
2261,601.22366,700.87649
2262,1091.08094,415.14965
2263,536.11609,692.41284
2264,702.20501,-29.61126
2265,1088.05549,401.20417
2266,1053.87953,431.27026
2267,543.19616,720.64656
2268,780.19139,583.58813
2269,1111.96156,315.30856
2270,460.21441,717.72783
2271,1049.68713,425.48890
2272,955.97743,317.82649
2273,1006.60603,440.75299
2274,596.59284,655.15711
2275,525.88098,595.80984
2276,604.12246,709.07864
2277,842.35861,463.85199
2278,520.45060,693.50208
2279,495.27652,744.44634
2280,576.38349,-227.73409
2281,628.87466,674.59316
2282,1001.21110,206.85158
2283,1102.29569,382.17794
2284,1030.54711,270.49329
2285,934.43668,401.80176
2286,955.35177,339.74290
2287,941.27500,296.47011
2288,573.77088,-213.74577
2289,861.60969,398.08427
2290,431.08217,582.87276
2291,891.71798,463.50298
2292,605.92693,697.85802
2293,719.00661,628.91105
2294,744.12175,514.14907
2295,1059.00920,153.44813
2296,1046.59309,383.59055
2297,972.32332,454.00971
2298,903.82636,444.27411
2299,540.09544,-249.74508
2300,978.47032,490.68638
2301,526.11709,714.92588
2302,573.22990,-181.51986
2303,1045.99640,448.00429
2304,840.16272,406.46301
2305,459.29484,674.25465
2306,985.20384,466.29997
2307,528.49188,714.27390
2308,760.12522,447.49896
2309,642.33009,593.05963
2310,943.53360,456.06669
2311,868.96151,400.31243
2312,747.25324,515.53704
2313,1026.46613,417.19971
2314,766.92916,588.69159
2315,508.81860,704.48348
2316,1086.75081,306.28761
2317,536.37918,721.19579
2318,824.34194,573.41197
2319,727.71692,534.49045
2320,1083.09896,329.84749
2321,1123.14818,344.15916
2322,950.40148,335.64495
2323,929.36332,457.73592
2324,479.44122,720.59219
2325,918.34657,515.85337
2326,979.18397,426.45412
2327,955.33345,416.11743
2328,584.47974,-196.88777
2329,946.30135,390.48960
2330,831.19876,527.44923
2331,1034.69848,435.27691
2332,837.89511,564.39672
2333,648.08559,655.18463
2334,731.90353,605.87601
2335,758.24853,589.74773
2336,568.30915,-197.36448
2337,774.73357,528.33399
2338,635.19765,675.99153
2339,576.46326,701.03234
2340,727.22873,494.49628
2341,548.55990,726.86622
2342,777.49112,427.84895
2343,1065.66796,334.73386
2344,552.94348,-243.32623
2345,570.48655,-223.93455
2346,563.62027,662.09758
2347,546.47112,723.72619
2348,480.23025,724.21917
2349,485.39200,745.09539
2350,759.59682,604.14441
2351,814.81328,580.72906
2352,668.29084,655.40959
2353,1049.00240,413.31813
2354,535.66852,710.30182
2355,938.34570,461.55600
2356,914.09420,392.42695
2357,503.75465,724.28748
2358,539.90288,729.47161
2359,551.58007,682.61412
2360,888.14392,484.94168
2361,508.86352,713.21348
2362,649.63680,675.00632
2363,991.51704,335.99181
2364,1071.34589,349.73767
2365,999.36788,392.02110
2366,701.33562,642.11307
2367,944.07697,349.17921
2368,1089.60666,348.19991
2369,1037.05769,428.69518
2370,1048.01660,452.20388
2371,814.94694,482.59319
2372,846.16845,529.05780
2373,547.15791,702.54815
2374,942.72362,418.72389
2375,599.78450,702.87182
2376,764.74407,612.34346
2377,1002.67540,292.48256
2378,1015.94838,330.33366
2379,752.27951,572.19358
2380,1024.05979,303.52321
2381,662.69674,645.25071
2382,993.06181,248.25128
2383,438.28524,643.94619
2384,450.53423,749.64755
2385,780.62456,576.06803
2386,1098.20547,413.60265
2387,1094.05670,364.92599
2388,535.61323,723.25961
2389,557.63738,705.37908
2390,623.53989,670.06933
2391,870.64697,442.61806
2392,1113.38747,401.14233
2393,928.89969,486.50797
2394,941.37460,429.91249
2395,776.22709,418.46916
2396,720.24557,-9.88808
2397,1035.07019,398.75255
2398,1051.39208,390.65884
2399,808.50137,88.45724
2400,555.77741,-230.45169
2401,511.02641,713.85947
2402,678.73700,632.25729
2403,1026.66411,445.15338
2404,1005.57607,452.34667
2405,890.51444,497.39672
2406,845.34556,520.39873
2407,698.08300,588.59012
2408,707.05794,611.20356
2409,681.41893,627.91478
2410,917.50115,376.83348
2411,705.85795,619.26192
2412,784.75856,552.70098
2413,1078.45941,410.65126
2414,842.78796,516.98906
2415,944.20899,482.66808
2416,997.72665,487.22445
2417,1008.51978,293.76745
2418,545.53511,728.04853
2419,1017.58785,277.92195
2420,696.86991,651.11948
2421,870.67975,462.63476
2422,922.42291,503.30243
2423,1038.11368,417.23343
2424,795.44722,540.03572
2425,770.22041,381.86349
2426,879.49222,446.23094
2427,1028.08035,267.62542
2428,732.66802,575.28576
2429,571.31920,711.27073
2430,1011.58693,489.55743
2431,646.88443,657.66114
2432,672.80110,656.78794
2433,906.47624,421.59465
2434,643.78331,651.26647
2435,538.99487,737.21109
2436,1096.83011,325.17247
2437,1105.40692,351.94195
2438,761.21150,590.93107
2439,1051.93067,356.13460
2440,1101.21635,311.72117
2441,1003.70476,425.04759
2442,674.77747,644.44834
2443,583.59748,-182.27570
2444,723.40583,570.74793
2445,808.78416,464.31453
2446,551.96450,645.90653
2447,943.36214,488.36830
2448,537.32139,-246.96953
2449,412.63076,597.17873
2450,536.02575,698.99611
2451,863.87112,519.40889
2452,748.73048,564.84030
2453,1060.70993,423.89556
2454,565.65566,-194.63317
2455,631.86105,681.42694
2456,422.51149,657.11916
2457,707.77588,543.01945
2458,1077.27633,343.38608
2459,941.48691,359.90429
2460,742.94750,485.17692
2461,891.91765,488.36829
2462,633.32559,687.10710
2463,743.44393,592.75159
2464,504.95044,708.72572
2465,816.37229,559.23454
2466,799.64458,576.16105
2467,894.68501,513.13456
2468,849.80877,555.99709
2469,794.80496,528.38873
2470,1086.97336,332.77193
2471,1075.29365,310.52183
2472,545.85271,-242.72398
2473,957.42590,297.84911
2474,752.42277,581.52874
2475,952.25095,471.37183
2476,899.21122,514.03344
2477,728.15896,516.67059
2478,823.91704,540.29744
2479,1075.71470,334.31780
2480,758.49401,592.65460
2481,1043.90209,421.92017
2482,622.20020,677.44488
2483,479.29318,711.14422
2484,563.99006,707.47615
2485,490.92799,751.34427
2486,1048.42950,429.52233
2487,942.41341,371.87385
2488,766.59246,598.01498
2489,701.64775,508.91892
2490,739.02527,474.95039
2491,803.07641,550.60060
2492,681.37878,646.55186
2493,512.89607,701.07030
2494,1078.33785,362.60451
2495,542.69909,717.09900
2496,556.02120,661.28864
2497,819.98783,244.31734
2498,1006.96453,479.27788
2499,735.76743,616.97102
2500,516.83274,707.41188
2501,809.02325,564.56257
2502,575.81745,713.78532
2503,869.56583,499.15298
2504,1028.74677,176.60814
2505,842.91779,536.99093
2506,562.70638,-201.43348
2507,810.70414,556.79781
2508,860.44345,432.37975
2509,1076.48673,410.36067
2510,444.93990,733.27737
2511,726.88829,-43.66121
2512,746.18311,620.01554
2513,759.01086,516.96095
2514,530.37452,692.63926
2515,1050.58767,329.90612
2516,821.43653,509.82017
2517,864.52409,469.33707
2518,1055.13470,448.86204
2519,1000.99648,359.01794
2520,1034.47474,445.34414
2521,862.42963,447.97041
2522,1051.54424,296.34850
2523,987.17862,276.35834
2524,753.00413,453.36562
2525,594.02925,686.21690
2526,847.78761,524.91351
2527,775.08872,600.65880
2528,456.49426,752.67935
2529,602.32913,707.35145
2530,1015.31464,413.92514
2531,1041.96164,437.01654
2532,760.18694,573.50835
2533,511.01775,723.06133
2534,667.37135,665.69696
2535,431.25080,643.66667
2536,472.61975,751.67550
2537,755.68238,618.75956
2538,805.67977,400.89086
2539,551.91147,-221.44670
2540,1029.68634,340.04375
2541,922.07302,437.14914
2542,767.48406,475.57294
2543,522.36663,737.27060
2544,490.44899,677.16530
2545,759.18143,607.70087
2546,819.03209,579.10138
2547,450.95726,737.67412
2548,856.31701,456.77927
2549,801.65772,590.13741
2550,479.75051,753.04091
2551,531.99827,724.16264
2552,658.03867,646.12020
2553,545.91862,701.08615
2554,775.43947,507.77302
2555,910.20499,385.97632
2556,941.89800,376.37862
2557,695.83894,605.05764
2558,736.33198,480.16581
2559,987.94480,362.09597
2560,669.31405,677.17528
2561,453.35543,639.69179
2562,790.37698,135.87097
2563,740.35010,448.99687
2564,952.31683,495.80763
2565,744.22736,598.67549
2566,558.36150,732.15809
2567,1069.01653,432.92100
2568,1020.32967,302.89597
2569,453.93176,727.59745
2570,1093.38057,424.00661
2571,1046.94690,353.08722
2572,952.51104,462.01343
2573,526.99921,740.42654
2574,936.03449,495.73137
2575,458.56227,738.74034
2576,675.92861,624.50355
2577,575.31962,716.61239
2578,1051.15770,442.05616
2579,1106.58620,322.48470
2580,617.78507,696.04454
2581,450.22552,695.07696
2582,595.38904,699.98758
2583,518.05739,695.86998
2584,560.58745,690.77118
2585,633.40467,698.54263
2586,821.29082,559.56659
2587,772.74075,576.62369
2588,999.82604,448.70430
2589,771.32590,592.73666
2590,534.05191,565.22931
2591,1086.74940,419.50377
2592,1077.36337,326.56727
2593,590.96316,-176.80664
2594,916.07703,463.13540
2595,566.79111,-244.74162
2596,780.04993,563.83631
2597,549.73845,690.36206
2598,794.25256,550.51692
2599,967.80411,499.68330
2600,907.30685,366.15064
2601,1066.07192,337.75815
2602,938.44768,469.47361
2603,793.00397,64.82547
2604,500.07302,702.33107
2605,977.96507,453.72868
2606,547.51833,731.10851
2607,936.41682,271.42699
2608,474.61752,726.15548
2609,654.73376,655.09551
2610,1114.94833,402.66399
2611,423.61104,623.60335
2612,832.68222,522.03387
2613,986.83219,356.51675
2614,695.48440,655.83337
2615,746.12348,581.50716
2616,686.87460,642.24065
2617,538.96507,697.33215
2618,465.28826,755.68081
2619,463.10045,738.17627
2620,918.29880,524.14388
2621,1096.03038,381.02276
2622,575.16773,-218.11084
2623,1082.70532,408.22192
2624,934.68408,435.22950
2625,636.12438,689.97142
2626,830.55553,561.62027
2627,520.81398,676.38527
2628,614.48963,653.78725
2629,911.94175,368.83197
2630,660.90890,674.75079
2631,551.43532,-224.34794
2632,1040.48880,169.23114
2633,826.99619,529.43424
2634,927.91338,499.40033
2635,1081.03983,386.01967
2636,987.55869,461.58251
2637,409.69610,486.39054
2638,636.51134,683.35430
2639,448.56964,721.26415
2640,950.76145,478.78515
2641,1075.66253,401.66397
2642,632.38720,690.06334
2643,917.25443,515.41121
2644,778.00979,548.30614
2645,575.37348,676.18242
2646,945.50731,461.06983
2647,1125.28686,379.80494
2648,1004.58448,323.73207
2649,542.47531,-234.52827
2650,978.37182,349.25119
2651,616.50682,694.58622
2652,845.36971,562.06922
2653,572.69072,687.45068
2654,772.02893,579.42741
2655,460.69578,714.81362
2656,862.13841,140.61971
2657,953.56475,469.84208
2658,446.76243,739.40208
2659,565.11074,726.40356
2660,1082.94212,359.35748
2661,799.42540,533.58032
2662,947.88026,305.13244
2663,1039.20785,380.24064
2664,559.27748,661.72168
2665,745.03651,604.09064
2666,1061.00282,325.46810
2667,789.06692,501.72578
2668,809.53340,533.31854
2669,813.44276,102.92953
2670,1098.07215,386.62909
2671,896.48810,529.17382
2672,452.09535,682.91108
2673,567.11533,438.84705
2674,575.62355,-208.57138
2675,913.60420,452.52824
2676,710.52221,585.24293
2677,400.49463,509.88548
2678,464.74829,753.06687
2679,476.46826,714.53141
2680,706.09790,-64.92391
2681,626.69103,631.75983
2682,1087.24082,298.83834
2683,1113.36474,340.03730
2684,482.74577,691.87065
2685,710.93098,587.94092
2686,686.45530,655.20780
2687,866.77937,543.08448
2688,734.86015,-7.07148
2689,726.15621,580.90116
2690,495.02685,695.75762
2691,808.58074,580.21310
2692,592.17232,689.76923
2693,1094.97201,124.90222
2694,1089.51428,396.81689
2695,878.57448,375.11726
2696,1033.81000,426.31784
2697,1060.97940,436.64031
2698,894.79668,443.78589
2699,669.02288,624.92081
2700,919.41256,422.07306
2701,696.07841,639.02780
2702,668.56984,632.95509
2703,874.52530,549.91003
2704,1099.05897,123.61894
2705,837.26352,529.03942
2706,862.57709,295.71742
2707,948.67227,330.21077
2708,1120.21303,377.44588
2709,754.01379,543.82051
2710,1015.74492,479.93589
2711,821.85882,555.11460
2712,854.51362,477.39973
2713,725.45715,623.70912
2714,797.02283,574.38125
2715,1060.27025,348.35040
2716,869.55601,497.55773
2717,970.14974,268.52376
2718,693.38754,659.88802
2719,602.58089,683.90607
2720,775.33182,590.42271
2721,587.10285,704.42203
2722,612.27235,651.53867
2723,974.52990,353.65360
2724,551.17354,713.58993
2725,783.99356,589.35273
2726,514.39771,716.83616
2727,973.31992,489.36772
2728,1045.71837,283.40504
2729,500.77452,663.98784
2730,1122.52922,366.77445
2731,961.55343,380.98726
2732,762.91180,303.32355
2733,638.54186,687.45553
2734,1104.36932,410.95991
2735,1120.58995,384.53975
2736,447.09771,735.32974
2737,1126.58029,368.81628
2738,415.07242,591.28875
2739,579.17625,-212.94931
2740,985.13825,488.77739
2741,844.90856,163.21828
2742,993.91932,488.58974
2743,1118.74769,397.13607
2744,970.96993,473.84707
2745,975.09751,400.59799
2746,944.07506,296.47842
2747,1018.11539,191.96443
2748,717.64896,503.82694
2749,460.27449,641.37129
2750,522.28708,713.95312
2751,496.90739,618.86312
2752,1018.82830,325.50698
2753,1104.13584,374.07756
2754,929.58951,318.55738
2755,582.43436,-199.11191
2756,729.61049,625.03463
2757,597.85716,709.21725
2758,924.77141,436.52423
2759,807.17439,539.60102
2760,652.20000,664.68372
2761,1014.60938,267.63303
2762,1074.30538,391.04533
2763,1116.37911,399.68231
2764,1045.03544,431.29044
2765,538.95188,-250.77127
2766,590.91712,-181.45584
2767,956.93589,495.60603
2768,661.78950,632.33264
2769,466.62773,720.97630
2770,483.47615,707.50720
2771,1096.57202,120.29967
2772,511.37885,695.94646
2773,661.50613,588.62009
2774,1126.48605,382.32487
2775,1029.61744,275.44240
2776,480.96155,718.81393
2777,656.35069,663.74250
2778,896.11926,454.53700
2779,556.27341,714.47697
2780,765.91818,609.60419
2781,729.65297,609.82854
2782,1088.83372,130.45054
2783,733.76830,-36.62445
2784,655.61466,656.15006
2785,768.16749,34.09532
2786,938.10504,446.25119
2787,462.28806,691.92932
2788,845.85731,539.92061
2789,601.09275,696.60539
2790,753.80407,551.56432
2791,811.84226,575.58878
2792,1069.70037,417.66021
2793,980.14891,413.30432
2794,610.26721,699.56550
2795,1014.22816,292.92264
2796,917.35712,413.03042
2797,1039.09337,419.89105
2798,980.27609,333.53661
2799,933.57158,462.18934
2800,519.83110,680.89566
2801,798.52301,552.77083
2802,1120.18434,401.61867
2803,651.16744,686.23869
2804,651.99170,615.14652
2805,755.56538,600.73660
2806,622.44187,693.52270
2807,435.74323,681.67311
2808,492.76304,714.69980
2809,560.86677,700.50788
2810,526.66065,707.22170
2811,934.88098,379.79708
2812,736.82882,606.92638
2813,983.36122,400.68683
2814,909.67483,493.44896
2815,634.28741,681.62268
2816,748.11107,606.77829
2817,697.84410,-39.44005
2818,595.89379,673.80411
2819,841.25807,533.02276
2820,584.82868,692.20729
2821,974.18697,366.79340
2822,427.91192,658.56008
2823,904.66908,277.93924
2824,522.53735,709.30471
2825,447.72396,741.38691
2826,733.84491,599.66990
2827,1052.19744,157.97902
2828,1010.69860,266.41919
2829,999.07646,243.86370
2830,1087.37383,129.00103
2831,942.25339,336.59509
2832,607.37721,660.12607
2833,887.04928,440.22377
2834,977.26071,380.77697
2835,493.99679,710.25640
2836,1079.82417,427.17529
2837,744.05881,593.77687
2838,1016.13401,434.80194
2839,1034.60039,470.18383
2840,988.35688,490.87958
2841,921.39045,433.15934
2842,686.43083,640.66934
2843,915.40522,480.24755
2844,1058.62234,456.49810
2845,657.87871,656.33772
2846,625.61668,688.39346
2847,608.23974,646.82110
2848,921.59512,477.29782
2849,1101.91302,317.78441
2850,1062.12268,452.19202
2851,480.40407,717.38694
2852,1074.46193,138.12890
2853,1045.15195,327.39067
2854,735.98122,624.11521
2855,673.72705,647.62117
2856,791.44207,590.15346
2857,741.38943,471.06573
2858,735.80285,622.15058
2859,540.01394,-242.68092
2860,954.48364,410.85499
2861,476.54963,721.37658
2862,483.58866,720.58171
2863,434.87587,648.26230
2864,741.18096,608.69521
2865,1113.89388,389.64224
2866,1011.41064,417.21783
2867,634.05757,679.29298
2868,1108.25666,396.17703
2869,1061.39780,365.92436
2870,1100.41624,310.05149
2871,1095.05058,398.33389
2872,730.93985,473.58182
2873,934.28724,428.85701
2874,1109.04999,410.76747
2875,926.77779,490.77558
2876,500.13629,735.15825
2877,513.23678,712.28335
2878,646.05789,670.07627
2879,584.31508,717.53224
2880,764.44511,309.80154
2881,517.43254,688.49047
2882,961.57729,419.97249
2883,939.02719,310.48462
2884,505.42797,744.11573
2885,1013.76467,312.54856
2886,1023.32285,425.68809
2887,855.79764,522.69458
2888,495.90045,726.89475
2889,462.58689,753.40831
2890,644.73915,660.03345
2891,620.57134,689.20341
2892,593.36965,669.73932
2893,878.22272,427.26168
2894,864.67498,323.17570
2895,520.36138,698.88374
2896,965.53209,383.83625
2897,415.14737,607.80926
2898,886.17860,493.86609
2899,720.51059,583.26957
2900,715.47693,643.09051
2901,575.39401,695.61225
2902,1047.64929,416.81830
2903,608.75241,703.58477
2904,956.47878,468.04276
2905,742.85570,560.71923
2906,459.70408,752.51109
2907,1031.28395,411.32905
2908,796.64949,522.63332
2909,1071.90351,400.05984
2910,963.77402,500.43077
2911,486.07100,698.52853
2912,593.96282,621.72966
2913,474.37385,711.88744
2914,608.22552,680.33868
2915,666.69848,650.52355
2916,933.85836,358.07493
2917,978.36901,424.24943
2918,570.61235,720.83427
2919,1099.53453,307.17365
2920,810.31231,549.33561
2921,762.54463,506.57697
2922,962.45562,471.66335
2923,1054.70314,285.78395
2924,999.50471,425.81198
2925,637.31604,676.48188
2926,1064.55508,144.33662
2927,991.71227,366.96079
2928,941.99374,306.86721
2929,1056.19026,310.58839
2930,844.13060,509.16107
2931,1033.11976,341.48293
2932,939.23178,411.12930
2933,1053.99360,421.70169
2934,756.02552,584.99571
2935,652.01140,658.38496
2936,589.58917,704.36288
2937,900.45777,507.34500
2938,1024.54178,295.22890
2939,974.25428,503.58866
2940,547.91896,663.68492
2941,772.96041,123.24147
2942,731.90115,494.50434
2943,1018.67297,438.70380
2944,897.23757,507.26765
2945,842.52030,565.16413
2946,827.83515,564.88998
2947,988.53575,467.44110
2948,724.28434,586.81637
2949,737.06979,602.79733
2950,1079.27567,137.25559
2951,766.47639,494.94817
2952,785.98087,486.63205
2953,739.05552,571.07011
2954,942.38131,463.05708
2955,786.73278,593.47106
2956,823.48471,556.78695
2957,786.45491,570.09964
2958,577.05441,704.68236
2959,937.23134,471.34411
2960,1009.64933,359.16665
2961,564.10322,713.47552
2962,798.30659,562.39451
2963,1038.96834,442.76726
2964,688.71783,-51.62301
2965,446.20754,728.62375
2966,1075.60643,323.91705
2967,764.90090,558.82742
2968,463.16690,727.44705
2969,757.73971,558.87369
