0,538.12095,36.62107
1,1275.09195,489.92918
2,308.97246,46.94011
3,470.69223,70.52992
4,650.81719,38.41140
5,1177.13126,200.28959
6,1103.99649,120.54207
7,1183.99358,148.13038
8,1139.45331,130.16722
9,842.60487,-53.04684
10,1221.11267,337.08285
11,343.78788,40.40182
12,327.23002,46.21503
13,1272.48684,458.70815
14,1142.11094,208.28411
15,1181.05748,147.40298
16,1217.26347,235.25123
17,879.23968,30.72301
18,1255.12928,340.94130
19,610.24701,42.69207
20,1067.60760,105.37598
21,854.65565,-47.06253
22,950.61342,84.84609
23,1090.40579,100.54418
24,977.12057,240.99230
25,1067.80426,161.63307
26,411.07576,74.11675
27,1278.21877,472.19992
28,676.73603,34.82969
29,763.66430,443.21107
30,381.14198,48.04884
31,1171.33659,256.37327
32,1274.33467,474.20637
33,317.82391,67.46635
34,1213.61029,257.13934
35,1272.76433,448.02713
36,767.61471,439.84702
37,1042.42036,93.79374
38,1260.67965,472.34665
39,544.23206,34.94004
40,1164.84164,266.05799
41,528.62804,56.16035
42,850.65769,-50.78168
43,1149.48168,311.11289
44,333.98502,46.20897
45,1138.99013,111.45454
46,1061.36123,81.56734
47,1175.54171,283.05830
48,931.02334,39.81867
49,1158.22603,134.85076
50,1197.82530,175.14247
51,1110.84302,137.14753
52,1103.43930,91.07313
53,465.54215,55.52628
54,644.57150,36.33599
55,1211.96813,311.67998
56,568.88690,593.16033
57,1189.86623,166.52253
58,1215.27852,282.95019
59,373.56098,40.73843
60,829.76057,-136.27872
61,1085.47334,208.56093
62,1095.05590,129.16898
63,1186.30950,178.66740
64,1139.73023,256.91802
65,1097.27849,156.70482
66,1091.34786,111.67870
67,1127.29957,154.81467
68,1030.57715,81.91612
69,252.57845,51.21074
70,389.15221,67.03104
71,1191.87825,348.47511
72,899.60620,31.84132
73,294.83007,51.61502
74,333.97092,42.35829
75,1231.32709,493.39690
76,1261.60745,450.13032
77,1278.02963,459.41800
78,514.79550,38.82826
79,1172.83174,142.19742
80,958.15365,17.27701
81,1222.56706,261.65521
82,1142.88846,119.06430
83,1193.50890,229.12997
84,674.78312,43.06686
85,392.06480,69.09021
86,260.22705,51.26529
87,389.42862,52.88170
88,1099.01983,164.49940
89,873.55310,-38.41480
90,1266.83104,473.08846
91,1189.63162,303.22117
92,1094.79200,451.69623
93,233.42723,37.96798
94,1076.93811,149.92098
95,603.09911,43.48215
96,1113.39924,112.36795
97,1081.84918,355.31569
98,815.96234,394.46463
99,1185.64325,151.27366
100,1008.51858,51.50103
101,481.29779,68.26764
102,1076.57762,155.10789
103,492.89780,69.70940
104,484.04371,69.68539
105,321.22170,47.94342
106,1083.05437,90.69585
107,1106.02272,113.68149
108,1011.20542,36.70607
109,1195.33296,496.88033
110,1170.51378,519.92999
111,1061.15200,58.81409
112,1227.62544,286.14612
113,1266.66909,410.12937
114,311.32383,71.87396
115,1198.62695,519.36101
116,1170.81943,536.71252
117,325.10990,64.39560
118,1219.30444,240.46200
119,1191.07087,241.63191
120,1033.70524,53.32680
121,246.61718,64.42487
122,397.28645,64.70534
123,925.79484,27.62828
124,315.32346,67.16511
125,1087.99463,169.81540
126,895.29078,10.99600
127,497.13335,68.67672
128,286.59873,68.71729
129,1214.82008,215.68432
130,1224.25239,308.33941
131,339.05150,42.66896
132,291.66215,35.22800
133,1281.56381,468.09183
134,1165.53756,132.83030
135,315.21402,28.48345
136,246.34449,57.51884
137,221.91678,51.31952
138,1086.56734,374.96928
139,990.05467,283.62902
140,358.97120,58.49229
141,838.92000,-49.13215
142,1211.51690,243.36189
143,1179.43875,295.37221
144,300.87051,29.26477
145,1212.01269,402.08289
146,1191.12355,171.46194
147,230.00858,58.84281
148,1198.56495,220.16190
149,346.57396,42.23078
150,906.40968,41.90435
151,841.72346,-59.79977
152,1179.35649,587.82813
153,1123.63824,328.34375
154,928.68014,-24.02701
155,1104.07292,116.27257
156,426.05659,62.63845
157,1212.07183,321.34282
158,1126.89585,182.77537
159,619.19683,513.40407
160,281.00102,49.32266
161,1109.85136,177.78909
162,318.96959,58.39842
163,1069.69404,84.62203
164,677.31242,68.54485
165,1168.24889,150.21260
166,271.95603,67.89718
167,1270.17814,463.42210
168,862.38614,-86.87424
169,1248.20437,359.79453
170,1032.26500,47.69443
171,943.37662,43.45267
172,1166.79149,246.12474
173,1230.36577,273.08802
174,1148.94984,129.30826
175,1148.38099,200.01992
176,1245.31238,485.74909
177,1052.98763,56.58766
178,868.17690,-40.04578
179,1248.55057,339.90733
180,1151.36639,149.30994
181,1055.57832,97.78377
182,1187.65949,541.41474
183,280.80496,57.16895
184,1206.35863,262.36316
185,1219.22348,294.42242
186,336.48651,70.62177
187,1114.86993,143.26952
188,1101.14718,139.30274
189,860.05090,-75.89578
190,265.97276,56.42163
191,1091.24610,107.15796
192,1151.11698,122.56744
193,929.23194,160.44476
194,1079.79382,95.29698
195,1152.23108,202.35171
196,1140.80782,168.16985
197,277.78675,68.16292
198,1205.98329,267.34589
199,540.93937,38.14547
200,1213.49399,241.92251
201,1244.71880,346.09546
202,1194.87589,174.58692
203,1114.28418,230.51805
204,239.06236,54.80335
205,473.92107,37.99600
206,1094.88099,125.77229
207,659.37187,36.84028
208,1264.67478,465.66654
209,407.76143,67.85240
210,1169.58349,264.44750
211,1154.31742,124.62378
212,379.71320,55.98500
213,996.38504,86.40914
214,353.79705,59.56361
215,930.91579,351.94766
216,1240.01569,444.23913
217,1161.77043,157.46761
218,837.83986,-4.67697
219,1084.55974,110.14047
220,926.25853,-27.15469
221,230.81458,60.12775
222,1183.00414,241.94760
223,1186.27433,531.31113
224,330.39478,36.11935
225,1174.86743,159.43821
226,977.04415,12.71099
227,617.00954,41.45861
228,260.34861,56.18291
229,832.39442,-129.72122
230,1146.58333,158.44170
231,1163.51694,528.01222
232,602.80667,554.34644
233,1027.28869,247.65744
234,446.16009,70.91003
235,1030.53792,69.62149
236,1065.13116,453.04632
237,1168.28703,540.94136
238,237.82432,32.44386
239,833.74971,-16.39082
240,988.24852,61.74281
241,321.30325,69.48206
242,1166.03544,140.34773
243,892.85499,-54.73241
244,293.59788,43.75165
245,1194.90537,232.24557
246,1190.47127,252.76723
247,1046.21011,181.94782
248,290.89600,69.01338
249,572.20099,589.21645
250,1213.05845,408.44565
251,853.90263,-43.61339
252,1227.81562,319.31471
253,1259.39155,487.40387
254,1137.24528,105.62056
255,1016.50057,42.69468
256,1178.51215,161.63372
257,480.57408,27.34353
258,1094.34533,117.76029
259,942.01798,27.05466
260,297.73872,57.28369
261,1028.23865,521.24399
262,1033.83869,67.69824
263,1059.39602,111.44149
264,864.20416,96.33260
265,1029.78537,83.63537
266,393.46616,42.11452
267,438.65439,64.85944
268,1118.28950,142.88324
269,1096.40182,488.45052
270,492.69616,41.45980
271,1050.93206,102.99042
272,1258.71061,482.03616
273,1056.19599,84.11282
274,1066.66574,347.13576
275,827.41218,-119.64777
276,1114.85519,92.90779
277,1160.00393,138.19099
278,262.55816,58.62830
279,1212.42797,279.21864
280,1168.30846,525.69275
281,860.23772,-61.71054
282,802.44752,35.18459
283,1134.66361,311.96459
284,428.68328,39.23130
285,934.92941,-1.60826
286,1116.32325,187.20216
287,1193.94699,210.52545
288,240.22813,32.03494
289,981.09955,153.76320
290,931.97045,15.89027
291,321.63331,43.64628
292,1188.79945,187.96485
293,877.57307,-74.17563
294,613.92320,42.50905
295,1150.92593,309.08828
296,273.90696,64.88295
297,1097.18617,569.21612
298,920.61688,-35.88040
299,1147.80828,175.68206
300,1065.07056,64.04207
301,1039.15741,204.36450
302,1179.06415,267.78996
303,973.46205,260.54827
304,1268.68551,465.57423
305,851.47088,-57.96660
306,825.86957,-11.44492
307,336.16680,58.72386
308,1103.42695,102.33969
309,1102.85944,123.31929
310,942.35276,-16.87277
311,1155.90261,158.62063
312,948.48614,26.91541
313,415.48570,65.25084
314,980.25280,85.33592
315,1158.02934,209.08979
316,228.64619,50.86931
317,836.84824,-84.48385
318,901.26220,-25.37353
319,1124.56527,173.57469
320,501.91385,29.46008
321,1266.97602,439.45709
322,1149.05565,116.42100
323,790.83327,418.70896
324,1254.94055,485.39720
325,1157.17932,146.32071
326,1230.54098,472.52903
327,1253.98876,367.81502
328,1204.72668,256.30671
329,495.59029,103.51012
330,895.21248,-15.50447
331,855.75229,98.55925
332,1108.48222,144.64234
333,1216.99433,242.24332
334,326.25649,53.15301
335,1116.94321,116.19485
336,494.89888,33.54121
337,1180.53290,161.51832
338,540.03139,39.39324
339,1145.01408,169.50091
340,409.79752,63.53364
341,1138.00251,169.09996
342,513.50641,31.19584
343,1237.83169,320.56556
344,1030.08507,113.76629
345,1042.64065,48.27161
346,564.85026,46.58980
347,1165.93280,340.03041
348,1179.79228,247.16920
349,1039.33084,94.58290
350,1208.54318,269.32651
351,1247.06654,415.99818
352,931.20961,-17.43406
353,390.38473,35.00802
354,984.89816,86.03000
355,369.15680,69.67768
356,1061.07638,100.48513
357,322.21630,52.79397
358,1231.27514,313.88675
359,487.01067,72.07899
360,327.02642,49.23132
361,1206.54963,210.43117
362,859.17490,-44.47292
363,357.15592,45.56636
364,937.26768,29.49062
365,971.71326,17.47013
366,288.23968,40.32529
367,1001.81421,248.13892
368,979.33619,305.51534
369,502.88087,30.27475
370,625.63520,50.78867
371,1200.13033,296.21962
372,236.41842,51.38348
373,497.84075,30.59848
374,432.87371,31.69326
375,1210.34211,365.77829
376,980.56248,41.40339
377,579.02177,34.54100
378,1231.75525,264.52205
379,786.42869,417.82345
380,1060.83771,77.42043
381,866.06269,-82.66220
382,1148.43634,165.65310
383,306.66749,42.14185
384,303.21552,31.39446
385,350.66907,42.14583
386,378.55719,60.73788
387,1169.91429,144.58238
388,488.73374,68.01914
389,1257.55813,336.68742
390,1244.70130,466.40090
391,1172.85857,156.97609
392,330.13368,48.01651
393,813.82423,410.13183
394,632.79169,48.54392
395,1098.39032,124.04748
396,764.42240,444.24349
397,904.51925,55.67268
398,1121.15984,125.93575
399,316.09510,49.30616
400,1180.74046,239.23011
401,1244.06531,355.82036
402,1103.71925,192.39693
403,1169.14349,136.04952
404,1172.65822,247.98033
405,408.90342,71.15360
406,1190.25809,275.53407
407,911.81166,95.70482
408,445.28381,50.74566
409,524.47211,37.39379
410,896.14895,-47.40584
411,1183.37715,605.15584
412,1136.56735,111.35430
413,1184.24677,609.22420
414,1164.17358,312.57104
415,268.11865,63.88090
416,557.42457,48.02625
417,1186.00408,168.88378
418,1099.17840,104.57043
419,982.65586,66.36369
420,1152.43479,118.26057
421,552.56113,626.75629
422,1258.63770,491.90466
423,1197.77566,229.86023
424,288.56365,42.17595
425,1185.89598,215.82822
426,1171.97923,316.00492
427,1219.55147,231.98296
428,294.45230,37.97095
429,999.42555,85.44900
430,1194.80898,226.32679
431,1196.39909,252.18077
432,493.78129,67.23238
433,1136.04417,153.78465
434,1056.12485,55.68716
435,1172.23166,188.60346
436,982.28826,57.44378
437,895.48123,-38.51856
438,1241.51630,328.23599
439,927.70577,-21.66842
440,1234.88059,331.15978
441,1278.06621,470.47983
442,858.67111,105.68993
443,898.22173,108.72123
444,1173.33100,149.82109
445,296.63436,46.43910
446,346.48913,46.36508
447,1148.33498,222.69571
448,1113.55706,139.62205
449,541.04049,46.63007
450,1269.29280,491.86908
451,259.84746,61.70961
452,1240.04623,293.96202
453,896.63695,-52.79361
454,1187.96952,257.28069
455,824.71134,-56.90935
456,485.97394,69.20168
457,1261.12931,357.49255
458,300.31119,47.56606
459,1127.90611,138.21496
460,1081.83587,112.33077
461,1239.01441,340.63096
462,1019.04445,46.14495
463,1236.56783,360.25671
464,1097.96090,91.66601
465,1258.65090,448.91137
466,1079.96812,130.33480
467,488.95374,41.15451
468,1121.89682,138.77458
469,1092.70504,148.04180
470,733.18875,28.78296
471,1163.47577,309.04762
472,672.05540,40.17533
473,1133.30580,138.86683
474,879.47310,-35.99842
475,1171.89677,133.19071
476,941.38334,24.73956
477,1175.28016,255.34950
478,1264.72468,490.13523
479,1113.31157,121.83972
480,289.63165,46.89652
481,1210.23637,256.56547
482,358.72217,56.37545
483,903.61266,-42.06787
484,1078.13186,103.70865
485,282.65462,57.81237
486,1192.33014,279.90911
487,366.87359,71.15541
488,371.27571,69.54191
489,1132.34697,174.24672
490,1169.68898,553.06321
491,414.19975,70.77745
492,300.95529,41.52372
493,850.24560,-56.50509
494,1124.12892,115.28888
495,821.28563,33.74731
496,1229.35476,359.61706
497,1172.33069,130.39674
498,1016.48276,118.68701
499,1154.36993,178.30991
500,273.70751,55.57081
501,906.59391,37.90703
502,1170.81403,586.85039
503,1086.73858,73.19099
504,287.27802,53.42394
505,606.63505,38.64480
506,1234.40853,362.41877
507,1243.93091,352.88922
508,1208.08578,385.18399
509,1216.86575,246.80287
510,1114.97616,132.11723
511,859.37270,-58.75409
512,296.14708,49.99669
513,565.18013,598.01845
514,1220.37056,412.19519
515,1122.67909,152.54813
516,1226.73691,348.95666
517,1139.55497,177.91013
518,1147.41262,108.02917
519,235.73751,62.60126
520,857.69112,-56.32046
521,1080.62275,85.71328
522,1160.29174,181.77412
523,299.04811,40.54452
524,490.26677,28.61612
525,987.09811,100.08902
526,854.36469,-79.75754
527,1038.14212,153.69271
528,330.91241,70.53287
529,255.76897,60.83177
530,833.84350,-26.05577
531,1193.27715,180.85691
532,1189.05896,255.04700
533,1007.72674,81.69873
534,306.00803,50.81710
535,1159.43702,220.72769
536,1119.32693,290.04099
537,1101.98995,150.67424
538,1195.27519,235.40397
539,306.08226,65.44585
540,855.04707,-69.49716
541,417.16522,34.76422
542,1032.03056,146.51473
543,1228.38480,269.05597
544,547.70789,38.54505
545,1083.93794,84.18499
546,824.97927,32.76631
547,352.73184,68.76884
548,452.20536,29.60163
549,1235.68506,340.88367
550,1262.40002,482.41822
551,335.55038,40.39516
552,324.43327,71.34510
553,1076.72401,167.86726
554,1076.09903,229.03111
555,1167.00145,302.94260
556,1113.73595,123.95717
557,1182.49449,266.99031
558,1147.28034,141.36159
559,1194.62845,248.16762
560,275.99166,29.95142
561,430.95636,47.26586
562,1099.37539,158.61745
563,697.43596,37.85760
564,1200.91775,414.20374
565,939.62080,-16.52693
566,291.56906,44.36016
567,461.97920,40.57752
568,1279.25349,463.92099
569,1095.52578,151.14253
570,1111.64696,157.86114
571,1176.58143,155.09907
572,1241.96771,311.11803
573,1030.21944,214.63069
574,819.20031,-65.86591
575,1270.16677,485.42938
576,1192.84022,199.44861
577,1226.19298,414.15498
578,324.08511,65.53480
579,1001.91751,55.27811
580,980.38315,43.58216
581,1076.93468,152.99229
582,1178.17793,154.19526
583,897.86592,119.47669
584,571.11747,40.18442
585,1246.84626,488.59624
586,507.83517,37.11582
587,1245.48564,422.33511
588,1164.44079,553.28163
589,1125.86848,177.72375
590,1080.42868,156.14387
591,1057.84107,114.79677
592,1202.80157,246.77904
593,1196.27774,366.92031
594,983.81766,91.42081
595,951.05196,23.09066
596,605.62373,48.98622
597,1175.05015,251.98937
598,885.42074,-59.60067
599,1263.67015,460.81065
600,334.82348,52.89299
601,1071.74813,121.12216
602,957.46276,-7.17618
603,1173.64505,237.56063
604,1138.38621,147.41160
605,1159.04319,145.24174
606,387.92127,68.24466
607,1128.28158,162.81229
608,1232.73531,358.19017
609,1051.22223,106.85264
610,1212.02598,263.84808
611,1161.31574,249.48334
612,490.28050,69.88814
613,1089.46697,243.33862
614,852.27396,-71.05724
615,1191.19948,223.31697
616,1150.45868,256.36488
617,1210.74715,293.31046
618,1213.85482,291.03332
619,640.25356,39.98160
620,1165.28299,155.97586
621,1209.06293,278.82503
622,1225.27405,279.95808
623,550.75936,37.08329
624,222.36950,53.60512
625,296.60715,69.63961
626,419.53631,57.25113
627,1007.55527,55.79617
628,1214.17065,346.41212
629,1162.48816,178.77095
630,1151.42031,174.98334
631,1102.72736,85.62699
632,1183.59834,160.73243
633,1173.25069,413.90865
634,1042.45239,51.82065
635,1146.97178,186.31134
636,831.11864,0.92805
637,1186.45943,264.58228
638,332.01305,43.12110
639,1162.85572,138.93640
640,1064.58662,136.02880
641,1180.22356,275.73922
642,1106.32527,110.10580
643,385.83822,76.55205
644,914.82056,-16.43882
645,1254.55208,333.04486
646,814.75481,385.97736
647,941.91039,-13.18398
648,1065.07423,77.56306
649,1043.85992,120.22051
650,1180.44824,192.66669
651,1274.21826,440.86351
652,1149.34287,171.80076
653,886.61999,33.86951
654,1107.24940,122.67068
655,1115.64948,163.38746
656,1233.93024,309.28474
657,966.23212,403.71519
658,1083.38102,177.19015
659,1168.37270,159.17947
660,1268.86952,469.35011
661,674.60489,36.81503
662,416.41163,70.28274
663,1200.54338,220.45397
664,1105.22613,98.97144
665,1248.60208,487.54705
666,1234.79316,293.72668
667,848.52450,-49.44939
668,1093.34807,530.35744
669,1013.03734,55.72717
670,326.05549,42.32687
671,1175.79549,512.23768
672,1248.19755,354.40769
673,1084.93950,94.21783
674,1160.53128,120.43622
675,1271.65877,490.11940
676,1242.41153,297.44152
677,963.90329,124.76090
678,1254.84169,337.49483
679,546.66070,36.78159
680,1095.29824,139.15096
681,472.62111,36.05719
682,1171.72959,162.92237
683,993.68375,25.42154
684,323.07631,35.31309
685,1015.44236,147.38171
686,1220.47966,257.59820
687,884.60237,-65.08111
688,1276.90202,440.38567
689,1173.41356,278.85552
690,462.55737,75.54362
691,1145.05867,286.55747
692,1071.26743,91.56605
693,1186.94474,163.76653
694,1152.37160,565.23870
695,385.14571,69.02416
696,325.56639,44.03612
697,856.54928,-87.01931
698,1091.39928,118.82360
699,543.32380,37.60742
700,327.70991,72.80846
701,1173.14178,281.55051
702,1033.58035,272.43522
703,1223.56512,364.68979
704,871.82532,26.78539
705,329.92267,42.65520
706,241.93309,51.87750
707,1162.20691,148.98053
708,1229.28671,367.69819
709,1115.03781,113.99172
710,550.35419,628.68536
711,965.01115,60.27034
712,1168.24695,527.56902
713,852.58848,-90.84445
714,1117.08293,138.95312
715,1183.20285,176.58264
716,1053.68260,70.69781
717,1172.29834,168.10208
718,1178.59275,156.99669
719,1217.61713,393.96957
720,1163.74646,218.03831
721,1156.64327,288.08814
722,308.55291,34.77391
723,255.37862,49.18803
724,984.21016,71.28875
725,623.50036,36.36389
726,869.64314,-74.78981
727,858.44308,-33.86257
728,1182.01487,249.95389
729,1237.43300,292.55512
730,963.45783,34.65823
731,265.87577,62.77807
732,1199.23800,196.59910
733,1180.58556,175.89382
734,1144.91666,172.68898
735,1008.24364,98.61013
736,691.88836,9.80254
737,1115.62769,126.95716
738,1172.76015,204.90260
739,1241.94318,324.97845
740,303.33953,49.35936
741,905.69057,-29.76906
742,532.47728,38.03912
743,1120.39089,260.51649
744,671.92075,75.44153
745,1176.33532,288.80426
746,1109.11068,149.33204
747,1157.05067,136.91149
748,640.61535,35.20881
749,1146.95859,300.78272
750,464.75420,67.27244
751,1210.85394,254.16115
752,566.45148,41.51280
753,775.56102,434.32016
754,1183.33100,604.50832
755,609.29184,68.24873
756,1153.36803,324.73145
757,1253.11325,476.68129
758,1165.53404,144.55588
759,274.32440,61.49046
760,305.45777,35.71924
761,1146.35466,163.20235
762,1091.18242,84.88157
763,1108.67094,88.19402
764,1261.55861,437.42871
765,871.78536,-59.06852
766,1154.64176,278.97227
767,1149.37732,143.44654
768,1185.99575,241.84047
769,1180.41535,178.89792
770,1174.40820,246.72419
771,275.44506,57.40626
772,291.27125,65.67012
773,1175.83826,199.25178
774,1107.61538,126.75280
775,1201.31713,196.64102
776,843.25823,-40.79060
777,1214.98015,262.23296
778,387.87912,70.38718
779,1146.95156,110.94572
780,834.43261,-130.55248
781,1274.01395,463.65449
782,925.01018,1.28944
783,1180.83879,261.13231
784,867.31262,-61.54586
785,227.23640,34.10618
786,1202.49522,211.56423
787,285.51969,41.71611
788,959.39938,31.73597
789,1057.22610,60.48383
790,1019.14227,75.12947
791,312.07552,50.42144
792,1262.97633,477.50728
793,287.19114,59.52489
794,1155.34511,182.47068
795,1188.08015,248.07846
796,1155.83061,115.42810
797,1003.54298,73.28631
798,889.54281,350.58751
799,223.76505,35.19383
800,1198.33433,496.89009
801,306.64169,67.77174
802,1021.51961,48.51250
803,365.18211,45.84411
804,301.85356,65.74649
805,1237.30355,482.67022
806,1191.53322,176.89618
807,1199.64518,206.49780
808,1178.43637,144.02063
809,360.57026,40.78600
810,299.71625,34.54185
811,329.46358,50.68104
812,1261.54456,398.88242
813,1231.28640,487.32698
814,755.61647,46.76736
815,1151.24775,140.72419
816,297.39671,36.21331
817,1265.71973,481.18604
818,323.24565,67.90253
819,784.78207,421.55179
820,1082.83965,136.89233
821,884.00199,-31.19880
822,940.28732,20.32490
823,1097.41009,114.75369
824,1271.43411,456.16155
825,844.47846,107.85729
826,1104.35838,148.42142
827,1102.25164,158.00640
828,1089.83753,123.77257
829,565.07199,35.01090
830,682.51352,32.11000
831,1028.45544,52.97939
832,1158.65526,560.34974
833,1080.83795,206.73964
834,241.23133,54.59379
835,1103.02299,79.51879
836,1158.30501,162.30278
837,955.41561,1.69611
838,1097.92212,120.36177
839,852.03485,-96.37368
840,296.88760,39.60646
841,302.34644,45.70429
842,1185.93019,259.59752
843,1107.18616,132.03387
844,1094.07915,133.89677
845,1113.79800,178.87098
846,284.19008,59.28247
847,1155.83475,197.96671
848,833.02468,-135.60122
849,923.71404,-14.13193
850,1141.93790,152.69412
851,1182.67941,151.12550
852,1016.77325,38.24748
853,297.63843,64.04546
854,970.96629,44.84970
855,337.60310,49.61992
856,443.34835,33.73328
857,1251.24651,331.99045
858,1024.72914,123.44141
859,1231.40145,364.61664
860,316.54359,43.52824
861,1015.44786,59.00530
862,313.33502,45.01308
863,1073.32712,68.36655
864,1165.86965,171.35832
865,1164.23175,252.38494
866,961.03858,81.62967
867,1129.97489,144.67728
868,1163.83932,213.84537
869,772.80596,434.64129
870,1079.69173,425.54355
871,484.29674,65.59505
872,1256.08895,391.52526
873,366.89188,60.30934
874,657.54710,39.75619
875,1052.75044,73.21733
876,1179.46506,163.78673
877,1242.46088,344.98434
878,1129.23483,135.31337
879,1182.11453,233.09850
880,1215.73147,236.98571
881,1110.82413,96.31844
882,1044.09549,99.42119
883,1195.64660,216.16596
884,1087.80440,468.60068
885,836.94901,-110.31366
886,1098.58336,126.96244
887,1230.61803,351.78612
888,287.08783,43.86571
889,1093.14338,131.79687
890,1131.28438,164.29784
891,1181.82085,209.95577
892,802.92013,398.58491
893,1113.00261,118.78197
894,843.56960,-74.74014
895,1161.91035,142.03123
896,1066.62569,141.13620
897,321.74635,46.31348
898,1166.00027,216.17524
899,791.64668,413.49005
900,1191.50893,314.89599
901,1064.12279,159.90765
902,1180.78596,290.14683
903,1218.54893,368.29860
904,933.82181,-27.01118
905,1130.77617,202.09852
906,1144.11006,145.25678
907,1162.37774,226.31976
908,1223.35644,278.34989
909,1243.01934,348.99134
910,926.66262,8.19643
911,250.35820,58.14973
912,1171.98220,166.04835
913,1150.28696,160.73071
914,1222.68929,240.83804
915,1158.68155,195.30412
916,1100.20774,107.30925
917,1139.41166,144.30053
918,565.51803,39.33123
919,1143.58911,132.74475
920,1197.13737,262.78645
921,256.67964,67.58350
922,869.14887,28.53054
923,289.47066,38.16873
924,1130.78943,167.00329
925,987.70041,63.78900
926,1154.49159,187.74152
927,902.30158,32.08163
928,976.14836,36.23485
929,528.43766,32.95287
930,821.93776,-73.90073
931,1204.47895,206.34277
932,421.84301,40.34957
933,263.71154,62.51072
934,285.13528,65.34692
935,297.87125,60.08601
936,1223.18533,253.38221
937,1066.90506,239.29105
938,1125.39127,133.30466
939,1164.76663,126.16535
940,1210.02258,264.55384
941,1152.05220,127.44471
942,1169.09576,181.76011
943,1039.59978,61.95496
944,1014.71268,76.17742
945,467.68036,67.34487
946,1203.71958,230.90054
947,892.40843,-45.29394
948,351.13074,72.61947
949,1271.17363,491.99166
950,1218.67224,270.81638
951,986.41612,59.97041
952,1116.92828,131.29664
953,310.00341,44.23358
954,1196.81711,391.01393
955,395.57042,69.93321
956,474.37117,70.48720
957,1147.54439,132.81766
958,500.98808,36.77102
959,1241.73344,338.13063
960,1050.16727,68.11923
961,1128.10013,308.24464
962,514.00226,34.84927
963,1044.27039,77.93526
964,1167.90214,134.20543
965,1232.95006,340.65649
966,1142.94567,183.14074
967,907.68120,-46.72383
968,1181.08256,259.01129
969,431.86978,70.82506
970,950.35360,51.58667
971,1111.14819,111.00539
972,1024.84958,47.36548
973,327.36976,39.25224
974,1153.23334,163.81703
975,1262.87774,372.85479
976,500.43496,31.55891
977,692.72512,93.75358
978,1242.62696,453.07748
979,248.53575,60.12731
980,1272.44226,484.16409
981,945.73416,31.66237
982,1060.92470,84.61479
983,1046.97902,61.12072
984,1119.93109,100.74971
985,923.61711,-28.47591
986,296.07757,72.25761
987,1033.77692,74.33648
988,928.05292,-9.57303
989,1265.34353,423.84700
990,1135.10155,172.52791
991,893.67172,-31.63792
992,1061.22398,93.02172
993,264.60617,66.79716
994,1216.00298,273.93990
995,1266.01336,466.57069
996,1170.42224,259.32975
997,1045.64581,481.26008
998,963.48613,-2.55656
999,310.08280,45.38247
1000,1064.52804,492.19751
1001,1020.65125,91.47566
1002,1210.36925,224.78698
1003,1182.61821,607.20406
1004,1222.78277,358.80869
1005,1228.53847,390.39579
1006,966.95095,29.50569
1007,1132.70354,171.23795
1008,498.08167,32.91989
1009,847.29691,-77.03915
1010,535.60974,34.41803
1011,511.71881,32.81663
1012,352.43680,44.92317
1013,1098.05429,95.43699
1014,714.78742,35.16714
1015,1081.71776,72.03570
1016,1276.47278,468.30897
1017,491.50392,68.29968
1018,268.39245,49.96089
1019,1097.90435,83.43418
1020,956.23593,34.36231
1021,1158.59655,177.82597
1022,1235.00266,278.53069
1023,1147.92559,188.05658
1024,1111.21657,123.27633
1025,671.96949,61.88808
1026,282.58583,43.14052
1027,452.48568,58.57412
1028,232.28314,32.71800
1029,536.00373,40.52544
1030,239.06442,47.05604
1031,539.27689,35.83547
1032,1028.09763,108.79727
1033,1168.38113,226.36258
1034,306.61105,71.63748
1035,803.91558,389.33612
1036,1137.71774,101.05093
1037,1186.19014,161.98549
1038,1054.62955,551.07214
1039,1136.91445,178.02670
1040,353.65835,71.52586
1041,1095.86029,95.50249
1042,1140.61149,174.60543
1043,855.94546,-36.08602
1044,1203.77885,209.46920
1045,873.33786,-49.79380
1046,820.21952,-78.39528
1047,511.14099,36.26138
1048,1203.14038,368.32240
1049,905.51647,-43.18349
1050,1124.20589,97.42429
1051,1170.20066,139.65941
1052,349.55271,57.38407
1053,944.75463,59.49472
1054,1119.62232,136.53287
1055,1240.28694,340.75877
1056,975.71105,14.38309
1057,266.61329,58.02867
1058,1203.55473,198.13011
1059,1172.03636,180.04903
1060,1182.52476,256.33322
1061,1066.67699,71.54809
1062,1085.28133,104.37340
1063,1038.51881,47.60822
1064,1276.09674,463.88972
1065,1052.04049,76.44011
1066,1238.53047,332.51430
1067,1141.45529,109.40830
1068,1236.44515,395.54528
1069,1151.19688,179.14664
1070,1247.14513,323.47407
1071,1126.32195,111.67162
1072,1145.27397,194.06830
1073,1176.43418,218.77165
1074,1164.60174,192.33946
1075,522.35495,167.81946
1076,749.01929,29.56082
1077,486.51324,27.79170
1078,1218.08621,336.72449
1079,1244.49274,360.48213
1080,1159.48386,353.27181
1081,899.69358,-9.18918
1082,997.67769,33.49111
1083,1002.53199,254.47172
1084,1201.10656,252.69629
1085,1101.07621,265.38317
1086,1108.64341,188.25668
1087,295.03450,71.22147
1088,1061.39428,104.68917
1089,1146.49698,221.46957
1090,603.72875,41.85202
1091,952.96223,-6.22572
1092,1139.12256,575.75318
1093,1041.31092,128.46246
1094,506.55150,31.21654
1095,1178.54918,396.17605
1096,1188.69294,398.32551
1097,1091.76779,103.06156
1098,1223.31692,275.41845
1099,1146.91580,124.43192
1100,298.58591,31.03968
1101,1031.63190,56.18098
1102,819.25467,392.13765
1103,794.53844,-59.59671
1104,321.13103,57.23405
1105,997.54712,25.81080
1106,276.16507,59.90724
1107,617.95183,33.64505
1108,626.63128,42.33968
1109,866.35492,-59.99070
1110,1089.12319,114.72607
1111,532.31041,75.08864
1112,360.89656,77.18291
1113,1188.71617,243.58220
1114,980.55583,12.57167
1115,1246.80652,474.60088
1116,327.64732,68.60527
1117,976.80102,18.21114
1118,1153.63654,332.87654
1119,1080.70648,102.89687
1120,857.65444,-57.72563
1121,1094.39229,101.68532
1122,1016.47193,89.52266
1123,504.59662,38.88735
1124,908.13484,127.74966
1125,300.40074,37.26911
1126,1273.44795,466.68619
1127,1271.96684,485.65561
1128,1250.15217,453.27677
1129,946.03177,3.67561
1130,995.57335,463.85715
1131,1152.09719,487.39566
1132,1125.86508,139.08736
1133,1222.34554,292.82915
1134,1176.01497,232.47764
1135,1100.29610,128.39288
1136,1110.22790,130.62020
1137,286.59079,38.29473
1138,1168.00127,197.47181
1139,1148.47557,148.65536
1140,1251.47395,357.57584
1141,857.00544,-58.43545
1142,400.92449,52.29760
1143,475.93578,31.10562
1144,850.72971,-41.48357
1145,1162.46901,168.72778
1146,294.65447,63.60485
1147,1075.87275,78.57005
1148,1234.10106,354.82098
1149,1216.92040,502.63606
1150,893.41187,-20.43477
1151,1114.80655,159.61959
1152,1078.66664,132.92489
1153,1161.71825,201.69731
1154,1168.59614,148.68820
1155,1267.68225,483.53693
1156,1076.04594,94.70474
1157,1198.47742,241.13519
1158,649.87707,40.82538
1159,493.13833,36.18787
1160,1060.42656,305.19611
1161,415.22509,67.35229
1162,1156.82684,206.27852
1163,1176.98357,317.93423
1164,1236.66000,312.78420
1165,1182.54409,173.85638
1166,662.40846,40.90608
1167,895.09954,-22.22302
1168,1265.09306,452.35315
1169,387.67403,66.33221
1170,1126.36667,145.06861
1171,1255.90787,387.62022
1172,246.46288,60.45811
1173,1171.75144,339.31874
1174,248.89784,52.81725
1175,220.59789,36.23525
1176,319.88765,45.11745
1177,263.41152,36.74650
1178,314.21746,62.37225
1179,1235.30422,325.07625
1180,554.34530,40.66270
1181,1167.72665,200.17908
1182,1105.87728,153.69399
1183,1154.50914,118.42907
1184,978.87840,72.37842
1185,1142.16471,113.15196
1186,1275.36084,485.68926
1187,259.93784,64.44176
1188,872.41180,3.99470
1189,1243.59794,323.50883
1190,1257.49318,470.40853
1191,1117.38962,173.57523
1192,1106.46008,147.16598
1193,1178.12292,134.85157
1194,1066.59142,59.97524
1195,264.35682,47.18747
1196,1208.78399,238.14328
1197,1173.38384,285.22442
1198,1240.43753,307.96612
1199,1114.59431,150.99455
1200,838.68232,-95.28058
1201,1172.22938,145.66242
1202,821.32974,-57.35534
1203,1276.90157,474.83371
1204,528.30117,41.85903
1205,1109.06407,336.32663
1206,1092.06790,161.88035
1207,1132.90244,181.45136
1208,1136.74067,195.56034
1209,1163.46908,146.71108
1210,1173.54269,195.01542
1211,863.03658,-75.16850
1212,874.89302,78.61642
1213,866.89661,55.93548
1214,876.79032,-4.16425
1215,925.88917,328.09446
1216,971.14342,481.07947
1217,989.36155,457.11876
1218,951.88149,409.58054
1219,900.99994,244.43949
1220,709.88032,82.78390
1221,886.38715,98.44451
1222,875.80216,-18.75657
1223,952.39870,352.06516
1224,258.72125,61.39690
1225,923.99764,323.57133
1226,857.60139,34.71992
1227,853.48572,36.20892
1228,904.14260,252.44259
1229,1004.42390,464.74506
1230,1072.39784,580.28422
1231,822.49733,2.88326
1232,658.50841,35.69905
1233,854.68730,-123.09610
1234,956.25253,326.11731
1235,847.24292,-92.91114
1236,959.18256,463.48762
1237,931.15835,294.63409
1238,631.67970,40.78121
1239,875.27589,-23.87299
1240,865.95053,61.33653
1241,958.46446,314.69574
1242,1003.66759,222.41155
1243,665.47703,41.06477
1244,1096.85822,566.18907
1245,842.33426,-77.28100
1246,850.63259,-136.18430
1247,730.65426,37.95886
1248,878.12068,74.13058
1249,852.19481,54.49924
1250,864.37085,-56.41449
1251,889.24390,471.87119
1252,870.19279,32.32465
1253,843.26712,1.49751
1254,965.17796,260.33807
1255,556.76516,35.12731
1256,425.31569,36.37879
1257,836.39548,-159.46797
1258,919.05929,255.17469
1259,905.86713,243.76104
1260,861.17908,45.88815
1261,228.77262,44.21695
1262,827.46828,-22.09298
1263,917.90951,226.04206
1264,1003.35089,529.98359
1265,935.60862,237.76145
1266,969.18639,574.58413
1267,1052.32657,494.59691
1268,899.67720,48.18493
1269,776.70262,7.78160
1270,802.52338,-5.20424
1271,834.33402,-31.24124
1272,800.98877,7.80547
1273,952.76967,414.61457
1274,1033.19799,552.95745
1275,665.24607,48.59478
1276,999.68648,385.79973
1277,318.05155,38.55674
1278,850.39753,-143.08182
1279,941.44741,409.57540
1280,557.46703,32.96069
1281,558.09805,612.99542
1282,1127.40424,599.10770
1283,905.80800,102.57767
1284,853.79592,48.21631
1285,985.22876,252.40189
1286,928.32858,319.67517
1287,995.60015,447.69189
1288,891.39920,68.82926
1289,1043.25745,621.31472
1290,459.54053,30.52101
1291,636.24887,41.65084
1292,740.59459,31.03040
1293,868.19713,18.14244
1294,848.86919,-12.45160
1295,966.89736,345.63380
1296,946.65343,292.98764
1297,871.38143,-88.84247
1298,701.05672,62.48030
1299,936.54334,393.19579
1300,971.23984,468.20353
1301,895.91916,188.05636
1302,807.29443,5.26208
1303,724.99423,38.80546
1304,1170.56187,231.54373
1305,551.36795,627.80417
1306,938.04653,359.07616
1307,808.79683,-38.47777
1308,963.24889,512.97504
1309,329.63725,28.17403
1310,985.56546,444.13167
1311,953.72575,509.63979
1312,603.55186,36.62941
1313,901.28470,133.75969
1314,915.62281,161.66403
1315,903.63756,52.59926
1316,835.09420,-108.10391
1317,1013.53332,412.79227
1318,1070.08648,218.02292
1319,838.03825,-91.49868
1320,975.86579,512.91660
1321,866.63387,-19.86413
1322,834.17512,-122.27719
1323,848.05920,94.06475
1324,896.06286,168.83145
1325,430.78007,40.59140
1326,1008.97714,546.97286
1327,854.65763,95.99220
1328,877.20085,83.05327
1329,840.72982,-125.90227
1330,264.34744,41.29733
1331,951.93781,466.10695
1332,811.95326,-48.09345
1333,968.31026,279.03765
1334,315.47988,41.31926
1335,1067.74965,553.58021
1336,605.20114,36.37918
1337,544.96225,39.98501
1338,819.86827,19.45533
1339,906.28107,268.32119
1340,840.13500,-156.36961
1341,979.98607,332.68312
1342,957.44912,473.77272
1343,860.39474,-9.17448
1344,940.51686,259.96524
1345,996.16242,638.32126
1346,648.74011,49.80780
1347,781.18147,19.58340
1348,832.64205,-93.36753
1349,1123.48641,601.55847
1350,429.99379,31.07694
1351,971.03991,490.83250
1352,887.76502,184.50957
1353,845.41406,-17.46420
1354,850.26558,66.61005
1355,932.55497,162.90952
1356,874.12748,114.32899
1357,899.74693,2.80017
1358,809.60202,62.76293
1359,984.51564,490.54193
1360,847.81815,-145.65298
1361,987.06895,537.59748
1362,838.52501,-82.58417
1363,875.43619,39.77522
1364,870.26197,-67.17322
1365,867.78339,117.23370
1366,1184.73050,605.58537
1367,933.80429,358.89494
1368,246.79248,53.77246
1369,565.96213,600.23814
1370,383.29911,48.45016
1371,256.80033,34.07856
1372,852.54852,2.08773
1373,808.59481,436.88726
1374,1059.24101,274.91461
1375,952.04347,309.80616
1376,985.33759,509.08803
1377,1118.69154,415.85006
1378,854.13796,-25.00594
1379,995.59841,475.07987
1380,303.09743,42.88415
1381,928.61560,274.42038
1382,823.58037,-22.57438
1383,516.00639,33.21767
1384,947.33166,475.53943
1385,848.84455,-37.66316
1386,871.07678,72.42921
1387,836.14684,-98.20584
1388,947.85376,416.71778
1389,506.26275,27.86267
1390,404.99224,54.96175
1391,874.19380,-42.84779
1392,914.04185,204.23777
1393,1112.46372,534.28392
1394,755.14540,14.89230
1395,907.13017,272.74548
1396,876.88085,16.91555
1397,911.78046,261.44355
1398,998.68671,617.37258
1399,958.38461,367.25850
1400,962.49861,521.82545
1401,393.09090,30.80151
1402,548.48099,31.39437
1403,870.34696,138.49739
1404,868.74006,-60.80439
1405,928.25483,376.89717
1406,829.42521,-61.33354
1407,494.01213,26.41445
1408,886.22008,78.44533
1409,966.89796,546.13162
1410,978.88415,578.04499
1411,962.35652,435.04558
1412,963.15376,478.69518
1413,291.19125,50.26784
1414,836.23346,-39.17445
1415,874.88897,36.37180
1416,896.47750,221.28855
1417,949.07575,332.75121
1418,877.26532,201.06044
1419,859.47904,0.36629
1420,1174.34832,597.37869
1421,888.48789,114.20001
1422,978.31015,452.87224
1423,874.03964,23.97966
1424,227.53498,48.20779
1425,1060.20680,374.44370
1426,992.76347,571.32911
1427,866.59348,-2.27469
1428,510.04859,31.34943
1429,483.90227,54.91441
1430,989.40154,263.39660
1431,910.02576,265.26602
1432,867.30858,68.80144
1433,826.49757,69.06137
1434,957.00289,110.39744
1435,971.80726,493.90120
1436,977.65505,423.36684
1437,234.56348,40.46790
1438,926.29841,302.21029
1439,591.38779,47.26226
1440,909.54114,240.41643
1441,861.96559,-90.68837
1442,614.94318,40.60969
1443,915.91439,280.05563
1444,964.04190,530.36074
1445,882.20197,220.18876
1446,799.19286,8.50747
1447,984.69947,551.11778
1448,932.27582,358.54459
1449,963.16134,459.06218
1450,875.07236,58.07921
1451,982.43411,443.60418
1452,866.77438,96.03028
1453,964.06732,424.37948
1454,281.12912,41.54139
1455,951.64415,249.10345
1456,873.72521,40.67436
1457,988.39558,550.28638
1458,925.73057,265.80940
1459,874.40062,98.23054
1460,910.66992,209.75154
1461,800.37694,434.40232
1462,1183.41331,608.62620
1463,799.02229,-12.58142
1464,811.74322,436.57388
1465,874.23778,7.43978
1466,989.72931,582.38205
1467,864.72107,-90.28524
1468,897.04343,124.56986
1469,870.73555,-81.07374
1470,970.78723,458.84835
1471,972.01841,384.67412
1472,984.63082,587.68132
1473,936.18955,315.02810
1474,791.27690,-5.38908
1475,1146.19115,582.59601
1476,868.76574,-100.15063
1477,553.99959,620.22557
1478,872.41221,-40.73651
1479,986.16582,585.60046
1480,966.21840,481.84789
1481,968.88851,248.56880
1482,903.68088,234.81057
1483,962.14974,343.99259
1484,873.42347,42.23062
1485,874.88737,144.91754
1486,861.25876,-66.55288
1487,1043.79532,504.30228
1488,454.97016,29.19674
1489,531.74174,45.65218
1490,916.12290,260.04579
1491,1008.13306,518.23440
1492,963.92820,458.22461
1493,888.89446,184.92074
1494,947.73110,445.64030
1495,845.88401,-146.03420
1496,323.27396,46.11879
1497,316.86804,32.01691
1498,857.70234,92.08209
1499,927.97772,285.88689
1500,1104.84607,615.26699
1501,290.29215,41.08772
1502,568.95547,34.33281
1503,921.06009,310.59020
1504,957.43628,500.16201
1505,1269.67557,475.55512
1506,866.50920,-31.16815
1507,679.49633,38.99266
1508,981.61342,510.47552
1509,413.07881,37.22138
1510,647.23724,68.98462
1511,854.55471,-27.01081
1512,936.94543,75.87750
1513,978.92709,566.63334
1514,366.04462,30.70944
1515,976.94206,146.04739
1516,840.06275,-143.87101
1517,1004.51025,450.29438
1518,1020.92091,585.22743
1519,967.87401,542.56951
1520,830.10018,-108.27330
1521,823.35915,-61.86978
1522,781.90885,417.76327
1523,885.07207,171.40107
1524,831.38317,-7.31207
1525,920.91911,239.08324
1526,902.00266,36.80323
1527,777.68531,53.95509
1528,839.54682,-137.51405
1529,1085.46591,578.40600
1530,864.55833,294.94362
1531,870.08266,90.38224
1532,992.80742,194.26123
1533,1004.69815,36.98030
1534,292.99366,49.53260
1535,979.43664,316.75358
1536,965.31693,476.28487
1537,910.47659,224.71883
1538,1020.82709,564.44757
1539,600.93215,558.89538
1540,782.07028,436.04936
1541,875.42524,27.96631
1542,1027.43250,594.37449
1543,978.84776,97.41566
1544,796.20955,-9.20013
1545,963.77541,468.98623
1546,407.87627,30.23824
1547,475.15300,35.87830
1548,1066.62303,220.41130
1549,872.50125,74.85926
1550,614.28533,544.15862
1551,572.77806,591.03075
1552,889.52109,198.24096
1553,825.78168,113.36714
1554,924.52576,186.62449
1555,888.26556,190.75180
1556,979.07137,483.59165
1557,961.34050,457.62500
1558,859.33967,31.97107
1559,802.36188,16.29285
1560,436.22501,29.47020
1561,906.23976,239.00561
1562,997.56860,432.96453
1563,914.69468,297.66722
1564,278.03071,39.23058
1565,858.30163,-125.18862
1566,864.39744,23.55598
1567,869.51158,-83.55355
1568,849.38233,18.70799
1569,1014.79762,597.44787
1570,906.15778,24.50890
1571,1024.45686,610.53774
1572,887.40304,93.62624
1573,249.68757,39.96703
1574,508.36945,48.00659
1575,292.13912,41.24032
1576,862.98774,21.80899
1577,899.62371,216.46454
1578,874.73087,-60.15595
1579,860.74377,-70.06446
1580,878.83344,18.71234
1581,1080.35247,525.23054
1582,1141.71492,354.07600
1583,887.52674,49.51070
1584,964.63073,543.68894
1585,1032.33051,523.80590
1586,236.28319,55.89136
1587,1007.24690,577.34756
1588,814.22979,72.54239
1589,961.98585,531.11050
1590,961.09918,495.86185
1591,237.77477,48.42025
1592,847.90754,78.59111
1593,508.63662,67.78737
1594,893.83564,121.93532
1595,845.82512,-81.15429
1596,1006.46827,623.09146
1597,972.50533,380.70202
1598,515.13296,61.03940
1599,581.80946,525.40219
1600,965.47966,406.71331
1601,714.47250,31.01648
1602,793.32205,439.08838
1603,1110.43315,534.67124
1604,919.10071,324.36334
1605,913.35850,114.39247
1606,940.49052,106.61948
1607,872.80997,68.07454
1608,960.93347,347.88807
1609,605.46495,549.99997
1610,862.70366,78.95267
1611,1111.77962,610.51929
1612,864.36952,56.12507
1613,283.41419,51.25918
1614,875.55030,90.94858
1615,856.20579,-60.29399
1616,1005.99105,652.90408
1617,890.84414,53.08642
1618,984.87535,457.78854
1619,876.62719,2.64015
1620,996.17439,601.44434
1621,284.95948,45.64777
1622,998.83588,340.03272
1623,879.08822,15.60777
1624,863.81132,36.38705
1625,894.16184,264.34789
1626,1029.77777,656.76284
1627,866.91525,111.61878
1628,1037.19015,550.00312
1629,654.71802,51.12188
1630,424.56146,29.42066
1631,823.75402,69.60709
1632,879.77632,11.12036
1633,669.75086,37.31780
1634,821.02225,46.77246
1635,582.92783,35.71699
1636,864.66165,77.02770
1637,1034.31831,541.61422
1638,855.15556,60.18985
1639,575.13449,34.73952
1640,976.49182,459.73096
1641,1010.23984,612.60341
1642,986.27687,470.63469
1643,867.53142,39.22093
1644,574.48621,54.01642
1645,256.05703,41.04611
1646,812.24099,-24.03196
1647,872.66969,57.28006
1648,253.89345,56.61046
1649,414.22617,59.56008
1650,835.57965,-148.98751
1651,861.28456,30.65780
1652,885.19117,88.25793
1653,968.18877,526.99380
1654,1101.99901,327.47188
1655,581.74507,31.05105
1656,806.40134,-43.30112
1657,448.05279,33.34275
1658,955.95985,487.39796
1659,578.69829,578.21253
1660,853.93940,82.32266
1661,618.56426,541.31329
1662,436.62147,33.55484
1663,476.19251,43.60468
1664,936.26094,142.04062
1665,861.47476,106.20385
1666,819.01131,366.31454
1667,273.45717,38.06506
1668,436.36961,27.94927
1669,857.74887,-18.19076
1670,972.22686,470.81608
1671,230.30856,34.39744
1672,496.61746,66.59148
1673,222.22946,34.03116
1674,840.75614,-31.33370
1675,1024.94646,259.10372
1676,444.28310,37.88474
1677,244.83048,36.73747
1678,941.74939,436.24686
1679,996.22590,642.09624
1680,833.31482,-80.11197
1681,1049.62795,101.31847
1682,982.20401,462.08242
1683,227.12544,38.07782
1684,884.94413,70.19571
1685,998.54552,640.60131
1686,461.06143,41.92386
1687,863.86861,-47.69661
1688,1014.47192,487.00487
1689,663.42903,43.74424
1690,872.69539,65.15635
1691,807.90862,30.21229
1692,882.73960,91.06183
1693,937.78535,256.42678
1694,956.83338,280.06791
1695,1160.66948,574.35529
1696,858.93953,13.10524
1697,539.30949,59.28250
1698,551.23463,35.08196
1699,878.75272,59.25642
1700,874.11721,-12.64600
1701,787.41654,2.41115
1702,522.23154,35.83414
1703,689.79969,36.25253
1704,917.62713,242.94308
1705,851.60143,-18.82838
1706,876.96521,26.12059
1707,989.30558,531.05014
1708,535.01520,37.44558
1709,966.84409,513.11107
1710,493.48191,31.55027
1711,948.90402,462.12423
1712,1007.94399,617.62343
1713,853.88040,-14.83816
1714,909.56862,97.12219
1715,981.92264,433.39221
1716,1006.60372,484.86284
1717,969.37018,506.97386
1718,1014.85027,498.70647
1719,971.12354,499.27775
1720,873.96328,161.87215
1721,873.44311,69.90164
1722,961.56293,303.78131
1723,908.78711,237.07562
1724,999.73097,606.42369
1725,811.58786,69.64481
1726,872.09103,48.66169
1727,945.87726,144.38924
1728,938.95110,299.42107
1729,850.55821,127.50504
1730,920.41049,294.62928
1731,861.12660,-103.50296
1732,854.90773,12.16811
1733,877.58922,60.06666
1734,963.47197,456.51360
1735,840.22281,118.02272
1736,911.03328,235.88827
1737,1005.87777,593.60105
1738,952.72730,456.26274
1739,807.95709,-18.31437
1740,875.94486,153.23606
1741,260.97206,53.01179
1742,762.16509,26.57492
1743,984.93258,433.79129
1744,893.67126,185.91536
1745,994.59781,305.28200
1746,219.09192,42.61569
1747,550.90838,626.47591
1748,941.49487,508.60570
1749,860.51089,75.57807
1750,860.13739,-126.24512
1751,851.70793,27.70681
1752,717.77618,32.91449
1753,874.46552,-2.37133
1754,797.43383,10.54601
1755,947.02902,355.15095
1756,924.14962,361.84083
1757,796.16676,40.34496
1758,707.22681,71.91161
1759,808.85862,381.11431
1760,967.86128,410.57573
1761,865.59512,27.73215
1762,891.05108,143.91225
1763,1063.57837,538.35206
1764,889.25743,199.78656
1765,814.85705,55.89277
1766,775.39935,6.11120
1767,897.38988,237.51463
1768,847.17251,-83.62185
1769,909.26772,257.82160
1770,1082.20428,574.18792
1771,801.66528,62.36975
1772,832.49197,25.36937
1773,974.90553,467.29544
1774,952.66163,441.95004
1775,879.84946,122.89160
1776,904.21820,131.61071
1777,1023.26154,485.50704
1778,567.61701,54.57348
1779,1167.95880,426.83231
1780,921.69199,271.51251
1781,954.26715,117.23893
1782,991.20951,524.82821
1783,913.87429,436.53890
1784,876.02960,-34.15687
1785,1027.96578,577.18066
1786,911.49949,265.43430
1787,1067.15791,540.94135
1788,974.59150,546.35733
1789,1026.10936,608.81138
1790,834.42207,-37.43770
1791,861.94623,5.78520
1792,922.16701,200.22272
1793,844.41359,-26.78097
1794,864.27295,111.42364
1795,939.45662,312.24004
1796,863.56369,-1.28548
1797,922.56205,288.67751
1798,849.69417,8.56001
1799,795.55124,1.99488
1800,867.56822,-0.25122
1801,1115.04031,585.05130
1802,1128.58564,564.90461
1803,901.48850,195.10828
1804,963.13901,275.78127
1805,923.17907,337.56336
1806,912.28479,252.96978
1807,1069.00944,539.51072
1808,923.23579,251.65988
1809,608.73204,49.81944
1810,811.45777,-55.61436
1811,855.93574,75.89196
1812,218.55064,47.42083
1813,1007.34923,203.01890
1814,874.47410,72.26011
1815,869.88667,57.70763
1816,874.66340,-47.89995
1817,1126.92034,586.22448
1818,863.84186,-91.04769
1819,919.80171,317.90102
1820,1019.72528,572.16901
1821,989.51173,455.16233
1822,937.11142,372.54093
1823,895.35173,218.62442
1824,922.39378,274.94933
1825,923.55966,367.74897
1826,790.20437,16.99291
1827,843.61143,-110.40130
1828,989.75237,501.20454
1829,965.22445,194.26445
1830,906.46640,145.39484
1831,974.17991,553.63463
1832,836.30418,337.66325
1833,900.99586,77.46998
1834,913.15315,149.15084
1835,868.24088,-35.40979
1836,913.65027,245.89413
1837,1051.80018,617.24227
1838,893.83353,162.75034
1839,1070.95509,534.91190
1840,853.77216,-49.02233
1841,826.33240,-97.12443
1842,868.18022,-93.10843
1843,220.97019,42.39118
1844,952.11424,167.56494
1845,586.71873,35.06847
1846,1066.52389,594.17159
1847,943.30464,342.07062
1848,883.71273,179.16283
1849,1100.35054,600.08590
1850,956.22028,357.63492
1851,1031.74942,653.53372
1852,917.62264,257.19118
1853,932.60442,226.04390
1854,823.15497,-1.43727
1855,948.90426,448.30085
1856,967.41433,391.37789
1857,870.40454,14.73628
1858,895.50038,45.86475
1859,857.87165,-85.13221
1860,261.55802,42.33990
1861,967.32899,384.43001
1862,924.21088,295.81396
1863,255.49791,64.38368
1864,877.11136,-13.33202
1865,964.00353,347.33038
1866,832.29448,391.86468
1867,874.57697,-5.57354
1868,977.68259,448.36627
1869,1028.01732,623.84451
1870,829.64625,-31.64422
1871,942.43035,234.52424
1872,939.73140,387.51053
1873,859.91125,81.84084
1874,832.50052,-56.36691
1875,1026.67267,648.17262
1876,893.85454,25.08337
1877,868.04932,45.33672
1878,853.06774,-22.40541
1879,1138.83249,564.24225
1880,932.40153,250.83077
1881,849.39303,-7.66856
1882,997.57983,477.19127
1883,1051.21253,611.35622
1884,990.57661,598.80367
1885,919.43144,87.52351
1886,996.03318,593.38535
1887,939.84945,314.28829
1888,836.85194,-18.07537
1889,828.29299,-161.81355
1890,866.14011,-63.53976
1891,942.82029,237.46811
1892,1027.03075,172.94972
1893,968.31388,451.45441
1894,908.20614,222.78285
1895,1096.66006,622.91073
1896,961.64011,380.71147
1897,801.69356,-46.26982
1898,991.34008,466.13295
1899,689.52787,63.57913
1900,274.37158,53.02528
1901,827.42110,-141.61777
1902,873.53177,50.31635
1903,859.49124,57.83172
1904,1033.43956,640.20972
1905,954.74054,168.82468
1906,986.80427,581.92204
1907,771.84682,436.69394
1908,950.65568,212.41186
1909,491.27129,34.06722
1910,944.69394,430.31032
1911,821.03227,-38.51530
1912,991.37208,576.94899
1913,935.01276,286.80669
1914,985.64817,389.82232
1915,1117.47567,606.53945
1916,1088.89802,602.20412
1917,647.62411,38.24970
1918,1000.56308,609.73218
1919,942.19001,314.84971
1920,943.91963,364.30951
1921,952.54597,379.95610
1922,953.32320,243.88779
1923,994.42868,480.48553
1924,851.74945,29.70733
1925,560.52219,62.70691
1926,872.15530,-62.29935
1927,351.27631,31.98450
1928,1044.20884,645.90319
1929,1139.04391,584.29372
1930,991.24759,596.80979
1931,882.76224,110.80139
1932,870.04263,-29.90165
1933,947.57073,333.64201
1934,872.54016,96.49653
1935,864.44031,-87.46946
1936,846.15507,98.51631
1937,886.38278,45.79731
1938,869.70509,98.35309
1939,748.44153,26.39248
1940,281.76757,68.99314
1941,852.81400,72.08900
1942,1033.14226,549.98399
1943,873.29449,104.06511
1944,887.90203,168.69016
1945,878.58158,140.57406
1946,860.09379,-4.26572
1947,898.11659,175.73858
1948,820.86669,-81.00139
1949,919.24866,9.92214
1950,854.85383,27.04025
1951,1018.83676,601.21024
1952,978.94101,486.89358
1953,866.57493,-116.30274
1954,907.13794,262.76486
1955,1107.09540,614.73082
1956,839.12600,-22.35424
1957,554.21133,623.18628
1958,962.86691,487.85096
1959,914.69490,212.30551
1960,862.71259,83.10426
1961,863.57042,40.56434
1962,780.66967,38.88317
1963,957.71485,384.25675
1964,866.92260,-90.12018
1965,917.63810,327.17729
1966,839.61202,28.20880
1967,840.02415,-98.40572
1968,902.90871,104.14539
1969,885.95881,199.62086
1970,554.44529,617.76845
1971,891.69389,198.74525
1972,992.33961,457.11040
1973,579.90813,69.38385
1974,885.10393,148.49036
1975,854.23851,-65.40020
1976,438.36422,28.88646
1977,956.86130,323.93233
1978,1007.11435,392.32023
1979,888.02062,112.02701
1980,974.48407,483.46911
1981,825.54645,-20.08320
1982,893.25366,63.70854
1983,814.57541,395.28367
1984,980.69140,591.78151
1985,870.88988,-32.57660
1986,963.15712,504.30079
1987,1158.68405,572.46648
1988,651.96017,81.80379
1989,793.20893,67.13392
1990,864.09350,-112.78992
1991,967.44790,369.08604
1992,866.59762,79.83230
1993,1043.27625,567.90116
1994,936.72857,273.65492
1995,886.31486,153.19457
1996,860.38483,-123.39210
1997,886.94216,129.83118
1998,868.18945,-7.64752
1999,940.35010,353.46983
2000,981.98551,601.26630
2001,1015.93882,662.52157
2002,923.92616,285.74596
2003,817.06545,-26.25908
2004,787.71205,130.18317
2005,825.94059,-34.20710
2006,321.96949,40.07390
2007,923.58268,151.41606
2008,824.25678,-84.48994
2009,969.24136,487.09518
2010,888.02414,143.23719
2011,609.18603,544.02725
2012,987.97467,249.85401
2013,894.64300,401.16326
2014,969.52935,550.36589
2015,870.13916,-6.65915
2016,869.61938,-45.80481
2017,876.14781,13.25227
2018,866.63482,-44.52516
2019,1021.50637,542.22523
2020,991.13256,587.34246
2021,871.67203,21.94643
2022,866.55319,-21.67172
2023,876.21167,23.92930
2024,965.85538,451.35372
2025,1076.67302,636.67691
2026,571.57578,586.41744
2027,852.03381,-8.56636
2028,954.06364,410.80135
2029,820.53025,-21.94878
2030,870.33116,79.46531
2031,825.66157,-75.57153
2032,875.85126,-43.22950
2033,843.99603,-48.71166
2034,841.30265,-86.67131
2035,951.08751,99.43618
2036,1039.71885,598.59794
2037,974.29557,504.92813
2038,997.25107,501.55387
2039,979.41630,576.45205
2040,896.33064,107.49928
2041,872.79862,-46.72348
2042,879.84842,92.04721
2043,285.94516,33.20038
2044,872.57525,39.74466
2045,932.01814,160.13620
2046,1156.85661,569.83056
2047,946.73317,376.85301
2048,1012.38039,559.06406
2049,968.17018,419.61994
2050,926.81843,229.94139
2051,945.67707,393.56430
2052,951.31556,498.24305
2053,621.26708,544.56817
2054,880.21015,156.96466
2055,858.81309,18.21234
2056,873.65460,109.27969
2057,865.07115,49.84960
2058,1020.62629,576.09229
2059,938.13695,334.62301
2060,957.36078,308.83296
2061,978.54712,561.71591
2062,311.47390,35.57935
2063,809.35782,205.47243
2064,909.14450,92.22525
2065,1143.61331,578.12028
2066,782.45818,28.56006
2067,846.73848,74.31636
2068,854.13217,-119.49958
2069,933.06197,382.25235
2070,1052.63560,621.07641
2071,1016.22650,625.54423
2072,931.79741,344.48501
2073,445.29106,29.05054
2074,864.61509,-44.86895
2075,897.73119,204.50587
2076,948.94542,261.90135
2077,484.56683,71.61448
2078,883.80472,26.75601
2079,927.96940,363.55860
2080,855.13932,-62.11896
2081,819.18214,41.27363
2082,1014.40960,465.02768
2083,804.25459,79.90764
2084,839.38658,-11.77007
2085,552.28565,625.22658
2086,881.06769,124.41559
2087,964.10379,404.01584
2088,251.63204,54.66848
2089,1040.85111,644.85756
2090,988.52400,437.31300
2091,865.03512,-121.49416
2092,955.95943,396.57693
2093,877.33008,-48.12278
2094,878.81263,166.80833
2095,829.07180,-55.07623
2096,880.19991,-49.92808
2097,877.54193,10.80244
2098,970.05320,555.21841
2099,915.54190,117.44999
2100,953.97700,78.17159
2101,938.91157,295.11281
2102,1042.69002,612.92108
2103,873.47310,-35.07770
2104,1007.36615,597.40230
2105,853.82472,-133.42534
2106,871.26609,-22.16959
2107,905.90048,164.93514
2108,879.64563,108.49377
2109,238.94604,41.22496
2110,920.23777,304.42002
2111,853.04503,-90.27703
2112,865.16915,181.47441
2113,708.29287,46.95456
2114,849.86647,1.40475
2115,827.38640,45.03419
2116,835.70955,-78.92393
2117,952.94383,368.94759
2118,766.41571,29.25379
2119,866.06447,-28.27793
2120,1110.61196,562.34116
2121,1033.17391,649.28851
2122,1009.21126,556.28657
2123,939.49589,366.96212
2124,992.16511,611.40152
2125,891.26868,208.78744
2126,878.71148,66.35869
2127,1051.89152,481.32180
2128,1038.61679,546.19169
2129,866.49799,-54.01090
2130,892.70721,164.55222
2131,948.76349,371.55652
2132,919.60653,135.04142
2133,883.84576,134.53328
2134,471.94959,29.51989
2135,1081.28910,584.66118
2136,849.03819,-141.23294
2137,868.73615,-16.08882
2138,782.30578,37.44614
2139,949.53940,95.05155
2140,936.82743,473.12998
2141,962.94910,152.57735
2142,978.43724,598.71871
2143,999.55079,625.10325
2144,913.69961,209.33808
2145,246.40221,38.62980
2146,910.77867,268.38008
2147,843.41195,-87.83225
2148,823.97017,-149.78272
2149,810.94519,404.51288
2150,868.58736,3.44955
2151,960.51628,509.92627
2152,922.06670,283.47841
2153,945.67918,279.71463
2154,842.84350,-81.60346
2155,889.85327,120.60096
2156,975.15601,383.69795
2157,909.12118,249.03066
2158,846.96492,-142.62146
2159,862.12712,89.81232
2160,846.12053,-135.47034
2161,864.67858,17.06741
2162,808.06263,14.74413
2163,840.31555,-77.38790
2164,913.82479,261.46193
2165,1067.26448,639.86675
2166,935.31373,342.14835
2167,863.67180,-120.24266
2168,908.54332,214.52970
2169,956.86978,353.97995
2170,971.81565,524.90321
2171,970.75517,562.17131
2172,437.52132,37.84395
2173,962.24896,475.80740
2174,876.36977,111.40964
2175,965.52245,358.70928
2176,916.17762,275.08957
2177,808.95118,73.84571
2178,867.82758,-71.67223
2179,893.19645,117.40384
2180,870.43254,-35.70813
2181,295.33556,29.95870
2182,974.75280,566.41026
2183,819.78823,-5.57972
2184,1073.29074,620.30291
2185,975.91064,430.91660
2186,1093.63347,629.11950
2187,717.66757,111.08051
2188,955.76642,504.28087
2189,817.08745,0.49746
2190,975.75681,161.22611
2191,886.90403,199.66115
2192,820.10785,-58.37647
2193,871.55253,44.29794
2194,1149.45513,571.33440
2195,1024.74953,624.64194
2196,872.42371,-1.12770
2197,886.65137,186.53240
2198,880.51038,137.55312
2199,892.01360,111.20645
2200,999.74571,634.92439
2201,851.83605,233.51574
2202,840.52502,-71.97520
2203,930.28870,261.62133
2204,502.83906,34.27142
2205,867.78469,-48.81270
2206,879.34809,172.77692
2207,694.75878,471.63267
2208,918.28078,233.79566
2209,650.22671,517.82369
2210,269.19113,34.41146
2211,998.67285,498.94486
2212,954.08688,397.43976
2213,851.86531,-45.46568
2214,824.23531,-147.74548
2215,877.72394,-9.01160
2216,919.49653,201.88654
2217,983.03782,583.30053
2218,949.34810,284.82144
2219,1022.00199,622.74690
2220,868.87448,33.97161
2221,1043.05899,530.83086
2222,1006.66876,58.28284
2223,1016.85781,579.57264
2224,958.63517,510.53894
2225,868.87315,-50.60953
2226,898.15953,115.58510
2227,979.93451,550.62206
2228,881.37593,155.15151
2229,824.53744,-36.14311
2230,953.69194,348.29909
2231,910.40217,255.87303
2232,250.54864,50.05645
2233,530.14597,42.20382
2234,835.08116,-4.12743
2235,1182.59389,605.55877
2236,620.62980,538.32354
2237,979.35456,428.07719
2238,1052.30807,640.39320
2239,925.99423,123.02940
2240,992.02651,555.94317
2241,476.86602,64.80754
2242,926.94060,237.03344
2243,878.45111,131.45963
2244,791.49221,32.13525
2245,870.74718,-78.22058
2246,1139.29326,563.39383
2247,1067.20014,628.25679
2248,935.68280,233.54199
2249,922.41391,294.48140
2250,979.73926,559.67981
2251,892.35671,189.16306
2252,887.22537,101.03508
2253,837.91301,-43.15623
2254,1068.26585,619.53403
2255,549.00084,627.19673
2256,889.78937,90.29437
2257,822.19700,-64.63742
2258,1248.48710,451.80630
2259,905.68998,259.87859
2260,1071.26736,633.89111
2261,979.92825,512.01167
2262,865.98688,-74.07103
2263,1020.10540,553.07748
2264,468.00858,33.06980
2265,857.39056,-89.67761
2266,869.06903,-37.67935
2267,988.83606,570.97012
2268,933.29581,311.78783
2269,829.86783,-162.65673
2270,1039.88536,635.66641
2271,872.51719,-50.45469
2272,858.11519,4.27646
2273,861.57648,16.68541
2274,1009.79308,495.88152
2275,1086.16811,482.06460
2276,966.46812,526.52298
2277,915.59014,174.69863
2278,1026.36129,571.28357
2279,1002.97299,637.62050
2280,261.38549,55.19464
2281,964.00896,477.68706
2282,610.78267,542.26931
2283,858.68036,-93.89194
2284,820.72579,-98.93589
2285,893.54242,69.97152
2286,871.08013,19.49251
2287,836.14264,14.49815
2288,273.22209,43.63909
2289,954.79244,107.44304
2290,1126.55660,567.43611
2291,881.03943,144.19160
2292,965.14366,515.34612
2293,946.17355,389.93637
2294,974.59096,269.66865
2295,569.77996,595.03888
2296,860.53391,-46.13457
2297,883.21950,73.48760
2298,876.82841,139.73142
2299,225.47514,45.14224
2300,879.89306,97.35687
2301,1000.61490,603.27615
2302,298.40888,27.69135
2303,873.55742,0.27893
2304,956.01394,124.62351
2305,1074.54933,600.16985
2306,867.89637,65.25045
2307,1009.14176,575.74065
2308,769.12401,438.12112
2309,923.22453,454.18127
2310,859.17718,102.90798
2311,874.90273,123.07435
2312,980.07374,259.12850
2313,863.60969,-4.10708
2314,932.03224,314.35782
2315,1026.46416,593.39258
2316,830.15202,-147.16775
2317,994.17115,580.93340
2318,905.93098,264.81275
2319,860.90952,384.14304
2320,832.81899,-159.56547
2321,846.20058,-153.02907
2322,907.27090,6.11640
2323,892.49057,126.62961
2324,1025.92982,618.01759
2325,875.32752,118.59475
2326,861.50526,54.75331
2327,880.64219,70.50147
2328,295.95008,44.24950
2329,838.87272,52.26094
2330,921.82667,224.86479
2331,868.34398,-21.65792
2332,908.59010,246.64579
2333,974.97554,448.87891
2334,928.41425,358.34569
2335,929.39004,318.17487
2336,279.09063,32.35401
2337,933.16570,260.35127
2338,961.08056,484.29564
2339,980.66352,531.82459
2340,812.14888,440.18223
2341,972.44821,577.14625
2342,766.94790,441.59041
2343,841.25665,-100.23359
2344,236.02199,46.34116
2345,262.37905,48.67151
2346,1028.26487,530.14076
2347,994.03235,572.87875
2348,1023.07088,625.30748
2349,1000.86676,627.34932
2350,928.34780,325.02003
2351,912.67813,283.92887
2352,935.72309,445.38757
2353,859.67140,-27.73542
2354,991.20014,562.96828
2355,892.90988,119.24465
2356,854.59462,92.08456
2357,1016.77334,605.55995
2358,979.48943,582.58804
2359,1015.83984,536.88126
2360,897.58271,166.73018
2361,1015.92235,595.32216
2362,964.30565,465.73063
2363,842.26141,-9.16442
2364,849.20917,-89.24367
2365,859.29211,-20.82641
2366,942.76073,413.16782
2367,905.08949,17.87067
2368,841.63694,-111.95760
2369,868.43975,-4.70668
2370,872.57353,-7.95088
2371,929.48168,216.00575
2372,911.43380,218.45962
2373,1004.90958,557.89175
2374,877.35445,76.07579
2375,969.20231,530.07728
2376,920.36792,336.26776
2377,803.56881,-38.10610
2378,816.74873,-28.18135
2379,956.08989,303.25053
2380,813.37385,-55.42569
2381,972.88956,432.85996
2382,793.29458,-61.12097
2383,1102.77750,593.53051
2384,1027.20599,662.37847
2385,935.49683,290.87558
2386,871.97207,-71.67262
2387,847.96776,-114.96593
2388,997.52913,578.66809
2389,998.46669,551.26276
2390,983.57594,476.72408
2391,869.69575,184.99106
2392,867.03276,-108.08385
2393,875.91819,132.85445
2394,884.10244,86.10235
2395,1024.52505,178.30695
2396,495.49626,27.71829
2397,861.76672,-20.46728
2398,864.08171,-53.00752
2399,645.39314,40.34347
2400,250.21468,43.71020
2401,1017.90433,583.13148
2402,964.27038,436.37482
2403,868.13600,8.62897
2404,864.70018,42.74637
2405,883.23497,162.50954
2406,915.54536,226.29472
2407,976.59859,370.15944
2408,962.23930,384.26001
2409,963.99182,399.36891
2410,875.62585,88.99866
2411,959.89672,372.02782
2412,950.78195,271.82531
2413,869.94221,-72.71082
2414,907.84764,207.96067
2415,875.62073,104.33649
2416,875.17363,48.19525
2417,844.85430,-62.32793
2418,978.09231,569.05026
2419,828.02005,-89.63990
2420,945.33265,421.03443
2421,929.50594,184.98512
2422,890.85023,149.09803
2423,859.40551,-30.56580
2424,942.06505,241.95318
2425,779.43232,232.41366
2426,885.21179,141.28349
2427,811.32959,-88.89800
2428,965.61285,330.37846
2429,983.20430,541.11338
2430,873.81348,47.85223
2431,970.34207,453.72831
2432,951.23207,424.10126
2433,911.03120,100.34978
2434,977.12477,466.06883
2435,977.28975,582.54371
2436,836.13624,-133.75435
2437,845.91677,-128.79597
2438,939.13629,327.85782
2439,854.82028,-67.01713
2440,825.75185,-154.44887
2441,860.99944,21.03730
2442,960.35156,427.29517
2443,297.82746,31.80722
2444,969.71391,323.72044
2445,965.98470,172.25140
2446,1030.94345,516.64304
2447,883.33365,128.36474
2448,218.43619,45.27580
2449,1150.06357,575.04682
2450,1013.52114,563.07320
2451,905.06546,207.01478
2452,964.32582,291.64401
2453,863.63816,-34.06046
2454,285.81886,28.22230
2455,966.56208,474.11282
2456,1105.22755,618.16719
2457,1008.11558,311.89101
2458,833.51489,-95.61498
2459,902.38760,27.46648
2460,1001.67161,237.76430
2461,894.82542,152.30878
2462,959.98166,482.70697
2463,949.28968,345.43362
2464,1026.26460,589.85194
2465,918.64718,239.15204
2466,924.12934,300.88768
2467,889.16749,163.85827
2468,903.21200,245.80632
2469,952.88773,263.70385
2470,833.40292,-114.32809
2471,834.58916,-127.32766
2472,238.19340,44.19632
2473,823.45455,-4.80699
2474,936.39275,310.61000
2475,876.63624,109.73668
2476,897.05274,181.55180
2477,977.71667,292.16242
2478,928.32804,221.40884
2479,835.72956,-141.26866
2480,927.42960,308.53968
2481,871.14869,-24.78541
2482,979.95857,498.05087
2483,1030.78892,604.45709
2484,991.55611,547.86911
2485,996.32249,634.10717
2486,869.05339,-26.22176
2487,900.37341,45.10329
2488,921.56018,319.99276
2489,1026.11940,279.59606
2490,803.46784,424.02646
2491,927.18834,280.46582
2492,957.86991,412.77487
2493,1006.03334,573.00201
2494,840.83342,-84.29567
2495,985.02788,573.70876
2496,1019.95605,520.97556
2497,722.93337,103.24072
2498,877.27917,40.41865
2499,933.97509,362.53123
2500,1007.74392,572.76968
2501,918.66829,272.32762
2502,978.02551,553.71592
2503,910.89678,205.78035
2504,589.67848,565.65006
2505,897.98028,229.74568
2506,294.40626,33.58122
2507,935.98788,282.01389
2508,948.76784,143.54149
2509,867.58357,-65.80250
2510,1044.07440,653.24911
2511,481.21597,71.25071
2512,926.74336,359.15353
2513,986.75129,256.15157
2514,1022.12006,558.60447
2515,828.46748,-72.68207
2516,921.25441,210.96543
2517,899.88144,173.55686
2518,871.49969,-18.23827
2519,862.58569,-14.89190
2520,864.67838,2.39165
2521,915.55692,140.37055
2522,829.60390,-103.13252
2523,841.47011,-43.90473
2524,776.02624,440.43792
2525,989.37523,512.76628
2526,893.86964,211.56664
2527,921.87919,306.34443
2528,1019.23138,662.65673
2529,965.25450,522.97656
2530,877.68180,-11.01394
2531,875.75254,-8.48359
2532,940.89827,305.02420
2533,1007.16217,595.14221
2534,952.81178,433.45718
2535,1101.11136,605.64316
2536,1007.14092,650.69565
2537,928.57569,338.63786
2538,746.39246,457.37811
2539,252.10130,35.69493
2540,814.55594,-52.29950
2541,900.30587,95.71913
2542,974.91857,227.60939
2543,987.07693,595.50018
2544,1054.18134,584.16069
2545,923.28365,334.06778
2546,909.26067,269.75969
2547,1034.29403,652.96010
2548,924.28532,159.24330
2549,911.93799,289.15141
2550,1001.08187,647.71648
2551,993.13303,579.07324
2552,981.49291,436.42600
2553,995.24124,563.82045
2554,915.64990,242.96694
2555,907.50711,81.46361
2556,908.42965,44.06192
2557,968.97515,379.27552
2558,797.51374,438.61438
2559,852.59809,-5.78440
2560,944.88830,439.51671
2561,1089.48126,584.52690
2562,646.73584,73.88688
2563,1008.96807,215.06297
2564,871.60112,110.48503
2565,944.63127,337.18287
2566,973.72805,578.56090
2567,872.91022,-54.43579
2568,826.02878,-61.74527
2569,1026.12648,632.32943
2570,872.70686,-75.28850
2571,857.03974,-70.08954
2572,876.90802,114.09355
2573,977.70916,594.40516
2574,892.85669,134.39532
2575,1025.70114,644.49956
2576,970.94070,412.34642
2577,981.50339,548.90601
2578,869.35336,-20.14821
2579,836.63164,-152.78169
2580,965.73114,497.51891
2581,1070.67541,623.13330
2582,975.58731,525.40842
2583,1023.51684,567.42598
2584,1000.25334,529.17659
2585,952.33964,492.73803
2586,918.13114,267.17616
2587,932.82949,291.44075
2588,873.49239,31.35091
2589,926.30123,314.68190
2590,1104.85428,446.99766
2591,871.79100,-67.95940
2592,828.03785,-106.00353
2593,311.18595,32.44065
2594,887.48071,119.38210
2595,243.06100,61.06761
2596,932.87721,285.10065
2597,1020.56104,545.18836
2598,938.59548,258.95971
2599,876.70220,125.84814
2600,907.31492,65.96344
2601,829.37046,-85.43303
2602,868.85063,109.90304
2603,615.09168,44.37967
2604,1036.77743,589.57627
2605,883.01769,58.01916
2606,981.30270,575.57841
2607,838.78728,10.37664
2608,1024.50302,614.68441
2609,938.59633,415.86305
2610,867.14927,-109.82874
2611,1122.41421,591.23409
2612,905.99358,232.84725
2613,841.67183,4.75013
2614,944.51247,410.57396
2615,949.60890,330.18335
2616,959.51079,419.66374
2617,1005.71235,564.99732
2618,1009.92294,655.47839
2619,1027.24297,641.05981
2620,891.43109,182.14752
2621,855.50000,-99.60791
2622,272.09946,50.39768
2623,862.57378,-61.16334
2624,894.54142,91.94487
2625,960.33871,478.20970
2626,903.91447,248.87058
2627,1039.12681,558.27349
2628,996.60895,471.83417
2629,841.16057,82.75518
2630,950.06421,453.73326
2631,250.33355,38.10231
2632,583.39780,577.30842
2633,900.42184,223.20203
2634,870.45592,106.07514
2635,859.46233,-86.67690
2636,866.78611,63.89075
2637,1234.18793,478.98839
2638,963.76188,471.68178
2639,1046.21597,642.35755
2640,888.38878,107.20205
2641,861.76094,-65.67664
2642,953.99216,485.63402
2643,890.17979,154.05583
2644,954.33167,273.12612
2645,1003.19081,520.65681
2646,876.59620,92.57002
2647,859.99669,-130.38916
2648,816.41545,-21.91659
2649,239.79273,38.13189
2650,847.77155,29.26025
2651,960.83338,503.97356
2652,901.12056,233.52764
2653,992.20330,527.63641
2654,941.54275,300.43745
2655,1042.99324,628.89677
2656,655.44236,17.39041
2657,873.03866,117.28312
2658,1038.29237,657.01453
2659,974.73978,563.75157
2660,853.40327,-100.93740
2661,937.68009,246.47300
2662,831.42456,15.53306
2663,861.00477,-43.07090
2664,1026.61462,514.56040
2665,939.71552,330.27473
2666,829.10970,-95.34376
2667,956.94291,225.00697
2668,929.80982,222.54601
2669,661.28741,58.85498
2670,865.03508,-105.40551
2671,889.81526,172.03301
2672,1073.39427,611.49788
2673,1164.11163,302.70454
2674,278.05196,45.00721
2675,894.60753,111.86867
2676,969.08712,354.95239
2677,1185.30471,608.11875
2678,1009.11434,659.51005
2679,1038.24759,620.69524
2680,450.13605,68.37603
2681,988.59455,432.07257
2682,829.37489,-149.73716
2683,839.69538,-149.09060
2684,1052.30893,593.16579
2685,969.21495,363.68306
2686,948.87258,433.22732
2687,898.09213,209.40978
2688,525.53314,38.76904
2689,966.79354,337.88457
2690,1038.96337,592.11399
2691,909.88311,288.01959
2692,982.97008,512.34073
2693,552.14384,621.01341
2694,863.86362,-92.85379
2695,802.89080,126.59673
2696,870.04869,-13.29537
2697,866.45527,-23.18058
2698,900.15680,142.13812
2699,979.08847,425.16355
2700,863.93232,106.31110
2701,954.11180,407.62051
2702,975.25409,419.68409
2703,898.21752,217.97139
2704,548.98275,625.43381
2705,922.25185,206.43728
2706,768.55476,94.23342
2707,835.20388,27.33304
2708,854.92351,-130.96978
2709,951.85891,295.34648
2710,876.23172,35.97608
2711,917.72057,251.42990
2712,912.40103,177.00498
2713,943.97499,402.27818
2714,918.80118,279.90638
2715,852.14443,-85.39288
2716,919.42430,186.57245
2717,862.46201,-56.11732
2718,941.56315,415.04354
2719,961.22577,514.48948
2720,927.31799,311.90983
2721,978.40676,533.64975
2722,996.85483,459.08203
2723,905.05033,-2.88238
2724,998.38381,566.67607
2725,933.29726,305.50578
2726,1001.93889,585.44893
2727,879.05846,88.67301
2728,828.28321,-100.58049
2729,1072.75976,558.44542
2730,852.55137,-136.79592
2731,827.64014,47.15154
2732,1064.54761,80.65422
2733,956.85358,483.26147
2734,872.93057,-80.48692
2735,862.88470,-123.59286
2736,1042.68063,656.35345
2737,853.31561,-145.46447
2738,1130.58481,592.09520
2739,276.87954,48.94799
2740,878.41829,78.18379
2741,695.69249,40.62448
2742,872.55233,84.17045
2743,862.83515,-118.08553
2744,871.54025,87.06463
2745,879.04374,37.85626
2746,825.84209,17.91882
2747,595.54981,560.98473
2748,816.90180,432.36482
2749,1090.99205,568.35668
2750,1009.16574,581.51905
2751,1093.99505,527.20415
2752,836.10968,-65.74945
2753,856.28878,-105.98355
2754,814.38566,35.87093
2755,293.62927,45.78345
2756,940.36981,370.80709
2757,960.31370,528.96950
2758,869.22701,120.53422
2759,922.24303,257.32913
2760,961.81471,465.82456
2761,813.93141,-82.64370
2762,862.28227,-63.74950
2763,861.84981,-113.07908
2764,864.70411,-12.39595
2765,223.21538,44.13462
2766,305.34892,44.49040
2767,879.47761,110.63863
2768,977.57037,417.30095
2769,1038.34598,635.01626
2770,1030.58003,591.87608
2771,550.88192,623.99949
2772,1026.21670,562.23726
2773,1010.69582,388.45732
2774,860.35377,-135.40059
2775,843.98450,-96.12847
2776,1029.22485,614.61395
2777,959.05309,452.57281
2778,903.73757,128.30215
2779,992.93469,552.06678
2780,929.83809,330.56674
2781,948.69738,357.37802
2782,559.55782,609.86199
2783,495.05821,71.12407
2784,955.80583,448.55542
2785,563.00689,35.23848
2786,911.17247,110.80430
2787,1059.97216,606.60187
2788,902.55367,228.13980
2789,973.00408,519.35718
2790,949.80534,290.59137
2791,913.30188,276.18959
2792,867.44388,-55.57422
2793,889.20532,56.72780
2794,962.25452,519.71098
2795,819.64622,-54.47493
2796,896.20832,82.13908
2797,871.01257,-28.30042
2798,891.00184,-16.88679
2799,886.39933,116.34850
2800,1031.12844,548.69689
2801,931.46616,273.24192
2802,867.70283,-114.20874
2803,953.43365,462.70705
2804,996.22563,409.07554
2805,936.79989,344.59376
2806,966.77922,490.32893
2807,1081.31615,626.68872
2808,1027.59481,602.73400
2809,997.85158,541.42473
2810,1008.73116,567.49461
2811,854.79964,54.43435
2812,944.71878,351.45331
2813,862.55049,37.98950
2814,894.77456,154.71688
2815,968.32452,480.22043
2816,936.88872,352.10961
2817,458.14919,27.23327
2818,995.19567,489.90028
2819,915.08885,231.11485
2820,975.23221,536.06543
2821,842.20225,12.47067
2822,1099.17703,612.64972
2823,787.87663,47.83859
2824,1012.69085,570.96142
2825,1036.85930,653.35085
2826,938.91043,339.80113
2827,578.02956,585.88344
2828,816.38451,-73.12287
2829,828.59830,-87.37028
2830,556.78065,617.55663
2831,825.40384,23.81974
2832,992.68218,469.25934
2833,905.94928,135.03562
2834,873.88692,16.46270
2835,1025.94015,599.40604
2836,870.58695,-55.57320
2837,944.47389,339.23119
2838,867.73420,16.50218
2839,874.76020,11.11620
2840,868.45831,86.49116
2841,900.69676,101.60188
2842,952.84544,417.12989
2843,875.63233,136.18038
2844,876.57836,-17.47647
2845,966.28062,439.37364
2846,968.29555,494.33420
2847,964.73979,451.08286
2848,853.53347,88.10400
2849,832.49805,-153.08639
2850,874.06360,-20.05890
2851,1037.61849,612.86378
2852,567.73823,599.92021
2853,837.39630,-72.25420
2854,923.96248,351.56482
2855,963.75414,430.47490
2856,921.10362,300.67512
2857,795.84465,434.40399
2858,938.43505,374.73299
2859,231.14556,39.28446
2860,878.41671,62.80738
2861,1016.71813,615.79323
2862,1033.20368,624.49329
2863,1098.40331,598.75058
2864,947.03253,346.40845
2865,865.59618,-114.63702
2866,869.37288,10.57796
2867,962.65123,473.16151
2868,861.73774,-106.58444
2869,860.04230,-77.17843
2870,828.14140,-158.31260
2871,864.70429,-94.67037
2872,838.35162,383.20062
2873,910.17961,88.73079
2874,869.70720,-106.30480
2875,876.79579,143.58763
2876,1003.79381,612.58514
2877,1022.92285,590.85513
2878,958.43736,468.58701
2879,966.23053,542.15468
2880,1052.62711,96.02982
2881,1026.85992,568.62550
2882,868.96614,63.15333
2883,850.89903,32.24382
2884,994.20020,618.20896
2885,827.47010,-51.52118
2886,855.87502,7.65888
2887,901.89432,202.19642
2888,1016.47792,613.66334
2889,1009.24904,660.92062
2890,971.40603,464.55840
2891,963.64829,484.36755
2892,1000.82363,505.43485
2893,928.93861,127.17629
2894,804.59505,90.11742
2895,1016.20370,559.34614
2896,895.96106,26.72785
2897,1136.41239,584.17383
2898,891.71829,176.34205
2899,960.72357,346.01567
2900,940.57327,390.28624
2901,997.13396,535.44721
2902,870.37665,-48.76537
2903,964.38865,520.93775
2904,864.32419,104.17914
2905,899.92572,344.75174
2906,1015.09181,658.71572
2907,861.63592,-40.22026
2908,937.57804,249.10163
2909,861.76927,-71.42330
2910,874.39463,101.25370
2911,1046.40730,597.39370
2912,1032.01488,474.44406
2913,1035.77741,614.26455
2914,989.21951,490.81287
2915,960.26926,433.19273
2916,903.14661,35.04463
2917,874.30926,53.19097
2918,983.39614,559.70688
2919,829.44816,-156.06781
2920,936.30326,254.73427
2921,977.19435,252.45012
2922,871.32163,77.22299
2923,822.27371,-123.02724
2924,864.39453,14.56029
2925,971.84169,474.45342
2926,570.54936,587.53451
2927,848.47672,6.23571
2928,836.07825,32.47060
2929,833.76245,-104.73926
2930,920.05187,213.12415
2931,824.77355,-50.66177
2932,894.74178,67.84986
2933,863.86507,-31.17280
2934,942.67791,320.27140
2935,966.76448,455.14677
2936,965.24456,533.89178
2937,898.30566,188.23163
2938,850.58413,-99.57875
2939,875.20411,85.64123
2940,1028.31529,524.98731
2941,607.49147,73.66749
2942,825.69484,417.63456
2943,861.86107,11.60126
2944,884.31856,157.56133
2945,899.91514,241.54860
2946,913.62301,265.05307
2947,860.78357,53.18283
2948,971.34399,341.29144
2949,917.67516,365.20840
2950,554.67663,615.55963
2951,965.25211,249.88078
2952,836.62532,320.90432
2953,959.70238,331.87735
2954,884.03335,100.47592
2955,916.82293,308.99518
2956,929.14055,248.95553
2957,936.62423,279.21526
2958,981.35994,533.78304
2959,881.92887,121.13039
2960,839.73826,-3.82295
2961,974.51429,556.50062
2962,916.28683,257.03666
2963,866.20934,-25.41860
2964,449.15460,27.56808
2965,1042.14383,649.15297
2966,843.66491,-106.67077
2967,933.40244,297.90911
2968,1030.22316,632.50065
2969,956.08198,298.68243
