0,1083.94220,319.66579
1,410.82270,-16.71415
2,1305.85482,258.71084
3,1137.31030,276.13403
4,987.74233,337.08869
5,625.33080,146.72318
6,686.86152,214.86201
7,668.09617,128.22023
8,680.20448,184.32362
9,873.82512,423.66541
10,474.92011,77.53815
11,1271.40485,277.45106
12,1280.41116,264.30437
13,417.46993,-6.79901
14,606.25787,182.35163
15,693.13733,149.57978
16,581.87132,98.61416
17,785.00874,360.20044
18,488.04305,40.05818
19,1023.01201,325.22757
20,700.57038,251.95731
21,806.97391,486.81500
22,699.04186,375.62179
23,710.05030,236.29771
24,508.03243,334.71265
25,630.94494,245.13174
26,1185.58743,263.24076
27,411.61065,-21.04633
28,971.68283,335.04048
29,428.53676,182.08137
30,1225.24369,277.79860
31,561.79885,141.71707
32,415.89721,-18.48276
33,1278.35872,239.14379
34,561.26702,95.19423
35,421.73319,3.20326
36,428.07628,180.83904
37,694.50886,282.80579
38,368.89375,7.34189
39,1075.54763,324.33094
40,553.83318,143.02207
41,1099.89779,295.07041
42,867.30496,419.06292
43,508.35487,144.89491
44,1276.04147,269.13613
45,699.92740,184.43188
46,719.32124,271.93964
47,523.81577,121.17435
48,814.24208,316.70806
49,672.80444,172.32925
50,644.86641,128.79677
51,665.79743,205.67326
52,710.69551,220.74524
53,1143.17798,287.77131
54,980.44876,341.78742
55,492.17229,96.64955
56,552.85891,-103.43006
57,658.14474,129.95355
58,575.86776,88.86623
59,1246.33271,282.39113
60,831.95990,558.42405
61,603.55283,224.32906
62,673.18683,226.63711
63,649.59566,131.27443
64,541.51021,202.73941
65,644.73273,233.18284
66,686.98142,207.08516
67,657.08421,190.15495
68,703.74512,295.92101
69,1350.94589,234.89534
70,1219.63973,259.69186
71,466.70975,100.97795
72,744.96378,446.90055
73,1311.45148,253.47217
74,1278.06655,272.36567
75,344.85955,25.77160
76,389.47880,8.86740
77,421.10312,-10.73806
78,1090.74785,327.02355
79,671.15929,149.35671
80,776.15171,380.39372
81,553.07422,95.42693
82,703.94830,183.95020
83,580.88913,86.24595
84,961.49421,341.24274
85,1210.17956,254.79581
86,1348.23515,239.32054
87,1215.72528,278.04055
88,640.42289,226.18989
89,799.89243,476.55165
90,394.99417,-13.03683
91,522.30932,114.39578
92,332.31235,161.63518
93,1376.97573,242.10524
94,639.38844,217.89952
95,1018.25367,319.62625
96,696.95975,205.93169
97,439.21336,205.44105
98,439.51161,224.02123
99,697.12894,155.92792
100,746.93244,342.78662
101,1120.79760,281.34799
102,640.43960,246.51350
103,1116.49058,282.28451
104,1127.30787,278.97174
105,1284.73696,265.22798
106,729.43723,228.02361
107,691.20110,193.99763
108,787.42652,282.82366
109,359.08136,24.44353
110,347.26677,47.84127
111,759.32887,235.96593
112,531.71492,64.30524
113,441.82845,8.81765
114,1290.02506,233.70839
115,313.52901,49.61314
116,326.40164,33.56068
117,1269.85568,244.67583
118,586.82102,93.10522
119,572.36683,124.50560
120,784.40242,270.11442
121,1344.94758,221.48056
122,1208.61170,264.54578
123,824.36513,318.30567
124,1278.61563,243.76764
125,633.75340,232.55414
126,836.00161,362.43527
127,1114.14679,285.30315
128,1319.67630,228.45598
129,597.32311,102.26307
130,505.12913,46.50302
131,1263.30093,273.51714
132,1318.55942,267.10131
133,410.69471,-18.63909
134,683.72258,160.78270
135,1317.73980,269.77583
136,1356.14738,227.03835
137,1375.10274,228.56024
138,428.84633,200.98313
139,531.26471,270.00454
140,1250.03083,260.41099
141,808.07295,497.24745
142,573.05792,109.02472
143,514.14510,122.42738
144,1308.24803,270.51565
145,394.77977,79.12862
146,659.96601,132.69471
147,1366.74952,225.01716
148,597.85480,123.28852
149,1269.87125,273.19236
150,826.21139,315.07560
151,867.77175,442.46554
152,302.88107,27.66029
153,486.87403,174.08073
154,809.60571,391.89645
155,698.98751,228.68513
156,1173.30861,272.76726
157,499.93915,84.46785
158,626.05235,197.91193
159,566.75689,-11.41316
160,1320.79865,247.73809
161,630.73833,209.02624
162,1291.31596,244.69999
163,729.21519,239.49653
164,1089.23824,288.00256
165,691.29270,164.32511
166,1311.64877,224.13775
167,388.25492,-1.92890
168,829.56886,473.41426
169,463.64933,29.91921
170,780.17521,270.88050
171,812.57833,299.50507
172,569.02768,142.23866
173,549.70380,79.23095
174,684.57798,171.41370
175,619.74790,170.23258
176,396.97135,-14.78861
177,762.30164,239.85773
178,852.65543,419.06540
179,479.77923,48.25579
180,658.20496,165.35543
181,692.60559,275.36812
182,317.76203,28.94994
183,1320.55422,237.79694
184,570.32987,114.44673
185,511.61087,95.00141
186,1262.69770,244.84375
187,675.99298,207.49348
188,661.81791,211.05506
189,840.64358,463.13503
190,1331.43586,233.59190
191,705.08426,246.19517
192,690.61584,171.64448
193,596.41497,408.58709
194,700.25021,239.26999
195,603.61268,162.26873
196,643.99870,181.70127
197,1313.55271,226.60297
198,543.94194,114.29570
199,1081.89495,318.84157
200,574.99479,93.90644
201,478.95080,39.27371
202,646.79931,126.39815
203,590.24993,110.35400
204,1364.99661,228.09227
205,1144.01157,307.99492
206,698.43376,209.38389
207,1006.10810,335.74533
208,388.19289,0.27493
209,1186.82137,262.09290
210,545.70661,151.53781
211,680.06658,172.90286
212,1227.85253,280.15730
213,742.84200,239.28167
214,1244.32258,257.93320
215,413.89856,289.94434
216,458.12593,15.38866
217,663.23229,163.09965
218,882.90200,363.43329
219,707.19657,226.73508
220,815.47673,398.57063
221,1365.43882,222.65816
222,579.59806,133.24760
223,306.77849,57.03880
224,1265.08559,266.28951
225,662.48396,147.57498
226,799.97227,344.19799
227,1020.90013,332.78019
228,1344.20392,232.51782
229,818.76965,570.51818
230,656.36056,171.22920
231,328.05754,38.05286
232,551.46203,-53.63763
233,541.98448,256.98339
234,1158.59059,268.51372
235,747.71695,277.17842
236,296.23488,209.14171
237,317.53646,38.31325
238,1367.96320,253.82020
239,879.10862,374.44958
240,722.75200,326.66187
241,1279.15144,241.20115
242,675.56734,156.18091
243,802.00778,471.29272
244,1316.76212,258.55234
245,594.11173,117.60723
246,570.27175,129.27873
247,612.67074,265.96014
248,1311.60299,228.50352
249,557.07447,-86.22468
250,388.58345,67.71109
251,869.88091,413.37527
252,497.05662,83.64562
253,396.01319,-19.86362
254,703.43125,186.77872
255,769.46484,274.21313
256,666.33484,136.09186
257,1131.14991,323.94261
258,695.26489,229.91117
259,752.64599,413.91058
260,1302.62315,247.55833
261,244.75439,230.95489
262,753.42425,251.44271
263,664.83163,266.63908
264,812.09876,323.44730
265,715.92512,322.78720
266,1228.45239,284.50222
267,1163.87014,272.70241
268,663.76352,206.89551
269,304.59252,158.39723
270,1130.56627,305.32755
271,690.22793,288.40132
272,394.88140,-16.60777
273,717.15724,273.29672
274,432.59296,233.20598
275,839.60496,538.38039
276,715.18766,203.66577
277,670.79374,157.18760
278,1332.01821,228.92332
279,542.62985,63.72125
280,346.58586,45.24929
281,797.73986,510.75182
282,882.73197,343.00493
283,502.61548,164.61628
284,1187.29585,299.06739
285,822.83307,351.65688
286,614.34981,201.29545
287,613.42283,129.70226
288,1362.36311,257.30513
289,627.10845,360.73121
290,828.37137,333.29844
291,1288.34220,264.75247
292,635.64729,125.31196
293,818.87164,473.69038
294,1025.17092,329.67322
295,502.55481,148.00516
296,1329.17233,229.48110
297,228.43441,140.21660
298,794.71750,445.62664
299,646.14253,172.19255
300,756.36389,229.46499
301,599.06341,259.86368
302,556.42282,132.06197
303,521.06139,321.62377
304,406.79964,-8.73255
305,845.30314,444.52440
306,833.65094,432.92905
307,1266.02266,251.90772
308,710.97863,225.02614
309,691.81031,221.91961
310,797.10926,374.71877
311,655.53968,165.52683
312,809.06924,350.41891
313,1193.30040,262.19398
314,720.03607,321.42005
315,621.39813,157.09300
316,1373.86061,230.17247
317,839.39376,502.70671
318,822.96246,414.47977
319,633.04506,199.01575
320,1114.12438,323.14863
321,425.27985,3.95752
322,687.65903,162.56531
323,441.65346,203.96273
324,395.27315,-6.68591
325,666.93705,174.81129
326,361.93163,36.21373
327,463.02319,32.07724
328,554.63725,89.32724
329,1052.05034,294.86882
330,850.53450,369.17605
331,784.09969,285.08299
332,668.93252,207.96653
333,567.50186,98.90048
334,1271.50664,256.21338
335,710.06492,202.48163
336,1126.64228,314.94947
337,657.14146,141.43737
338,1084.36010,322.71589
339,650.64551,173.27790
340,1188.53174,268.94712
341,637.57549,169.50924
342,1100.34298,323.95340
343,497.96909,44.70826
344,672.10395,306.46433
345,771.45499,260.66489
346,1062.42155,316.59003
347,467.79948,126.95341
348,584.86451,132.43209
349,712.50804,292.82344
350,550.99729,110.14680
351,423.79372,34.47450
352,831.35864,374.20898
353,1223.69819,295.47069
354,700.97786,345.70162
355,1230.13333,250.27523
356,698.07979,268.54601
357,1283.76022,249.73351
358,504.14337,75.22341
359,1121.92461,278.99817
360,1280.57122,261.35052
361,614.32728,104.22965
362,863.21126,419.56760
363,1246.59028,275.16611
364,751.44936,416.24423
365,800.75851,315.76875
366,1321.56529,261.97986
367,549.73535,294.62062
368,493.28705,292.39344
369,1076.18102,330.85173
370,1015.56481,330.70060
371,515.97810,101.31465
372,1340.85971,238.00779
373,1111.31230,324.73439
374,1170.60467,309.75294
375,426.78313,85.03337
376,800.53751,295.24413
377,1052.50029,332.16135
378,551.06780,68.30078
379,433.34836,197.77024
380,728.58257,263.02686
381,829.60396,481.25050
382,646.88226,176.42693
383,1299.57307,265.14533
384,1303.45702,269.82357
385,1250.46665,276.34241
386,1218.30905,266.64210
387,667.81422,150.72356
388,1129.59592,279.11202
389,501.69804,40.55490
390,361.22613,29.25516
391,661.30723,150.34669
392,1283.91072,262.19073
393,429.76145,205.18849
394,1022.69087,328.63008
395,688.82036,226.87752
396,430.18228,182.05472
397,831.35115,307.45989
398,693.58909,218.55755
399,1293.84089,259.46831
400,573.75527,118.86093
401,463.73686,48.27786
402,617.18875,211.65100
403,681.03702,158.33442
404,576.54621,131.90553
405,1199.11410,258.30841
406,536.24315,116.06892
407,703.08907,386.96440
408,1190.81072,287.13817
409,1094.00505,317.98999
410,832.28526,409.50715
411,294.23464,24.45982
412,700.55591,173.37655
413,287.29449,21.67139
414,500.39133,142.86085
415,1336.29037,227.40983
416,1061.12296,314.42366
417,646.35034,135.96063
418,692.28237,229.01153
419,718.22658,357.96306
420,702.43023,170.51052
421,550.56729,-135.42488
422,386.29383,-16.93772
423,589.94260,114.46043
424,1323.65974,259.10949
425,600.83835,132.28733
426,486.82243,130.65462
427,583.95767,97.77666
428,1312.43756,265.31235
429,708.90332,309.27185
430,601.50987,96.28384
431,571.99044,122.52799
432,1111.76092,282.85265
433,662.32702,173.53151
434,760.86563,247.55059
435,647.49718,153.03716
436,730.93006,365.37613
437,817.83621,455.05540
438,492.37065,57.76322
439,819.46197,402.06001
440,480.22600,26.68200
441,409.16352,-22.28602
442,747.66846,315.79429
443,684.40907,246.28995
444,667.76197,147.01404
445,1313.41398,253.32192
446,1259.40038,273.37346
447,591.25304,167.80321
448,672.82923,209.95942
449,1075.01396,312.58178
450,403.33360,-25.68421
451,1345.98944,224.31845
452,538.09982,66.68273
453,815.56522,455.17714
454,550.18780,120.50431
455,828.99262,461.23629
456,1114.10802,281.13927
457,486.44538,28.87956
458,1304.50370,256.39472
459,700.64657,195.42444
460,707.42529,218.72827
461,478.47487,61.51010
462,778.66686,277.30483
463,458.77548,56.38190
464,703.03270,192.55535
465,443.67679,5.81347
466,704.01114,218.25435
467,1124.78916,306.78171
468,680.29829,180.17340
469,653.90113,236.61524
470,930.54473,346.57863
471,493.10690,134.57578
472,964.94688,337.91648
473,670.27351,183.96792
474,857.65839,404.07434
475,683.98006,153.52299
476,751.18903,398.65936
477,569.44836,144.13678
478,400.46362,-21.40269
479,686.18581,212.49766
480,1319.31196,253.52477
481,566.11344,104.97948
482,1245.01321,263.07362
483,793.26846,472.12899
484,723.99805,225.17212
485,1325.73669,239.26524
486,545.06881,119.03631
487,1241.05198,248.62131
488,1246.05899,246.32609
489,640.64725,185.83773
490,313.17408,34.51212
491,1190.19054,261.03132
492,1303.89772,262.64545
493,777.83562,541.15992
494,698.06156,195.47754
495,871.79269,343.34352
496,466.77777,69.85606
497,686.01350,152.61658
498,672.45682,295.68276
499,642.36209,155.77199
500,1333.39911,238.56516
501,802.51541,339.25816
502,287.58787,29.74181
503,741.21800,206.67915
504,1316.87065,246.69100
505,1033.49173,332.26411
506,465.77678,55.87018
507,475.23714,40.88448
508,415.03742,81.54530
509,582.85356,109.40506
510,671.74062,205.22292
511,857.59639,435.01022
512,1303.14949,252.81588
513,551.93616,-108.88399
514,389.07831,73.40545
515,654.45096,206.71741
516,473.99381,65.41308
517,627.50099,178.12742
518,718.13277,177.82200
519,1352.14468,220.41399
520,838.93625,428.63398
521,737.14253,228.34913
522,634.81567,157.31036
523,1308.88936,262.34629
524,1113.32548,320.28993
525,680.87237,354.73955
526,839.91864,472.53223
527,632.04152,289.01404
528,1261.39939,240.90746
529,1340.39768,229.07148
530,835.17838,435.36850
531,639.85099,126.73709
532,567.14205,129.88696
533,705.82516,328.72535
534,1304.93942,253.91078
535,603.80944,158.12536
536,514.90459,175.93001
537,655.42164,222.94746
538,584.65334,122.59637
539,1291.16404,235.88479
540,855.60370,451.74609
541,1195.24649,301.50178
542,648.29193,280.67173
543,529.28779,67.68833
544,1077.98269,322.47151
545,725.20770,216.80759
546,870.38559,332.77445
547,1245.23283,249.43269
548,1158.21689,314.70257
549,481.26330,65.29166
550,367.64485,-0.95128
551,1283.32069,268.46515
552,1287.55011,246.79319
553,629.82988,240.58895
554,568.61202,241.37942
555,503.34852,137.69287
556,685.38703,215.45939
557,541.84663,126.89156
558,675.40040,168.65705
559,574.92687,124.50899
560,1323.53018,271.31312
561,1204.62390,296.90158
562,655.86307,200.72002
563,933.53217,350.37940
564,384.43919,74.89728
565,794.61482,403.69083
566,1313.27893,258.36815
567,1164.76383,296.06070
568,415.45668,-15.94990
569,644.15910,238.00246
570,648.95574,216.46467
571,655.96132,144.62980
572,511.35909,62.42816
573,581.35222,286.16399
574,872.84761,454.36616
575,413.08024,-15.90229
576,624.01417,109.50154
577,402.83592,55.46898
578,1276.78985,241.60936
579,767.02716,297.21955
580,797.32814,293.00465
581,639.61492,259.68572
582,673.94764,136.46045
583,709.17661,247.77392
584,1061.08383,324.52629
585,394.91253,-7.59192
586,1108.58853,316.26769
587,401.51670,30.98012
588,308.75132,36.79670
589,626.82952,186.87105
590,646.72117,238.97670
591,683.09783,260.26687
592,571.99298,115.80620
593,428.32261,87.05672
594,688.39499,359.86731
595,803.32517,325.53305
596,1030.26536,318.58764
597,556.06084,136.58626
598,815.59136,447.76531
599,410.01509,-9.08777
600,1270.28105,261.15770
601,677.39192,256.08644
602,804.27917,380.35873
603,571.50647,139.95931
604,665.27034,175.19045
605,667.22696,160.08455
606,1212.92456,259.92916
607,645.01151,191.01492
608,450.56481,62.82173
609,708.93040,251.59654
610,561.09505,107.67835
611,566.78884,158.19352
612,1126.25394,280.73424
613,586.41000,270.01280
614,785.62735,539.05566
615,596.99846,130.61794
616,553.20263,157.14571
617,511.31100,89.53732
618,525.24615,102.57357
619,994.72899,330.16247
620,661.69168,160.12849
621,540.32588,116.67537
622,526.68350,78.58542
623,1067.62213,327.55975
624,1377.54003,227.58910
625,1298.80493,229.80583
626,1162.75174,284.28328
627,748.28051,330.44611
628,482.77886,69.71928
629,641.13033,160.12514
630,647.56233,181.00916
631,728.00862,218.54365
632,660.99551,135.14553
633,358.35708,113.25501
634,768.65120,261.15961
635,629.63722,159.33283
636,831.92502,425.17977
637,555.50269,124.33422
638,1282.78238,270.41227
639,675.76581,160.31455
640,657.69049,271.59846
641,538.97237,140.06854
642,693.20236,204.52668
643,1223.80065,253.85435
644,762.19171,453.66130
645,494.09780,39.88196
646,445.83362,226.45566
647,791.14674,398.01744
648,729.46902,246.52451
649,729.72960,236.44285
650,634.68419,134.34087
651,416.30245,-4.13007
652,643.18748,172.11992
653,832.58373,336.46118
654,684.44856,223.18232
655,643.26621,210.20838
656,499.55155,66.91805
657,352.69161,306.90406
658,622.36535,232.51220
659,651.09839,146.95475
660,394.87866,-10.06623
661,976.83932,349.65605
662,1178.52237,263.51009
663,609.57596,116.72493
664,709.53193,210.01818
665,391.52962,-9.92861
666,532.56644,74.31995
667,873.34694,416.51805
668,276.55690,141.63023
669,744.26115,299.24362
670,1277.54011,268.19821
671,341.81671,33.87842
672,474.22166,44.78272
673,729.71843,243.86971
674,696.33728,149.28413
675,404.78604,-25.64405
676,523.91615,53.22640
677,647.22548,358.50821
678,484.59348,38.54536
679,1074.08237,319.86022
680,660.22405,229.12733
681,1137.96177,315.68084
682,652.29511,143.73080
683,792.61130,283.52431
684,1286.90918,271.05093
685,652.22284,297.43893
686,565.13201,75.17168
687,795.62841,495.97022
688,424.83894,-9.90799
689,530.63230,131.16129
690,1141.38674,273.90025
691,523.10259,166.34235
692,711.56844,258.52015
693,655.94776,135.14436
694,285.60772,47.36266
695,1221.20924,253.36646
696,1270.98081,267.78440
697,836.82502,486.34014
698,691.04758,234.57854
699,1081.09852,322.17122
700,1273.00394,233.77794
701,543.84598,128.66743
702,538.63533,268.40350
703,460.95917,66.46820
704,848.73934,337.33043
705,1280.59805,271.68866
706,1364.86921,233.21234
707,665.60757,155.95065
708,461.00610,75.78418
709,711.46954,197.19527
710,552.00636,-134.89869
711,724.15480,389.06842
712,328.17013,35.95108
713,844.10453,478.08472
714,666.29893,188.82111
715,652.43738,129.59381
716,739.24920,267.35917
717,661.28024,140.53275
718,659.76852,141.39398
719,412.73162,70.84336
720,603.37183,155.02360
721,526.55487,148.09615
722,1296.42385,271.78996
723,1340.88584,241.30301
724,810.42412,319.83333
725,1011.40300,336.73619
726,834.83540,467.37542
727,861.85310,395.43162
728,578.07501,137.20550
729,523.33409,68.66241
730,806.59177,317.15134
731,1334.88393,229.55398
732,616.36936,106.88306
733,653.83868,141.03558
734,642.09905,177.64917
735,688.76179,307.15116
736,964.02476,359.73400
737,690.74970,189.97360
738,602.31075,136.56787
739,495.14277,41.22660
740,1307.14906,249.86876
741,792.23506,441.10996
742,1089.59148,321.43426
743,553.04482,187.92010
744,900.17276,361.69995
745,524.13485,136.48884
746,662.76740,222.34977
747,686.58128,156.86651
748,973.70663,354.85219
749,514.05902,155.91434
750,1150.69140,276.05169
751,561.38158,104.11379
752,1056.64605,324.98454
753,430.25392,190.90368
754,289.73293,23.30780
755,979.92694,349.91613
756,478.85977,137.96792
757,392.28687,-7.00912
758,659.96138,157.98168
759,1334.42846,231.93758
760,1292.04011,271.08608
761,641.92849,165.57999
762,719.64528,225.65278
763,728.18409,198.55002
764,408.96486,10.94759
765,849.35314,439.51575
766,519.84546,147.23947
767,667.26607,166.00510
768,583.22143,125.19884
769,643.94325,135.24668
770,581.04626,154.27824
771,1336.19475,237.04748
772,1312.44907,231.27231
773,620.89402,147.26088
774,683.24255,226.63460
775,617.03403,120.22846
776,887.05474,397.68100
777,534.00567,94.26903
778,1207.31711,260.35218
779,702.87721,178.85255
780,808.27410,582.60269
781,440.66060,2.52249
782,770.18895,434.85740
783,560.85074,124.34528
784,790.45363,494.25463
785,1379.55265,248.18495
786,621.85054,118.40544
787,1326.44418,257.36317
788,812.06909,314.17655
789,750.12555,240.50133
790,751.92246,258.88218
791,1293.11547,255.37938
792,371.99291,1.63617
793,1316.44876,237.12646
794,635.16456,164.17262
795,570.76237,125.35609
796,698.71186,168.51492
797,709.95207,321.91746
798,450.11388,251.52161
799,1374.30719,248.04069
800,365.46328,30.05219
801,1296.85682,235.52348
802,761.73696,276.72207
803,1242.13466,271.85172
804,1304.36780,235.47573
805,336.67385,29.09792
806,656.89250,127.64904
807,607.24041,119.72999
808,677.65816,137.52866
809,1242.00370,283.44797
810,1311.48370,268.17431
811,1285.65652,258.10391
812,448.42592,22.64936
813,381.67169,2.02954
814,902.86427,338.05067
815,669.07439,168.09161
816,1306.52724,268.64283
817,408.63205,-18.10105
818,1281.82195,238.10109
819,433.78543,195.75287
820,673.32454,235.60901
821,774.81614,480.40513
822,749.48972,415.10069
823,695.31599,224.22247
824,420.86340,-4.44140
825,737.11687,364.68718
826,659.88022,218.92410
827,661.36026,214.30084
828,699.41559,214.65612
829,1057.31404,330.60358
830,959.52473,346.80963
831,754.03102,277.26010
832,297.38918,40.22103
833,607.56035,228.50144
834,1362.61587,231.17196
835,732.23041,195.82282
836,654.03108,147.28896
837,798.31725,383.39857
838,676.78356,217.22397
839,837.07267,503.35050
840,1308.11275,263.96051
841,1303.46781,258.73639
842,562.97283,125.90080
843,674.21764,212.24209
844,675.47564,233.67124
845,643.13157,189.42063
846,1319.11947,240.01630
847,635.42090,165.44751
848,829.99868,563.15418
849,836.87111,365.21498
850,657.56611,160.75972
851,670.49424,144.03526
852,763.60972,283.98095
853,1299.24686,237.84373
854,740.43046,365.32941
855,1266.96350,265.11480
856,1162.68791,309.59801
857,494.50246,37.74219
858,669.90091,274.56020
859,462.53239,37.20792
860,1285.67171,260.75005
861,777.94315,267.73221
862,1297.11702,264.54791
863,742.57328,234.60779
864,654.49580,142.34358
865,561.43094,147.78481
866,698.46976,372.45915
867,668.34521,196.58520
868,599.84545,156.37990
869,428.52040,188.75246
870,350.63040,196.66494
871,1102.74275,291.13234
872,438.05287,21.03336
873,1247.30398,257.26719
874,993.57826,336.74541
875,734.88265,253.73393
876,666.92091,140.46281
877,474.95770,31.10675
878,668.54131,191.67133
879,588.13632,134.33267
880,577.20519,104.01577
881,712.69216,212.48046
882,700.49889,286.91171
883,600.60375,117.50937
884,308.29187,173.32899
885,839.00110,522.85530
886,688.30365,216.72345
887,462.09001,63.77598
888,1322.02481,255.52678
889,682.86638,224.78898
890,653.38686,186.41447
891,619.74170,144.69193
892,440.82030,218.34016
893,692.10108,207.95968
894,831.92101,482.64154
895,663.16428,155.34018
896,656.42611,250.11483
897,1280.71323,267.70827
898,598.81672,137.31482
899,444.49892,203.52120
900,493.31611,109.08466
901,640.22677,241.82234
902,520.60044,124.19780
903,444.15638,73.05354
904,807.09345,395.88668
905,606.54043,184.95783
906,662.19786,169.13107
907,596.65755,158.83459
908,533.04569,84.63032
909,479.18552,43.57280
910,826.99367,326.11014
911,1349.35332,230.25968
912,650.46614,148.90426
913,652.66672,166.93849
914,579.04170,95.68420
915,615.55055,153.27864
916,702.09646,228.80218
917,656.87671,175.40714
918,1057.02286,320.59192
919,679.59766,167.07153
920,555.05507,114.82979
921,1327.52237,222.41643
922,854.32873,328.06490
923,1315.19115,251.99560
924,641.51609,193.84995
925,728.38906,363.72768
926,626.09116,164.27517
927,750.55886,433.79744
928,767.22725,358.41618
929,1078.21261,328.95319
930,833.45494,486.45738
931,605.09874,115.57388
932,1177.79017,300.21004
933,1340.33604,227.14326
934,1315.42442,231.58846
935,1306.67704,237.06558
936,566.96346,95.26108
937,570.43147,238.00347
938,683.67822,204.53527
939,692.50142,162.34501
940,554.59199,101.33162
941,688.76309,168.58517
942,642.55065,151.78674
943,727.86673,265.71524
944,718.39345,295.78664
945,1101.64394,298.55350
946,590.63570,101.01816
947,800.77957,474.16547
948,1262.06121,238.51049
949,400.71925,-24.25525
950,539.61700,93.07962
951,729.91707,358.00433
952,679.89858,204.44138
953,1300.40356,257.28932
954,427.69202,77.18628
955,1210.08688,261.50354
956,1130.31694,276.08435
957,682.10264,177.15217
958,1110.83708,318.51165
959,478.72763,34.07838
960,740.70269,262.01294
961,506.01975,165.61433
962,1096.76727,321.62979
963,723.24566,277.46403
964,675.75247,151.69500
965,463.33783,67.48672
966,633.56441,177.82926
967,806.68313,453.94435
968,551.33172,136.25829
969,1168.70993,267.30230
970,748.71046,420.99716
971,705.92605,214.78435
972,777.61560,265.54775
973,1278.68237,274.19948
974,643.38994,161.43441
975,469.14037,21.78192
976,1103.45916,330.90860
977,907.86866,307.79800
978,378.47017,31.27123
979,1355.63904,228.94629
980,431.52745,-3.94255
981,818.41173,311.31296
982,735.24725,247.75915
983,757.25248,251.52919
984,708.36373,197.01402
985,803.38694,436.44321
986,1301.17211,227.43587
987,726.33105,283.73777
988,786.79720,421.49119
989,429.61305,15.87721
990,643.20219,185.75941
991,798.07581,442.77565
992,712.16118,249.44496
993,1335.58725,223.12474
994,550.46555,85.71552
995,379.26927,5.01262
996,557.90197,141.95402
997,273.66173,228.44599
998,811.24659,335.62063
999,1297.32752,257.76212
1000,271.44854,210.68841
1001,767.51252,258.50543
1002,594.01611,105.18127
1003,294.34218,22.93150
1004,453.79889,69.67657
1005,423.94330,59.78096
1006,806.71000,298.15566
1007,644.61133,176.52797
1008,1120.15637,320.92789
1009,841.01121,490.80121
1010,1081.25610,326.12050
1011,1103.73950,319.97053
1012,1253.07800,274.89192
1013,718.83792,217.00690
1014,935.17444,340.79274
1015,741.30571,213.25162
1016,399.42729,-13.03765
1017,1118.72550,282.81836
1018,1335.46519,242.62263
1019,722.27961,190.59754
1020,813.92564,305.83673
1021,638.79036,166.10864
1022,548.46932,69.40914
1023,631.50253,168.35139
1024,690.37593,211.29604
1025,958.12455,308.02217
1026,1329.35964,256.62152
1027,1135.35482,318.37881
1028,1373.17603,250.68746
1029,1086.41196,314.42405
1030,1364.50184,236.14962
1031,1084.93338,320.99966
1032,693.32650,262.13844
1033,589.16005,146.41575
1034,1288.54937,231.34096
1035,444.66137,223.71686
1036,711.30500,185.15804
1037,655.54113,137.97374
1038,218.87955,191.92565
1039,635.98196,180.52597
1040,1243.86241,243.02125
1041,715.14429,230.33093
1042,646.94288,167.99946
1043,818.15893,462.52206
1044,614.34737,118.00031
1045,840.91907,423.43069
1046,829.29113,485.47488
1047,1103.61391,326.10390
1048,434.71863,84.19015
1049,805.76492,444.62320
1050,708.66164,190.86916
1051,691.23165,155.53773
1052,1254.52921,262.21254
1053,723.41973,386.09492
1054,678.55099,193.21068
1055,489.00414,53.27379
1056,798.42280,321.10993
1057,1337.22944,235.15511
1058,626.76933,145.11208
1059,644.90687,145.19796
1060,563.29641,129.44285
1061,742.67703,243.68061
1062,703.07457,236.16851
1063,773.21876,257.22490
1064,418.97944,-14.71137
1065,722.31783,262.32850
1066,487.91314,66.43037
1067,702.56720,180.61730
1068,416.25629,44.25972
1069,628.15907,155.45637
1070,497.98690,47.94970
1071,704.55066,196.92099
1072,625.07140,181.13040
1073,599.63754,144.92182
1074,635.61377,160.39474
1075,1097.63373,263.68888
1076,906.13685,346.55980
1077,1125.40931,322.25001
1078,470.98211,85.15405
1079,465.78409,46.33025
1080,458.10292,129.69367
1081,835.47206,378.26007
1082,802.89109,287.74028
1083,519.56783,295.88316
1084,561.42599,113.36088
1085,544.91097,196.19368
1086,622.78300,204.91577
1087,1302.86394,228.30078
1088,714.95319,228.45815
1089,588.00907,152.34742
1090,1033.81850,325.40048
1091,815.37581,374.81224
1092,255.36267,68.71644
1093,674.99800,274.07255
1094,1104.13755,323.54506
1095,412.04053,106.34767
1096,393.39229,99.38378
1097,699.95437,236.51808
1098,540.70007,72.01224
1099,682.98018,174.56570
1100,1308.31744,267.66786
1101,744.88680,285.69633
1102,435.15187,216.78736
1103,838.33150,477.35759
1104,1276.69633,253.40260
1105,801.50174,304.43145
1106,1327.36770,234.51092
1107,1014.44131,337.86721
1108,1013.15834,329.08224
1109,801.39548,500.00979
1110,687.09094,234.25981
1111,1107.63112,288.03405
1112,1255.44888,246.22320
1113,593.55769,92.83756
1114,800.84018,310.52578
1115,359.06367,19.65871
1116,1274.02318,238.76444
1117,791.74904,332.73645
1118,469.37639,145.60886
1119,703.69475,249.32067
1120,775.96798,533.10441
1121,704.08876,229.78152
1122,704.21484,290.58358
1123,1115.00824,314.79045
1124,718.26224,230.06169
1125,1306.04898,261.39234
1126,398.36364,-9.82183
1127,411.48373,-23.77661
1128,379.35640,19.05327
1129,772.23060,399.15110
1130,316.37674,278.12678
1131,378.96995,57.27455
1132,674.22644,194.46697
1133,510.69041,79.84773
1134,573.09647,134.46941
1135,672.66683,222.20433
1136,675.78834,209.44955
1137,1314.92884,260.65291
1138,610.93965,140.34619
1139,665.80387,180.75459
1140,468.95555,29.02720
1141,835.87902,440.20712
1142,1200.37669,278.82241
1143,1131.20911,320.59558
1144,809.71820,480.51462
1145,661.43805,145.02353
1146,1312.62658,237.27232
1147,739.39158,230.72949
1148,469.85392,58.07495
1149,323.75074,40.66973
1150,855.08130,373.57490
1151,648.22121,204.87776
1152,661.95199,232.85147
1153,627.40974,169.50607
1154,667.78967,180.59591
1155,407.36391,-20.23932
1156,716.13379,242.92132
1157,603.76105,117.89362
1158,988.21283,340.06590
1159,1120.35231,316.64979
1160,503.43172,228.49775
1161,1198.30357,265.43238
1162,615.93838,167.07674
1163,493.87042,118.09548
1164,505.97419,51.55347
1165,632.81713,130.55005
1166,983.23938,337.44746
1167,852.06525,376.55339
1168,395.58604,1.01068
1169,1217.36277,258.46021
1170,671.38076,188.51453
1171,446.40382,21.00318
1172,1350.13373,227.23471
1173,468.54638,117.18835
1174,1353.92376,237.39425
1175,1382.97619,244.80017
1176,1291.71014,263.56450
1177,1341.87865,256.98629
1178,1279.15231,236.70461
1179,487.71514,63.79628
1180,1070.97900,322.57432
1181,618.20120,140.71284
1182,664.29182,199.23862
1183,702.08625,155.82707
1184,715.42239,372.97138
1185,703.03746,165.52162
1186,398.27329,-23.76241
1187,1317.22510,227.98381
1188,810.07922,395.31019
1189,508.95527,46.11717
1190,383.17235,6.15851
1191,641.81086,200.17257
1192,664.14256,221.14962
1193,687.37068,146.40162
1194,756.24884,232.29470
1195,1343.27064,242.58144
1196,576.12017,113.44125
1197,532.23834,136.80084
1198,502.67726,60.40380
1199,659.85416,212.54023
1200,838.87740,500.00216
1201,681.05159,144.83227
1202,883.75281,425.52761
1203,418.06453,-19.68213
1204,1095.76428,310.64581
1205,468.42561,194.13960
1206,640.99317,218.18222
1207,624.63248,188.26617
1208,620.69518,181.50589
1209,672.48914,158.09389
1210,636.67334,120.40532
1211,814.84589,493.82995
1212,671.37267,471.84788
1213,648.97623,517.88379
1214,673.51318,574.72506
1215,411.23144,375.44488
1216,268.18184,296.01243
1217,287.69955,283.54875
1218,355.36199,342.19580
1219,540.94992,482.82792
1220,860.03665,358.65158
1221,654.46531,459.18483
1222,680.63771,604.38667
1223,409.04655,344.91547
1224,1342.79928,226.77641
1225,413.41583,375.40116
1226,680.81799,530.42930
1227,676.27206,519.50316
1228,484.86574,421.13661
1229,298.55271,271.36064
1230,197.67490,160.18808
1231,789.68609,466.50156
1232,946.18476,371.68048
1233,767.49269,623.37961
1234,424.66318,352.79513
1235,783.16631,580.95174
1236,297.91753,317.41083
1237,482.38157,351.87270
1238,956.95640,363.47755
1239,678.13541,604.05349
1240,683.06999,508.00508
1241,455.11793,354.61963
1242,556.55222,292.43927
1243,942.86542,371.43574
1244,230.20253,129.07906
1245,768.24283,572.64227
1246,784.67964,627.58164
1247,891.34060,384.39772
1248,640.80537,511.09958
1249,694.65224,505.32818
1250,729.77898,593.03351
1251,301.59859,247.44067
1252,659.38960,559.60510
1253,723.68802,548.77789
1254,511.36103,337.70152
1255,1068.01910,330.67696
1256,1192.65827,300.86446
1257,807.95955,613.73470
1258,508.15007,405.50121
1259,511.97220,410.14644
1260,671.55827,540.07640
1261,1374.58887,238.88068
1262,766.38490,514.07834
1263,535.54796,407.40315
1264,230.76933,245.98870
1265,511.96598,384.78013
1266,187.27529,255.49688
1267,279.56944,210.03013
1268,693.77955,455.06407
1269,851.34400,424.68372
1270,805.19608,466.97052
1271,797.84743,487.43576
1272,810.80845,451.64476
1273,347.33678,336.01899
1274,217.43774,215.02911
1275,969.72456,342.07551
1276,376.62162,294.11338
1277,1298.02342,268.35776
1278,788.65328,615.07804
1279,336.90845,329.39097
1280,1060.67926,332.15599
1281,553.35884,-120.07594
1282,190.36918,108.89608
1283,650.86471,389.11959
1284,676.63087,530.35535
1285,544.62407,285.77164
1286,413.61034,370.40041
1287,306.79772,282.23192
1288,700.69348,457.50980
1289,148.54590,177.43797
1290,1150.22656,321.39001
1291,955.98133,369.54102
1292,886.41626,390.20782
1293,652.90576,555.60498
1294,718.56883,552.39175
1295,414.68877,328.90682
1296,497.33498,374.52306
1297,719.46122,622.51444
1298,898.29997,377.97063
1299,356.20869,357.21789
1300,288.12690,301.10456
1301,555.30710,461.80145
1302,810.72238,445.69841
1303,890.86160,389.44697
1304,582.50000,163.35363
1305,551.75292,-133.41536
1306,333.93416,305.72015
1307,821.70429,491.41905
1308,242.30842,295.16564
1309,1288.24502,283.73803
1310,324.11467,287.31439
1311,252.12466,280.67983
1312,999.49709,352.88573
1313,628.47997,448.03151
1314,602.17004,388.60940
1315,739.96216,423.12045
1316,785.14590,592.30859
1317,338.74682,272.02904
1318,563.68112,256.28284
1319,783.45788,559.57306
1320,239.56270,279.42798
1321,680.50150,589.48884
1322,795.70952,589.79084
1323,668.75510,467.62838
1324,577.90741,456.72434
1325,1182.43163,296.90035
1326,213.34980,238.65272
1327,782.64169,294.21307
1328,667.17083,465.56685
1329,784.99064,606.41468
1330,1342.41981,250.98376
1331,288.54094,322.82415
1332,794.46251,524.81136
1333,482.83394,349.87137
1334,1294.92547,266.95219
1335,225.55729,172.32112
1336,1010.11027,349.42008
1337,1077.95035,318.32957
1338,796.33763,444.23371
1339,465.31563,421.49306
1340,803.81164,616.01320
1341,434.77571,321.43937
1342,273.64642,313.12383
1343,695.97286,558.57751
1344,494.31493,361.50484
1345,133.96157,225.24914
1346,976.16512,333.32894
1347,833.74782,419.95140
1348,801.33031,564.59381
1349,226.48946,86.90686
1350,1181.02235,308.00849
1351,266.10946,295.88669
1352,543.41870,452.91250
1353,733.35048,541.51277
1354,756.14497,393.71800
1355,631.40686,227.27831
1356,596.52515,516.95280
1357,718.12963,494.58229
1358,761.52253,425.56411
1359,267.32655,282.17083
1360,790.34354,625.25249
1361,214.47968,254.86263
1362,774.85748,586.99220
1363,636.15218,572.16306
1364,718.84853,615.77217
1365,612.91058,489.75110
1366,285.97174,23.20118
1367,391.24924,366.11982
1368,1358.28228,234.28380
1369,553.12758,-107.36777
1370,1257.00588,276.55873
1371,1349.93011,258.52124
1372,709.84353,535.09777
1373,406.41072,207.22648
1374,528.56764,223.43236
1375,446.30584,351.59081
1376,271.04315,273.13975
1377,422.94285,62.97606
1378,718.47680,584.25863
1379,275.98423,253.09053
1380,1303.72577,265.56049
1381,471.03283,382.21257
1382,875.38087,406.62112
1383,1093.54415,330.62416
1384,271.66408,317.93859
1385,736.57213,555.88194
1386,656.79241,514.76534
1387,800.86401,567.11489
1388,362.55656,336.84441
1389,1101.05157,330.97994
1390,1205.22828,272.93354
1391,699.21504,598.50748
1392,535.95395,402.16712
1393,251.08843,139.07250
1394,874.43197,411.36182
1395,476.22599,416.35360
1396,660.51010,583.92273
1397,488.32519,392.61664
1398,141.99116,219.04396
1399,392.89944,349.45479
1400,235.54851,294.30865
1401,1217.39901,299.21569
1402,1051.10036,342.24518
1403,609.04671,456.49233
1404,720.02808,595.04384
1405,364.33995,334.27341
1406,769.74292,589.05695
1407,1065.85699,323.09800
1408,666.28067,472.95159
1409,205.85528,278.81276
1410,173.64403,255.50568
1411,333.63236,311.64094
1412,274.29152,306.28707
1413,1309.51691,254.67286
1414,796.80427,499.40856
1415,651.43188,549.88613
1416,499.76873,437.41190
1417,418.34418,351.67883
1418,569.05479,393.01275
1419,703.15262,553.51958
1420,291.02222,33.30492
1421,630.25600,464.47211
1422,309.20776,305.32666
1423,667.32745,586.47091
1424,1374.93185,232.92876
1425,403.13350,223.15225
1426,186.00656,245.03162
1427,681.86105,568.31525
1428,1096.72639,332.53592
1429,1119.42289,295.77149
1430,509.22197,325.63540
1431,470.04332,409.45738
1432,626.87175,532.06827
1433,745.84155,436.79110
1434,671.81354,373.19427
1435,260.47004,291.59772
1436,329.90994,297.85520
1437,1372.96293,243.92302
1438,457.82658,384.53134
1439,1013.47572,350.39716
1440,506.19080,413.14553
1441,750.47638,618.23939
1442,1004.90849,347.08011
1443,488.13295,409.34901
1444,228.58043,291.31621
1445,584.98457,376.23624
1446,785.46782,477.82973
1447,210.12732,262.31171
1448,387.77078,372.10559
1449,296.63431,296.22056
1450,644.98519,559.39878
1451,311.54339,295.12247
1452,637.29732,487.85646
1453,344.69190,323.26281
1454,1331.48618,259.43482
1455,516.75682,369.99468
1456,652.61246,564.50571
1457,206.54036,254.40343
1458,469.01562,393.02057
1459,639.72880,489.91330
1460,534.20520,415.60855
1461,413.80156,203.97849
1462,285.29105,21.94338
1463,827.02189,458.12824
1464,403.87545,210.90085
1465,663.62245,580.07205
1466,171.96349,244.94938
1467,733.82611,601.86810
1468,615.00155,466.64775
1469,722.39978,621.22555
1470,298.98836,301.89735
1471,378.26032,298.05451
1472,165.46341,244.23255
1473,452.49872,348.73303
1474,809.05207,459.67911
1475,269.33051,55.95793
1476,742.80732,618.96074
1477,552.73361,-126.50206
1478,696.00747,599.44300
1479,178.30901,249.13260
1480,273.22100,296.17221
1481,513.62007,342.18705
1482,496.57585,413.85430
1483,428.49050,326.16417
1484,659.86357,581.22613
1485,576.99021,497.47958
1486,738.42077,592.51669
1487,263.19297,214.41027
1488,1153.93490,319.06157
1489,1084.35973,309.60573
1490,499.70537,407.31367
1491,241.57461,240.67514
1492,293.18943,301.72901
1493,526.44335,458.42781
1494,301.22718,329.85851
1495,798.95836,617.05000
1496,1273.38711,272.52625
1497,1299.70176,276.50420
1498,622.59845,461.70422
1499,464.25652,385.38008
1500,182.20730,115.20802
1501,1314.44228,262.91835
1502,1054.02104,339.39616
1503,446.35176,357.29319
1504,265.89183,314.25311
1505,375.03278,-5.90609
1506,716.41354,558.24828
1507,937.66801,361.65590
1508,250.26595,283.64731
1509,1198.88174,298.29079
1510,974.40351,329.73870
1511,747.35895,536.54730
1512,709.56383,399.46692
1513,184.03271,258.84024
1514,1248.96945,292.63406
1515,651.75596,322.87890
1516,801.79267,604.92261
1517,308.60571,260.02443
1518,186.43958,211.14826
1519,215.89238,279.83025
1520,800.43293,571.08640
1521,779.54170,543.89110
1522,450.90339,198.10703
1523,569.64768,471.94409
1524,755.16926,510.63461
1525,508.22187,402.18141
1526,737.09864,434.26703
1527,848.69024,349.38571
1528,793.98750,613.52327
1529,202.26884,147.81420
1530,487.57185,340.63621
1531,637.07699,509.80050
1532,593.98409,320.78138
1533,765.47283,291.52164
1534,1312.56257,250.05793
1535,478.79523,308.90408
1536,288.37312,306.41657
1537,514.13876,411.88300
1538,206.17268,219.20247
1539,549.81079,-44.20255
1540,425.65582,191.07723
1541,652.97349,581.59213
1542,174.36892,201.98266
1543,663.91398,352.31466
1544,825.41324,454.24184
1545,284.70752,304.25410
1546,1197.93337,305.86119
1547,1138.28994,321.61896
1548,587.51760,220.18615
1549,617.84676,545.89870
1550,549.29088,-41.42013
1551,551.66200,-96.30888
1552,537.31040,450.61339
1553,690.86505,424.91453
1554,578.75965,415.04314
1555,522.52606,449.21032
1556,276.11537,282.41512
1557,312.38155,327.23548
1558,670.92945,570.31574
1559,792.49917,457.82198
1560,1165.16353,315.46165
1561,499.02622,420.28519
1562,338.12570,281.82961
1563,456.39257,395.43626
1564,1328.04331,259.56522
1565,760.11039,628.75457
1566,685.73071,530.41345
1567,725.98074,605.97464
1568,703.49835,550.18022
1569,162.24908,212.77295
1570,745.96277,433.76445
1571,157.15930,199.60506
1572,657.26663,465.61422
1573,1360.58650,246.57136
1574,1169.50546,294.36181
1575,1318.12088,262.47690
1576,705.76953,520.51009
1577,538.79506,431.41766
1578,686.21045,609.14267
1579,732.64709,580.06697
1580,679.30136,537.40443
1581,268.74274,167.42470
1582,440.55090,153.28554
1583,721.93637,437.93060
1584,207.81316,274.83072
1585,250.04784,208.78165
1586,1360.84751,225.06454
1587,179.36399,229.32349
1588,783.30720,400.93226
1589,217.87003,271.16908
1590,253.26173,300.40536
1591,1368.61220,233.83695
1592,681.36920,472.82058
1593,1121.92940,288.56620
1594,621.77059,441.19657
1595,780.21361,564.33644
1596,142.75524,210.55649
1597,386.72463,316.16856
1598,1086.22265,295.78423
1599,604.39749,-6.41446
1600,342.49508,319.49757
1601,907.68389,389.80378
1602,421.24863,191.14450
1603,272.53734,119.32658
1604,423.69647,387.67299
1605,654.45528,394.25057
1606,666.18267,418.29280
1607,692.08119,467.50572
1608,412.34919,337.62905
1609,549.23230,-38.46880
1610,651.97724,508.16182
1611,200.80360,101.74395
1612,668.01756,516.81749
1613,1326.15664,241.41054
1614,650.64563,484.43657
1615,737.07043,582.20246
1616,127.44567,214.91935
1617,725.87879,462.57706
1618,309.13767,290.97915
1619,668.81400,582.54495
1620,156.43258,232.91324
1621,1324.77878,252.61464
1622,429.57928,278.50797
1623,668.15528,548.19146
1624,665.76585,554.01252
1625,516.09536,374.34819
1626,118.36035,183.43869
1627,647.56930,468.46277
1628,207.62877,203.64752
1629,974.92955,335.60459
1630,1182.72496,311.90575
1631,750.00603,426.90226
1632,666.16470,590.05061
1633,918.78414,384.40383
1634,762.48543,442.31232
1635,1043.92481,333.90229
1636,632.35344,533.45886
1637,229.91674,211.19642
1638,660.28670,526.34642
1639,1042.47443,343.35842
1640,296.60085,289.11593
1641,148.22612,211.45770
1642,281.26528,285.87541
1643,670.17087,513.48627
1644,1042.31384,314.46370
1645,1352.49062,247.83175
1646,778.38441,521.96709
1647,632.78914,558.82175
1648,1352.22577,230.09347
1649,1186.37716,274.19526
1650,807.87196,602.42987
1651,672.97524,552.67001
1652,643.85359,468.58043
1653,223.85163,277.56775
1654,451.98568,196.17290
1655,1043.86010,337.37568
1656,812.18791,502.07659
1657,1157.97091,312.25018
1658,258.79986,305.13875
1659,554.38742,-79.69004
1660,657.42429,492.19111
1661,544.72845,-26.35524
1662,1169.75987,312.93469
1663,1105.57895,300.92696
1664,637.73299,381.09887
1665,698.78761,379.41491
1666,452.62401,251.42512
1667,1339.02917,255.76946
1668,1173.99170,315.58106
1669,717.16493,550.23244
1670,278.19300,291.35843
1671,1377.38320,247.47176
1672,1110.33580,284.29669
1673,1385.45003,242.62491
1674,779.13753,507.72647
1675,522.19836,276.40052
1676,1174.89775,304.32166
1677,1360.98260,251.52965
1678,340.30107,350.04885
1679,177.51280,223.42906
1680,783.70708,551.89026
1681,710.02171,265.31875
1682,287.69537,280.78192
1683,1378.68192,244.23383
1684,662.07846,475.92782
1685,135.05264,223.75401
1686,1168.01274,296.23317
1687,717.80449,579.19813
1688,269.90761,242.52963
1689,979.72226,338.44429
1690,711.53968,462.07612
1691,756.85516,473.15398
1692,667.41589,456.77618
1693,509.99834,363.36487
1694,487.50457,366.34302
1695,290.97641,36.38120
1696,708.40891,516.46055
1697,1065.22783,302.09321
1698,1063.66554,333.82799
1699,634.44087,546.43424
1700,695.53937,577.05516
1701,837.88893,439.74613
1702,1100.36582,317.19167
1703,928.76725,374.43358
1704,502.55315,403.14552
1705,720.93750,557.10661
1706,652.86674,570.70188
1707,228.82857,259.81492
1708,1071.37181,331.77519
1709,274.08657,286.70254
1710,1121.16073,325.91893
1711,282.64850,319.71061
1712,145.71476,216.26665
1713,790.03921,460.17696
1714,671.91908,440.44449
1715,319.03425,293.18893
1716,288.06330,264.79906
1717,252.03189,290.09836
1718,256.01795,249.30138
1719,256.88976,285.89788
1720,701.91751,336.21603
1721,670.28740,480.65529
1722,469.53500,347.77510
1723,513.28575,415.87932
1724,150.93783,225.71936
1725,760.94578,418.17974
1726,632.17465,566.05244
1727,617.77480,321.00818
1728,445.90804,366.27632
1729,683.02086,360.10982
1730,451.49752,397.47639
1731,745.84231,622.79830
1732,739.24827,496.31911
1733,668.17773,484.75863
1734,279.17623,299.95366
1735,680.17454,428.86449
1736,513.88845,420.59113
1737,162.35493,222.21318
1738,300.21882,322.00540
1739,811.90378,476.99490
1740,617.48880,456.09647
1741,1346.42072,238.08222
1742,868.33051,408.47290
1743,324.44158,278.46717
1744,560.68954,456.28788
1745,480.84613,324.70991
1746,1381.95010,237.28056
1747,552.53370,-131.63281
1748,233.59942,236.48091
1749,647.75682,505.82807
1750,763.88137,631.49850
1751,679.38534,534.25425
1752,903.56171,387.66420
1753,684.58420,592.62519
1754,817.88079,440.36607
1755,399.88765,353.16483
1756,392.26965,380.28671
1757,850.56663,402.24806
1758,848.27922,361.86108
1759,449.52318,223.95331
1760,364.68831,324.75117
1761,653.07144,566.12669
1762,605.94762,454.26995
1763,228.40978,179.85778
1764,573.69413,455.04270
1765,728.30742,471.09578
1766,850.92421,430.22290
1767,464.00748,427.61558
1768,751.73194,578.15597
1769,487.77099,406.36710
1770,204.99288,142.72587
1771,712.28893,351.92564
1772,778.51086,424.49621
1773,286.92554,295.87932
1774,309.58679,327.52350
1775,621.42471,448.05345
1776,638.39153,440.19933
1777,274.66906,247.68104
1778,1072.68580,300.99026
1779,402.04399,112.48048
1780,491.08138,387.00554
1781,646.59331,350.20517
1782,233.70897,263.58984
1783,332.88759,295.58701
1784,698.04927,608.66425
1785,192.20114,206.88054
1786,482.61752,409.20606
1787,237.54294,178.22956
1788,207.61426,264.10802
1789,156.32865,197.65601
1790,795.08564,487.65524
1791,680.58913,550.72533
1792,562.53389,382.92079
1793,796.67233,466.06829
1794,658.72171,460.21651
1795,442.47605,365.49470
1796,779.91029,450.70171
1797,478.87403,373.57481
1798,771.78021,461.18095
1799,831.49443,431.50835
1800,686.43629,561.70813
1801,231.38749,103.81814
1802,276.46075,57.08234
1803,560.08405,430.07085
1804,484.33189,338.64077
1805,412.49613,390.10270
1806,491.38711,408.37547
1807,257.06056,184.01659
1808,510.68163,395.29237
1809,1035.63220,319.45819
1810,804.65592,519.49445
1811,694.53403,452.23189
1812,1384.19995,233.39353
1813,578.30325,301.78065
1814,637.30244,524.43083
1815,646.32494,503.02485
1816,700.36644,608.40144
1817,238.98160,82.50038
1818,732.82354,602.55627
1819,429.91077,396.32877
1820,196.43416,214.15700
1821,311.75617,285.27061
1822,381.65294,364.86520
1823,532.34920,433.30605
1824,473.83178,392.08864
1825,386.70728,335.37649
1826,825.78722,437.84760
1827,784.87836,584.68511
1828,258.74949,271.99637
1829,566.08893,360.65196
1830,604.24624,423.42539
1831,201.90355,269.11721
1832,460.90089,264.82185
1833,686.19973,445.09611
1834,618.64933,430.89549
1835,724.56360,558.48465
1836,504.35087,409.11277
1837,158.34577,169.90253
1838,581.46758,455.79520
1839,240.33488,169.76548
1840,772.24934,536.56758
1841,828.47826,527.01653
1842,733.33840,623.96582
1843,1384.51876,236.87617
1844,599.70133,383.20054
1845,1034.95547,343.90280
1846,189.31485,160.35363
1847,410.17719,357.98180
1848,557.07756,448.48267
1849,194.98569,122.64007
1850,414.33344,345.14971
1851,123.13249,177.67149
1852,507.02927,403.83076
1853,552.05987,389.70892
1854,781.69626,476.01056
1855,302.36613,325.88921
1856,359.63647,318.26972
1857,709.89041,503.19608
1858,764.24586,376.36973
1859,777.41810,560.39245
1860,1347.59515,247.47060
1861,371.40271,319.72763
1862,450.77027,382.71730
1863,1333.95930,223.84386
1864,675.57397,592.86694
1865,393.74602,330.94734
1866,434.54670,224.70026
1867,680.50255,586.05123
1868,300.42647,293.85482
1869,145.48521,189.07987
1870,812.69344,462.78066
1871,530.14922,381.07550
1872,367.14427,355.45235
1873,694.18389,448.33694
1874,799.42838,524.05055
1875,136.21529,200.29732
1876,722.11938,485.52934
1877,678.32442,532.43017
1878,758.01109,524.38231
1879,288.22475,47.07432
1880,506.92635,375.67151
1881,812.67178,412.89529
1882,289.00768,267.57991
1883,165.42735,174.28524
1884,159.52821,238.21489
1885,684.44444,412.98216
1886,169.94969,231.22102
1887,431.19896,364.91857
1888,796.31189,457.83281
1889,823.83152,593.39167
1890,716.91191,612.00148
1891,519.44365,377.62759
1892,609.85652,291.80758
1893,300.22617,307.45932
1894,510.56887,420.76263
1895,175.29976,122.88047
1896,369.15962,329.90552
1897,806.91849,439.14592
1898,301.11567,283.92699
1899,1008.35097,309.28214
1900,1324.07478,235.30586
1901,829.98047,572.74544
1902,637.83180,558.78088
1903,670.79407,530.05583
1904,136.94407,192.64290
1905,609.81659,386.02766
1906,176.36149,245.91150
1907,429.45333,184.92629
1908,564.05520,396.17914
1909,1099.82661,326.94362
1910,314.60600,333.92463
1911,785.27473,518.50883
1912,180.18051,247.74168
1913,461.72247,377.64272
1914,385.48430,294.24270
1915,211.59111,94.01501
1916,185.81778,134.59181
1917,958.00468,365.93733
1918,156.36070,221.96081
1919,438.47695,353.54358
1920,397.49524,355.47073
1921,389.17309,324.47794
1922,514.76550,378.74433
1923,276.58128,271.26574
1924,754.30534,440.69986
1925,1069.58395,329.27030
1926,720.08223,601.46536
1927,1257.95823,288.13904
1928,130.75218,172.11666
1929,262.42483,59.35417
1930,163.60093,238.09723
1931,622.37282,472.73272
1932,700.23526,577.10386
1933,428.32557,351.68556
1934,632.10087,472.93879
1935,733.12805,612.15594
1936,716.53590,404.11044
1937,766.74899,381.00565
1938,687.51314,423.78973
1939,870.33330,405.15683
1940,1291.59356,230.81037
1941,706.20552,450.31820
1942,216.14593,206.30474
1943,627.22273,495.76422
1944,554.88853,472.58840
1945,571.80292,499.80518
1946,724.79098,515.54187
1947,570.86129,442.09683
1948,800.25314,557.51491
1949,766.44090,441.30996
1950,767.97660,433.32923
1951,170.68185,213.56423
1952,262.36872,284.84945
1953,747.43559,626.61630
1954,483.86773,417.68110
1955,180.66089,119.32045
1956,772.33060,494.76789
1957,550.20388,-126.86714
1958,266.19217,298.40493
1959,554.78485,406.72816
1960,655.19518,487.09483
1961,671.46363,547.92944
1962,798.39044,418.03177
1963,371.84758,338.06407
1964,738.09514,609.35434
1965,443.11953,402.92268
1966,773.23136,433.75493
1967,778.08145,595.17768
1968,651.32346,448.01571
1969,528.96099,428.81914
1970,551.49002,-125.31080
1971,532.64149,450.12375
1972,305.81806,289.86676
1973,1017.00157,340.61704
1974,627.15221,440.56962
1975,742.89805,569.32684
1976,1174.00070,313.73083
1977,435.33548,346.63519
1978,364.87412,269.91646
1979,648.42363,464.63257
1980,268.11963,289.99249
1981,784.50955,468.24363
1982,685.67331,451.93703
1983,441.93782,215.76584
1984,158.29022,247.60444
1985,711.12942,556.49967
1986,240.93716,288.73738
1987,294.49200,46.65770
1988,982.56977,345.73908
1989,783.24992,444.15560
1990,748.61279,627.41605
1991,392.80044,321.01852
1992,681.66312,447.35314
1993,196.87906,192.12301
1994,485.03904,378.18655
1995,589.26577,468.17769
1996,762.73872,628.87716
1997,623.78230,456.04140
1998,697.62756,553.32797
1999,414.65782,347.85271
2000,162.95187,239.93938
2001,116.00540,200.20425
2002,473.56064,379.71123
2003,803.04648,493.77131
2004,761.92755,377.70130
2005,785.54817,512.80827
2006,1291.35727,272.91483
2007,625.38651,408.67348
2008,845.78735,506.77967
2009,258.06537,293.19601
2010,602.66057,470.40572
2011,551.09535,-35.52148
2012,514.41580,309.23462
2013,385.55984,271.23901
2014,200.92541,261.43801
2015,694.03806,562.67560
2016,708.75290,595.60928
2017,658.74701,587.58981
2018,710.01931,583.21709
2019,214.41334,220.29026
2020,168.54518,241.03289
2021,661.72928,576.14474
2022,697.97591,575.04885
2023,654.41689,559.00889
2024,364.19325,137.51625
2025,154.75969,136.87227
2026,551.68199,-89.91173
2027,717.98082,536.18208
2028,336.15866,331.83842
2029,807.84826,470.84984
2030,661.79551,480.29171
2031,803.49530,538.74003
2032,693.85025,611.47850
2033,775.99826,497.04799
2034,816.44659,516.21356
2035,684.05553,370.36235
2036,182.85024,193.87345
2037,251.20246,277.35842
2038,257.19505,258.32878
2039,176.02895,253.65658
2040,629.22280,458.74836
2041,726.99992,573.58342
2042,645.09710,474.03911
2043,1320.31189,259.18105
2044,647.00490,554.48193
2045,598.96414,402.47395
2046,286.53524,36.71604
2047,384.55049,351.22568
2048,209.15047,232.48805
2049,342.57350,316.98627
2050,531.84622,384.20360
2051,377.88090,341.21411
2052,255.70994,288.29411
2053,529.39240,-17.04404
2054,584.98260,473.92794
2055,694.86834,536.06647
2056,609.41995,518.02174
2057,666.96180,496.82733
2058,191.33635,216.70172
2059,427.03339,357.83792
2060,442.57001,336.38559
2061,199.20367,254.33962
2062,1290.03372,258.71823
2063,644.66277,335.39949
2064,680.73929,420.78867
2065,263.67260,60.76062
2066,805.42414,433.94440
2067,699.32070,441.32413
2068,767.15723,606.86379
2069,371.33736,366.50305
2070,160.81521,164.19462
2071,140.11425,200.93087
2072,400.22408,368.21991
2073,1146.76300,317.92299
2074,725.24358,578.84245
2075,538.93011,445.39856
2076,494.41463,359.05557
2077,1127.66722,275.73698
2078,731.33955,474.77458
2079,387.39536,364.39755
2080,745.99860,563.73755
2081,781.78851,432.25609
2082,302.03435,254.86320
2083,749.43454,411.21378
2084,750.57421,511.55388
2085,550.16378,-131.61798
2086,618.83738,482.43996
2087,352.93647,319.89778
2088,1346.84568,232.76267
2089,131.93546,175.80048
2090,339.75854,294.21374
2091,750.56485,631.15601
2092,370.61973,332.13148
2093,838.81325,458.02422
2094,604.32667,440.28017
2095,820.68997,494.91861
2096,772.73853,512.77650
2097,663.64810,587.43111
2098,213.26856,283.66430
2099,646.85097,428.21492
2100,705.28532,372.12128
2101,465.92696,368.65638
2102,161.09227,178.50189
2103,707.47419,561.66667
2104,166.97996,225.42545
2105,777.82652,623.58252
2106,686.73152,594.15301
2107,584.09120,437.69755
2108,607.42065,527.79021
2109,1365.13997,245.82071
2110,448.90817,384.33754
2111,778.59318,555.74455
2112,591.89327,418.83756
2113,898.13823,383.02964
2114,705.66546,556.43465
2115,763.95484,428.97431
2116,822.21342,514.38607
2117,400.47331,342.35678
2118,858.61760,398.43703
2119,714.94048,546.88134
2120,265.69345,75.95945
2121,129.60259,184.37174
2122,213.12770,232.85609
2123,383.18929,346.43510
2124,146.84753,228.55496
2125,544.23423,426.51484
2126,639.09768,540.84907
2127,286.60516,204.79780
2128,227.75676,209.07396
2129,722.24102,583.44647
2130,604.06614,457.33386
2131,390.74423,351.64630
2132,640.00751,440.74908
2133,595.83862,499.93558
2134,1128.78193,325.20925
2135,211.15622,132.05945
2136,782.98193,624.47719
2137,725.29355,531.95431
2138,823.19570,418.18757
2139,679.07068,392.35354
2140,310.50738,244.78979
2141,624.01076,378.20284
2142,159.02325,243.92867
2143,141.86286,223.10072
2144,541.45763,424.60495
2145,1359.48210,248.42222
2146,473.33191,406.47896
2147,777.87230,563.57126
2148,837.93082,558.25769
2149,428.27668,214.84654
2150,686.91932,549.64312
2151,240.26603,299.68082
2152,485.11494,395.56352
2153,472.36786,364.65673
2154,812.84523,515.90397
2155,626.89229,469.07106
2156,369.79700,316.27122
2157,510.96176,412.72150
2158,785.90401,625.45250
2159,662.92324,508.12299
2160,783.88591,619.34846
2161,690.68214,537.14980
2162,815.84379,461.87446
2163,777.11267,547.60572
2164,478.73411,406.17328
2165,149.48026,143.19334
2166,408.02531,375.47675
2167,754.83207,629.49113
2168,527.53565,419.17124
2169,394.45325,336.39426
2170,235.72948,281.86208
2171,193.60179,262.42688
2172,1181.79179,305.17921
2173,272.56107,298.32942
2174,624.63072,460.80545
2175,408.67980,338.81047
2176,468.92057,397.33490
2177,804.59805,406.38190
2178,726.33943,610.24081
2179,619.46898,452.40000
2180,752.78330,520.06082
2181,1311.30964,270.88716
2182,191.57677,267.67324
2183,816.07557,437.46738
2184,168.69664,147.47255
2185,325.87401,298.09102
2186,165.59219,123.35736
2187,813.80215,370.73833
2188,254.08386,306.88585
2189,803.88584,449.43213
2190,608.84673,340.20273
2191,541.54180,442.78529
2192,797.03200,516.97183
2193,650.52278,539.30014
2194,276.78593,50.27323
2195,144.59827,199.56209
2196,685.94629,558.62112
2197,546.44179,467.93190
2198,597.36955,457.93155
2199,638.36789,469.28589
2200,131.93548,220.16339
2201,554.94917,359.82631
2202,823.37103,469.55746
2203,498.16176,394.65850
2204,1098.63454,322.62717
2205,716.18218,591.45929
2206,555.30859,457.53580
2207,547.36113,71.69501
2208,510.17354,410.95028
2209,511.51567,43.57074
2210,1326.26777,262.57195
2211,264.71596,268.22347
2212,380.64361,349.10534
2213,736.43208,585.50844
2214,823.63505,577.09662
2215,707.74898,543.15822
2216,540.91759,382.43182
2217,174.45385,251.36899
2218,474.23409,358.51267
2219,146.21172,197.23538
2220,659.04677,565.10289
2221,236.01576,208.06126
2222,730.14897,320.80716
2223,185.41468,213.55732
2224,241.28697,287.15993
2225,715.15972,586.95145
2226,634.45287,452.90584
2227,209.89468,261.10438
2228,606.70133,469.17083
2229,807.67873,432.93421
2230,404.73520,338.07770
2231,491.09629,413.01488
2232,1351.56928,237.06171
2233,1086.02315,324.98137
2234,768.31793,492.91993
2235,286.41047,25.39415
2236,519.20681,30.54512
2237,323.77516,294.69501
2238,141.56753,164.02409
2239,642.01374,409.46456
2240,203.24213,243.88026
2241,1128.32602,282.81167
2242,526.91681,390.87523
2243,624.09097,463.44431
2244,815.30210,426.44891
2245,717.29563,620.49239
2246,286.45171,41.24948
2247,159.64722,145.64769
2248,514.56184,387.47533
2249,444.14898,377.07734
2250,198.71106,263.77458
2251,576.34606,486.01962
2252,620.58933,490.05801
2253,820.80687,474.96467
2254,164.01730,152.34865
2255,549.96520,-133.53957
2256,668.46595,441.09394
2257,818.15187,480.22200
2258,383.01814,34.26960
2259,493.30387,413.40813
2260,147.85254,148.69483
2261,239.99692,275.60531
2262,722.06512,608.04366
2263,212.59626,226.45965
2264,1149.15232,316.69155
2265,737.15196,604.06872
2266,697.97574,577.50227
2267,186.77168,247.79279
2268,438.89955,369.02854
2269,816.97235,606.86948
2270,143.34241,172.78247
2271,707.18902,588.38194
2272,771.14925,447.62229
2273,673.70865,540.80249
2274,272.62877,250.29519
2275,317.90545,169.14522
2276,233.39906,285.84181
2277,601.80398,392.80903
2278,196.54194,211.17938
2279,136.16288,219.64032
2280,1340.06602,231.72842
2281,275.38841,291.82707
2282,549.33999,-28.83845
2283,785.47073,581.22910
2284,846.14403,514.26760
2285,685.44825,456.44875
2286,758.29836,462.23866
2287,793.96007,434.98248
2288,1334.18047,248.77566
2289,663.63177,372.45187
2290,253.29629,90.13716
2291,602.04133,449.01259
2292,244.11069,288.39223
2293,370.35346,348.92889
2294,465.40328,305.08456
2295,550.47430,-83.84497
2296,749.28873,556.29250
2297,628.94232,503.36288
2298,624.14172,437.23899
2299,1377.57048,234.22668
2300,613.81980,515.12278
2301,170.35966,220.81123
2302,1310.39082,267.69386
2303,678.35383,577.49118
2304,653.58410,361.75598
2305,181.64145,159.43961
2306,645.06067,527.90262
2307,185.90103,229.18108
2308,430.08936,186.97273
2309,322.83227,244.00418
2310,643.27857,486.51258
2311,687.71716,404.01662
2312,516.82170,320.45938
2313,702.26455,542.49662
2314,441.21242,373.62641
2315,182.82143,209.16752
2316,819.41529,586.73700
2317,181.23697,236.85860
2318,484.97355,415.36332
2319,399.87757,259.32308
2320,806.19252,583.47447
2321,800.29850,617.93125
2322,758.12189,440.48102
2323,631.46472,451.37360
2324,149.10413,194.59844
2325,575.30427,488.67209
2326,665.50704,522.66532
2327,683.98881,475.31697
2328,1312.76151,260.84307
2329,687.01620,523.14002
2330,529.41112,400.66534
2331,698.98175,592.78979
2332,491.41539,420.57664
2333,308.15109,299.27857
2334,398.84627,347.37136
2335,421.27165,362.20340
2336,1329.49254,266.63517
2337,495.52581,352.81195
2338,278.86048,296.37498
2339,221.83903,257.86656
2340,405.31738,208.49981
2341,186.93176,258.97582
2342,436.93384,170.16490
2343,792.70842,563.06932
2344,1359.27917,231.95154
2345,1314.44952,243.03017
2346,256.90049,237.44606
2347,183.06325,242.57992
2348,141.65697,201.27105
2349,130.58401,209.64396
2350,425.58567,368.92382
2351,473.75522,409.78390
2352,313.55285,314.04041
2353,717.93866,573.37576
2354,193.16690,240.93600
2355,649.67174,481.57803
2356,706.65672,428.07778
2357,160.48616,210.39124
2358,177.78882,254.81651
2359,225.44807,231.37260
2360,599.42949,443.41694
2361,175.32275,213.29604
2362,289.29547,310.06398
2363,775.63963,488.72392
2364,780.99243,562.05160
2365,701.73387,532.65681
2366,357.72805,345.70933
2367,743.49669,451.22338
2368,787.28433,584.75432
2369,691.96423,564.20186
2370,681.69874,588.65961
2371,551.86293,373.11293
2372,537.77451,418.10171
2373,206.05699,238.87965
2374,679.99365,456.96242
2375,235.75225,285.89656
2376,415.87071,385.49192
2377,820.12522,482.76457
2378,794.74174,493.19444
2379,457.66412,339.17185
2380,813.63116,522.81007
2381,322.28558,305.78705
2382,836.35285,476.38472
2383,199.07124,125.38926
2384,114.54997,186.49105
2385,465.86716,373.87131
2386,722.25786,613.26306
2387,780.65511,600.14157
2388,179.23937,239.41757
2389,211.08308,244.23443
2390,290.91314,289.82730
2391,597.85930,387.75896
2392,739.36286,621.73889
2393,596.28101,475.44299
2394,658.54510,467.23620
2395,623.19595,304.27311
2396,1112.07612,330.59006
2397,730.74100,553.67058
2398,741.28540,566.28674
2399,992.92701,347.01047
2400,1355.24322,243.23523
2401,178.83554,216.11186
2402,325.42467,314.58437
2403,684.91073,566.36550
2404,675.04192,548.85021
2405,588.35393,452.62764
2406,542.91815,417.34772
2407,395.66546,315.00682
2408,371.73704,324.33402
2409,350.08369,320.63679
2410,687.74123,416.29612
2411,374.91278,331.89168
2412,480.97504,365.16057
2413,731.44073,592.92721
2414,548.28969,417.44776
2415,620.54870,498.33291
2416,630.07178,547.21601
2417,811.79971,499.40133
2418,183.76581,253.18900
2419,816.47578,496.72636
2420,336.16063,339.16845
2421,560.49648,400.82529
2422,585.39498,462.63947
2423,701.68962,575.59017
2424,518.75478,374.73202
2425,620.81643,295.34176
2426,634.33578,424.00204
2427,825.07650,513.41952
2428,428.13554,329.56187
2429,206.73020,259.49281
2430,634.75477,560.99607
2431,301.08616,298.66252
2432,327.80233,329.47885
2433,664.31286,424.57780
2434,285.07673,290.40751
2435,178.42808,257.52652
2436,803.65228,598.19841
2437,781.27311,613.28795
2438,432.70237,364.97211
2439,763.87734,556.90964
2440,820.50669,593.13142
2441,691.71432,528.84693
2442,335.74749,315.86466
2443,1307.82217,272.76077
2444,424.10425,324.02111
2445,581.85481,324.81554
2446,263.33427,235.21387
2447,610.44749,485.30825
2448,1377.41087,238.30389
2449,234.78771,85.37064
2450,206.91672,227.84267
2451,548.88425,427.41598
2452,448.42307,338.43676
2453,705.15950,584.83868
2454,1333.03365,266.90296
2455,279.45905,301.37067
2456,184.07362,113.48474
2457,442.55692,307.61575
2458,793.65880,571.03707
2459,733.26762,435.81545
2460,537.79092,307.98014
2461,613.36317,428.86936
2462,271.78927,305.54146
2463,399.00923,338.29912
2464,181.22965,204.58631
2465,493.08195,397.16375
2466,450.42222,386.05292
2467,568.45364,453.92024
2468,496.77893,423.43505
2469,516.50990,358.12886
2470,798.81176,587.46705
2471,819.21933,554.82412
2472,1368.67623,238.71723
2473,802.22696,459.48178
2474,442.98284,355.52674
2475,618.38244,487.07907
2476,564.33500,454.50381
2477,491.85434,301.44359
2478,516.96457,397.57250
2479,808.71472,600.54891
2480,435.74142,368.15584
2481,705.53282,564.71248
2482,266.39642,287.33468
2483,159.62728,190.37093
2484,211.28506,255.85738
2485,136.13805,227.54738
2486,700.38519,568.21584
2487,720.85702,443.88136
2488,434.60228,375.33584
2489,487.85015,289.30596
2490,422.92347,203.50390
2491,485.34738,382.86933
2492,326.90093,323.42047
2493,187.99707,215.53765
2494,762.00663,592.58301
2495,190.23594,251.21875
2496,251.82627,234.24448
2497,840.70897,368.01833
2498,642.64107,559.17081
2499,386.01226,356.29210
2500,191.40393,223.95652
2501,480.18749,393.24181
2502,208.76087,271.31198
2503,557.52284,421.26072
2504,550.62062,-65.69215
2505,520.25179,416.61152
2506,1311.58693,273.34193
2507,467.07188,372.30548
2508,627.04166,392.48176
2509,723.35390,592.43460
2510,127.52385,165.42455
2511,1126.55949,277.74296
2512,383.57556,364.36563
2513,511.33098,341.04642
2514,208.37364,220.61471
2515,795.20273,538.81118
2516,557.25332,390.12688
2517,592.33499,404.16284
2518,684.18057,590.46061
2519,752.33915,503.88918
2520,682.09237,571.25978
2521,634.35377,395.41714
2522,832.50199,527.13634
2523,823.77004,473.04793
2524,422.58121,188.37661
2525,253.40091,271.14829
2526,531.82825,422.25057
2527,427.35850,381.56548
2528,115.14875,193.65426
2529,236.42441,296.99808
2530,705.42155,526.67121
2531,688.24013,569.51487
2532,451.62133,357.96000
2533,164.94877,222.42080
2534,322.93173,330.08007
2535,195.30130,119.31659
2536,125.66065,210.86877
2537,400.02646,371.91700
2538,440.31241,164.41732
2539,1352.61597,253.42142
2540,794.61421,528.48204
2541,654.40015,454.09440
2542,545.65685,323.95254
2543,159.41252,241.75401
2544,200.60717,177.70373
2545,419.18924,379.90908
2546,463.34842,410.46549
2547,124.28065,182.14325
2548,615.91923,387.27312
2549,457.73587,397.89750
2550,128.64600,219.53359
2551,181.45685,243.88014
2552,323.27960,300.14571
2553,200.88692,227.62323
2554,528.72710,355.34644
2555,696.58667,422.01300
2556,721.43681,449.76851
2557,383.36573,320.31097
2558,414.32837,205.42179
2559,745.02408,507.94040
2560,300.20350,332.86927
2561,213.85694,129.95088
2562,944.01788,352.21039
2563,568.48338,293.68348
2564,595.21708,512.77122
2565,409.55897,354.52433
2566,177.59630,260.57164
2567,711.81240,603.48171
2568,812.09817,513.57711
2569,133.46420,179.34074
2570,715.42232,621.67077
2571,772.44941,542.04120
2572,634.23203,484.06941
2573,159.18523,248.74451
2574,598.04612,467.64406
2575,127.87994,186.58066
2576,341.65655,314.67735
2577,206.50060,267.25112
2578,695.81350,587.94069
2579,811.67734,606.94158
2580,253.89915,296.04233
2581,160.64221,150.92412
2582,234.80547,278.56922
2583,194.60937,208.80287
2584,229.24103,249.56291
2585,259.26899,311.76340
2586,493.75468,405.88080
2587,447.49527,362.99251
2588,648.31257,511.73218
2589,434.00315,379.31503
2590,339.94160,153.94235
2591,711.93888,608.53177
2592,802.60593,575.07203
2593,1300.58574,274.42732
2594,632.40836,461.83636
2595,1352.62645,224.70953
2596,457.24679,370.58696
2597,224.44457,226.27682
2598,491.30925,377.21721
2599,615.64497,518.86207
2600,718.77072,413.16470
2601,796.01106,559.63490
2602,628.66866,484.03120
2603,1028.52728,329.19298
2604,182.83333,200.48469
2605,667.91102,508.51731
2606,180.51539,253.69939
2607,808.67023,419.64655
2608,147.80697,193.61853
2609,283.22944,306.90496
2610,737.82816,628.79868
2611,217.24580,100.48914
2612,534.62551,393.86586
2613,755.95010,493.73565
2614,337.33587,343.47632
2615,432.69193,347.65172
2616,345.62672,326.28292
2617,207.20697,233.45408
2618,122.07369,208.37499
2619,127.08176,188.32996
2620,566.31639,476.02347
2621,757.53730,590.46429
2622,1331.57164,242.75592
2623,723.37471,602.26579
2624,662.26203,466.63112
2625,263.25227,304.51728
2626,504.56496,422.24154
2627,215.91339,209.64297
2628,282.90668,274.16698
2629,709.96881,432.14093
2630,292.52736,320.90820
2631,1356.34715,249.86820
2632,552.65660,-69.57695
2633,538.94457,424.33220
2634,597.78079,490.29538
2635,747.18886,592.77227
2636,650.07566,529.38512
2637,352.50099,35.84596
2638,283.13544,312.93837
2639,135.28570,166.78466
2640,623.69607,488.67253
2641,727.96971,582.93389
2642,264.29053,299.43775
2643,574.98034,467.67664
2644,486.52596,368.40900
2645,252.38412,252.40289
2646,652.54634,472.41069
2647,762.42090,635.42488
2648,788.30274,500.97254
2649,1367.56699,247.13708
2650,743.65094,473.08853
2651,250.04733,296.21851
2652,505.82856,433.83766
2653,243.60002,253.73725
2654,456.58600,368.41691
2655,146.77175,179.66389
2656,931.34543,373.09801
2657,627.08316,491.41568
2658,121.42972,172.57268
2659,191.04958,265.64593
2660,774.48753,578.93792
2661,510.70779,375.45600
2662,786.82492,439.64228
2663,740.51809,544.28047
2664,251.00174,228.95788
2665,413.14857,360.92783
2666,802.75831,551.49000
2667,541.75026,351.17976
2668,537.89569,371.05266
2669,985.57968,347.10308
2670,745.38433,614.48024
2671,563.01205,471.08966
2672,174.03649,148.31563
2673,513.78098,136.79042
2674,1328.11546,250.79316
2675,635.89848,447.16938
2676,415.65437,323.88222
2677,287.07576,23.09984
2678,120.26039,204.28103
2679,156.22509,185.98343
2680,1148.63062,274.03012
2681,326.15445,286.32799
2682,831.05847,569.07221
2683,800.78932,609.79712
2684,186.70015,177.40349
2685,402.36632,316.02487
2686,329.94086,335.17862
2687,525.76956,436.61627
2688,1104.09837,315.40728
2689,419.83830,330.94332
2690,176.95297,192.24626
2691,469.53316,412.70782
2692,249.30244,280.02928
2693,550.63501,-123.23071
2694,742.77545,606.82693
2695,701.50382,420.54063
2696,700.53309,560.78744
2697,699.07314,586.51020
2698,643.06950,425.32046
2699,332.06507,293.19283
2700,662.83128,438.13567
2701,347.53094,333.62208
2702,338.75394,305.49801
2703,530.29457,451.60979
2704,550.17941,-129.01388
2705,559.68365,418.01120
2706,798.89022,391.56239
2707,765.36881,449.28471
2708,769.05836,629.20657
2709,474.52290,338.48508
2710,654.13926,571.04122
2711,495.22023,403.73416
2712,588.47581,412.65883
2713,370.43305,346.38266
2714,467.77249,385.47646
2715,766.82498,551.32401
2716,561.90900,416.50934
2717,813.43117,449.70044
2718,333.71729,346.71413
2719,248.65028,274.51254
2720,441.03040,381.00694
2721,216.93226,265.90206
2722,294.72840,269.89590
2723,748.46182,464.50744
2724,197.36868,243.82180
2725,424.49843,366.46666
2726,172.30620,223.01421
2727,616.55244,514.83216
2728,836.69194,528.26773
2729,224.50109,178.68255
2730,777.62661,628.06527
2731,722.04603,478.91021
2732,732.61962,263.18634
2733,269.39944,307.74146
2734,715.96374,604.48726
2735,760.33873,633.31660
2736,123.04510,173.69100
2737,774.48553,632.81818
2738,235.58728,80.42022
2739,1325.08528,247.57858
2740,621.89930,530.33839
2741,909.68794,379.85924
2742,627.62456,534.82664
2743,742.39213,625.51359
2744,629.92679,500.80862
2745,701.56159,483.90466
2746,799.17270,436.38260
2747,553.47247,-47.13087
2748,396.66688,217.24225
2749,217.33927,140.48305
2750,183.42943,223.06825
2751,265.16435,160.33539
2752,790.69479,524.48446
2753,760.59463,612.56238
2754,777.86378,437.26394
2755,1318.90235,257.11408
2756,380.81859,351.73547
2757,224.92961,284.16791
2758,635.04180,439.23534
2759,522.62620,397.91624
2760,291.26542,306.44654
2761,818.28375,500.76513
2762,738.62196,573.33060
2763,745.25553,631.98999
2764,698.65663,572.10982
2765,1380.19874,234.85761
2766,1302.02172,260.48326
2767,606.54457,508.43453
2768,336.04650,300.12782
2769,139.94836,174.97980
2770,171.05961,190.35302
2771,551.66832,-129.08887
2772,201.07036,213.98127
2773,386.52350,284.95558
2774,766.33456,631.98724
2775,842.46236,500.28604
2776,153.98507,192.76313
2777,306.57023,313.58767
2778,629.71209,439.14671
2779,199.93373,247.36814
2780,415.59933,379.42084
2781,387.63423,343.88540
2782,551.57948,-119.28329
2783,1117.64320,279.63029
2784,295.96834,308.15389
2785,1053.18638,328.95135
2786,648.91672,452.96116
2787,169.93919,165.16449
2788,522.70991,423.74113
2789,241.38954,281.86219
2790,467.47965,339.35478
2791,484.32920,405.59878
2792,713.71279,593.57831
2793,690.73777,498.40251
2794,248.14015,291.98166
2795,821.39885,506.96170
2796,666.88396,444.23176
2797,709.95875,574.20039
2798,769.36595,466.54937
2799,633.78823,468.68003
2800,211.97430,206.69023
2801,492.12612,381.92926
2802,741.76188,627.10424
2803,296.91271,326.32649
2804,369.52170,280.18327
2805,397.02950,351.38733
2806,255.35177,294.20531
2807,164.69266,137.73222
2808,164.94660,200.58537
2809,225.99390,254.33562
2810,190.21944,227.88741
2811,716.27108,446.85700
2812,405.79676,354.10336
2813,713.27065,505.03827
2814,599.02535,457.41890
2815,276.77896,301.36203
2816,404.92004,360.11710
2817,1140.87764,323.68741
2818,261.15368,266.47937
2819,522.09635,409.52620
2820,242.25926,266.38753
2821,742.86804,501.29804
2822,179.01271,122.47753
2823,810.74505,408.39963
2824,186.60512,222.22160
2825,118.78400,174.71284
2826,408.22464,351.88802
2827,549.20782,-81.26134
2828,820.98455,485.77116
2829,857.80880,481.43673
2830,551.48117,-116.52468
2831,766.67605,448.43219
2832,287.30925,275.01583
2833,638.42971,413.05000
2834,721.48610,497.02385
2835,168.10239,197.17498
2836,706.82759,605.63073
2837,411.09511,352.56580
2838,680.23357,542.47400
2839,659.23202,574.66207
2840,613.81457,534.46659
2841,656.97709,440.36334
2842,340.65546,328.07212
2843,603.78099,461.97744
2844,670.81522,589.75116
2845,310.18880,309.80707
2846,260.25170,294.39696
2847,252.45367,265.59284
2848,601.92659,457.81381
2849,816.99324,597.44810
2850,684.82161,599.60176
2851,158.92199,187.53821
2852,550.81804,-106.07196
2853,789.29818,540.07941
2854,393.04439,358.50052
2855,324.71367,318.65578
2856,444.94348,391.93583
2857,419.86818,200.52469
2858,389.88152,357.87747
2859,1373.92965,242.30035
2860,698.71873,468.05852
2861,151.78444,197.49948
2862,151.58014,189.09862
2863,191.36500,122.65830
2864,410.10880,363.43833
2865,754.36684,632.08622
2866,704.68336,534.61721
2867,275.05483,296.72716
2868,738.91944,619.86886
2869,757.15230,574.75936
2870,821.66523,591.71587
2871,738.51232,604.85532
2872,445.63399,231.22236
2873,671.13053,449.83671
2874,725.60047,621.85517
2875,593.07280,474.34339
2876,149.79715,219.74107
2877,176.95888,210.07326
2878,287.97855,304.42662
2879,211.57277,280.15029
2880,723.07257,268.70934
2881,206.15328,213.80687
2882,676.78777,487.91336
2883,775.43603,431.76836
2884,147.96649,233.03797
2885,803.31613,512.37601
2886,697.02100,546.94674
2887,554.90648,434.14942
2888,154.57529,213.41010
2889,124.99484,202.92844
2890,288.96006,292.63048
2891,250.73196,293.19166
2892,254.82236,260.64158
2893,642.19232,411.89897
2894,781.28128,391.80659
2895,205.82352,223.87875
2896,726.89219,468.73226
2897,231.76113,87.16314
2898,588.33765,448.13600
2899,411.29725,331.94065
2900,363.82951,357.12932
2901,232.61138,259.07537
2902,714.04995,566.60372
2903,244.97735,293.45947
2904,634.10312,486.76213
2905,418.02760,318.11163
2906,117.41554,202.63193
2907,721.37955,567.15322
2908,521.84838,370.69777
2909,729.93396,588.61217
2910,601.77409,513.90570
2911,173.79438,182.69428
2912,307.08074,237.02976
2913,157.14517,179.46721
2914,269.76189,282.94326
2915,321.49899,321.79047
2916,741.20929,436.44289
2917,677.03428,492.49078
2918,197.08576,265.91082
2919,823.20113,595.93308
2920,498.30858,388.78526
2921,522.62315,329.22247
2922,626.76507,487.64482
2923,823.34021,534.64252
2924,681.03573,524.71485
2925,288.06719,298.62664
2926,555.60610,-99.42992
2927,731.39806,499.11240
2928,774.60234,439.65545
2929,813.32252,551.28708
2930,552.47127,411.37489
2931,785.23717,536.19343
2932,681.29502,454.36040
2933,705.11812,575.71713
2934,444.46221,359.92383
2935,303.15591,306.23000
2936,222.08197,273.74796
2937,562.30467,450.71520
2938,809.77370,523.87446
2939,615.62778,538.82355
2940,238.69432,222.49820
2941,974.82881,349.26990
2942,417.58940,224.94237
2943,689.37369,557.98639
2944,577.40411,461.65553
2945,487.22048,421.52588
2946,494.39950,416.09894
2947,641.70278,529.00873
2948,406.91001,322.15429
2949,380.94587,343.88465
2950,550.39738,-97.31483
2951,517.29687,339.26307
2952,477.59450,287.44772
2953,455.64530,332.59067
2954,638.40924,478.11186
2955,439.66651,392.69779
2956,515.41345,400.98217
2957,485.63255,370.21459
2958,224.90404,266.58259
2959,623.81003,477.31493
2960,744.71212,519.31886
2961,202.34468,266.48616
2962,480.44651,382.29371
2963,686.90148,574.14709
2964,1163.35064,317.72590
2965,128.83612,165.67258
2966,793.73746,554.51355
2967,463.31040,358.70488
2968,138.85400,182.50885
2969,461.89167,349.25859
