0,479.39869,-40.56096
1,875.63524,763.07919
2,462.03785,-237.76081
3,522.81705,-42.55623
4,502.11983,88.10274
5,627.78754,594.84776
6,573.38986,518.17922
7,571.03366,603.81887
8,568.28628,544.01254
9,411.78423,314.58932
10,726.66777,672.03228
11,492.74021,-167.15277
12,462.98027,-227.24409
13,810.60918,763.55054
14,624.00898,562.52919
15,563.24930,599.20186
16,642.91699,635.77444
17,521.90622,327.63539
18,724.63996,717.88971
19,506.09292,51.82854
20,555.60722,488.97931
21,477.21756,293.73791
22,576.23716,357.43741
23,549.77459,500.54892
24,709.15561,406.19169
25,621.67877,493.45899
26,529.76585,-95.70936
27,834.14113,792.42693
28,498.08241,74.28365
29,1002.96856,269.81295
30,475.36265,-174.14522
31,673.30471,601.74137
32,837.57844,789.81396
33,497.98538,-216.18307
34,651.72359,625.62765
35,790.08033,755.29298
36,1002.75666,268.62877
37,562.83783,442.75100
38,819.51558,746.67401
39,474.08430,-64.08229
40,673.89603,587.67023
41,511.89814,-6.58029
42,415.77821,315.98355
43,718.61370,596.12116
44,459.78070,-227.40310
45,556.54772,552.41138
46,535.96547,463.83283
47,702.48560,624.33959
48,488.39289,378.72072
49,575.13672,578.77994
50,610.15981,618.43952
51,587.61063,544.24994
52,553.34867,503.06188
53,499.85997,-63.75403
54,503.14285,110.80318
55,711.54342,633.48934
56,1055.97190,9.94370
57,588.63362,590.76421
58,628.41483,629.98572
59,478.88302,-175.16808
60,422.80562,220.97060
61,656.84654,506.03056
62,576.75028,511.00320
63,594.50246,621.71827
64,683.93702,505.44498
65,579.36322,533.50825
66,559.05684,506.64790
67,592.85344,543.38303
68,564.71076,433.96354
69,499.56502,-275.44050
70,507.10559,-150.58846
71,728.96092,649.19865
72,532.61624,334.60971
73,479.14831,-257.24030
74,465.69533,-229.88852
75,838.80067,730.11936
76,794.01661,738.59683
77,830.29339,788.17371
78,474.09039,-93.23978
79,579.03529,580.87225
80,499.20013,395.33862
81,681.02782,648.40113
82,564.74896,573.41240
83,609.05937,623.35817
84,499.82775,144.86331
85,509.52230,-153.40036
86,492.58902,-264.76540
87,483.71423,-157.38033
88,603.03461,522.81008
89,485.83908,303.60591
90,837.91333,764.88596
91,693.21130,637.67141
92,818.02412,589.30199
93,531.28944,-288.86399
94,618.37049,529.80991
95,492.24122,20.34482
96,555.10626,529.56919
97,763.18214,553.07515
98,883.48415,355.53260
99,565.35997,600.50933
100,506.18981,421.27754
101,535.51775,-14.45276
102,618.63497,501.01631
103,524.20200,0.97651
104,524.56778,-5.37393
105,464.26358,-228.49980
106,541.69043,500.63780
107,565.49707,532.84297
108,492.30512,433.79987
109,870.48853,686.29184
110,914.87348,655.13552
111,509.37022,481.91464
112,660.73194,662.05105
113,787.56233,759.26918
114,498.63376,-213.88352
115,868.10860,706.87801
116,904.46464,655.78824
117,492.60351,-203.27093
118,642.32368,645.06365
119,651.99395,629.63507
120,502.25235,436.05748
121,518.46004,-256.82663
122,499.97852,-148.21206
123,492.59954,388.15037
124,493.54387,-217.59389
125,620.74789,500.12403
126,472.64463,338.59930
127,525.21061,-2.06389
128,497.04146,-231.08063
129,639.26252,639.72042
130,689.93916,685.11927
131,462.45190,-215.84800
132,468.13006,-252.11010
133,828.52244,788.01624
134,557.68160,588.18087
135,465.48656,-273.56609
136,500.46465,-269.50226
137,526.89682,-274.11685
138,799.06702,569.45658
139,729.74429,459.57601
140,476.96914,-197.77284
141,465.86818,269.08405
142,647.14844,626.41154
143,721.16342,613.34683
144,464.63385,-270.56824
145,762.32624,670.12028
146,592.75822,612.29240
147,515.70610,-273.32231
148,634.52277,612.53394
149,465.93649,-205.09954
150,524.91491,317.25831
151,417.34340,310.67097
152,1041.97394,663.21406
153,742.95502,572.87706
154,476.99516,358.15800
155,566.44056,522.51704
156,500.41454,-105.30825
157,708.72651,644.10670
158,618.44379,533.22161
159,946.88295,98.72053
160,486.29356,-258.18174
161,600.78706,545.46070
162,475.97493,-236.75066
163,524.18133,479.28564
164,535.60188,27.58640
165,578.39414,572.18472
166,515.85276,-237.13075
167,814.42839,777.54722
168,435.74744,298.58425
169,722.05515,706.78314
170,499.31636,441.75569
171,513.29024,377.58323
172,667.01003,594.01037
173,659.38859,660.01412
174,561.38618,555.84055
175,618.64005,565.07668
176,862.22350,710.89013
177,508.52125,480.00852
178,436.04209,315.76721
179,718.26331,700.34185
180,580.88954,558.21920
181,569.79601,460.00651
182,941.36741,689.41882
183,490.77323,-251.84770
184,663.29926,623.02315
185,688.60470,648.92470
186,498.54884,-234.27689
187,588.57976,548.13052
188,589.69496,541.92070
189,424.37888,298.26149
190,491.37382,-272.38381
191,558.50878,514.48601
192,559.04531,564.93453
193,638.75564,349.10489
194,552.43398,476.28567
195,626.20027,566.91491
196,597.78479,556.70446
197,496.64253,-233.89882
198,678.53810,632.98024
199,481.17400,-31.39091
200,638.00716,632.83531
201,699.93054,695.73374
202,589.81333,604.77139
203,610.86770,611.70137
204,507.96562,-276.71374
205,476.49103,-84.64035
206,559.51391,516.33610
207,499.88106,109.76222
208,819.72936,764.45641
209,515.91040,-121.03999
210,672.15330,585.26116
211,564.93055,567.46756
212,460.84175,-205.31282
213,525.53462,464.98789
214,486.64131,-213.63942
215,809.00430,433.96434
216,855.31503,780.87862
217,596.97865,575.25459
218,434.31137,327.48453
219,552.69254,507.01817
220,462.95146,345.57162
221,522.03237,-265.68646
222,665.31530,622.78486
223,904.25930,698.96142
224,471.07184,-262.31755
225,590.84225,591.82280
226,486.56471,413.92552
227,493.90239,73.31636
228,493.06975,-262.36713
229,436.99242,218.65610
230,595.41245,563.89899
231,926.24961,660.34867
232,1009.03903,67.17742
233,689.44737,468.01915
234,523.04750,-83.02457
235,520.60665,448.28875
236,868.55193,522.14264
237,931.33272,668.86455
238,518.93935,-278.89262
239,445.16832,314.40401
240,533.81363,419.63845
241,496.91667,-212.35001
242,568.87516,572.00903
243,462.18830,323.66281
244,471.20721,-256.36328
245,635.16980,613.86308
246,668.50249,612.81957
247,645.04485,485.24884
248,498.55321,-222.47148
249,1047.56460,19.56954
250,759.03836,680.38814
251,413.78742,319.16566
252,712.87991,677.71097
253,874.91385,750.53720
254,550.00713,550.59762
255,495.71063,443.52458
256,580.80359,607.38865
257,469.24471,-104.95062
258,567.67575,523.25246
259,527.79454,359.72892
260,473.83282,-239.06571
261,898.85498,544.02117
262,515.83569,459.24344
263,575.19618,494.27644
264,514.13037,271.15366
265,554.94183,434.68516
266,467.92351,-181.97263
267,505.76494,-77.49544
268,586.32558,530.60661
269,855.97473,597.14195
270,483.70916,-65.88487
271,567.79068,471.54307
272,875.35565,744.26386
273,545.43224,456.63884
274,760.02199,545.63653
275,422.51818,253.21868
276,547.15804,535.75842
277,569.66911,575.32803
278,495.13636,-260.92533
279,633.36627,644.00641
280,887.91801,642.05570
281,475.81800,292.07026
282,506.03507,260.90173
283,731.38501,565.23538
284,476.18069,-103.35342
285,477.97366,404.10237
286,618.32318,561.67333
287,616.80075,608.18028
288,522.68314,-283.44303
289,636.50827,380.02508
290,478.10550,383.87314
291,463.49194,-236.39547
292,594.32445,603.22205
293,446.88305,306.14977
294,496.10126,65.84184
295,732.72152,590.33175
296,496.41634,-243.04159
297,941.94345,602.85714
298,482.31449,348.84948
299,605.16415,563.98869
300,510.71892,489.70514
301,657.21835,484.61050
302,675.92085,617.09348
303,706.12421,425.69373
304,818.06638,764.48607
305,442.90667,306.23933
306,462.30709,289.80070
307,488.48818,-209.84951
308,546.90751,500.88404
309,569.75508,528.78010
310,472.01837,380.23597
311,584.22319,562.29154
312,482.33484,401.29710
313,505.13263,-138.16786
314,551.01641,427.12801
315,649.10419,601.32654
316,514.38419,-277.86269
317,409.69113,266.86037
318,474.33840,325.93913
319,609.31391,539.57399
320,471.01450,-77.67368
321,788.72799,751.15146
322,563.75765,571.99438
323,953.02543,314.66699
324,864.94879,754.08753
325,570.61055,565.80754
326,823.25757,726.95970
327,725.75782,711.53593
328,641.30178,643.96430
329,600.59151,77.05303
330,457.50672,358.26596
331,573.19515,287.36824
332,577.57317,533.06402
333,656.85620,636.70683
334,470.28687,-222.04692
335,563.34638,543.26618
336,474.51066,-86.54846
337,585.87735,595.50069
338,478.33791,-56.73890
339,599.67449,562.33799
340,500.42007,-122.21064
341,604.29924,546.68919
342,472.11075,-66.15341
343,687.50958,685.40868
344,588.10822,422.63084
345,500.39305,451.38765
346,495.57382,30.83845
347,755.93322,608.26129
348,629.56655,592.00878
349,550.61868,424.10783
350,677.57111,626.04387
351,774.18656,720.75115
352,472.92542,398.99278
353,478.02957,-165.15751
354,560.61386,405.67797
355,510.01407,-165.77923
356,560.78052,472.48569
357,467.24635,-229.32616
358,680.10272,654.52278
359,526.81510,-16.47829
360,468.64543,-225.69776
361,620.33878,629.77877
362,427.03704,317.31876
363,467.95146,-212.79056
364,535.70194,354.32097
365,481.41124,427.20812
366,471.26807,-259.70278
367,688.83653,465.87421
368,749.77391,469.60961
369,470.79547,-79.98844
370,495.55470,68.29897
371,722.29355,619.71450
372,501.31773,-278.49718
373,472.07108,-84.37577
374,471.58021,-139.34876
375,736.87309,675.79105
376,503.94408,436.35489
377,483.65762,2.54548
378,659.06119,664.44776
379,975.96159,290.15507
380,529.35618,470.16333
381,431.63981,299.47529
382,590.77481,568.69228
383,463.41844,-241.28911
384,467.08996,-268.49304
385,466.30521,-199.31877
386,489.41757,-163.04713
387,574.62930,574.68854
388,523.23029,-21.54427
389,733.60007,729.77627
390,820.43953,731.02374
391,586.31007,569.86900
392,466.04517,-228.50504
393,928.44925,353.66213
394,497.08761,46.63816
395,567.20316,524.53404
396,1001.01818,270.65643
397,515.11289,466.54915
398,563.19178,515.73550
399,466.10693,-237.27672
400,642.80235,612.13850
401,716.18315,694.51328
402,637.40097,514.61311
403,570.69062,583.68998
404,649.50680,611.95964
405,518.16342,-118.05312
406,693.53060,624.74569
407,563.59580,325.40102
408,490.84869,-93.67482
409,481.51337,-40.80443
410,436.03781,328.47168
411,1054.58246,668.92314
412,561.24064,576.76360
413,1061.46038,669.06763
414,721.50753,590.76955
415,495.32488,-255.57591
416,494.30309,55.54258
417,602.98182,606.14630
418,562.13524,506.21432
419,552.64784,406.77196
420,555.78274,570.20133
421,1088.76644,-27.59651
422,872.87996,747.05125
423,631.58019,620.82088
424,470.62612,-258.96592
425,639.24894,605.89799
426,730.75320,613.07768
427,649.23918,641.91265
428,470.43478,-250.32506
429,549.99020,453.93116
430,613.76135,630.55317
431,661.28639,608.64261
432,525.70423,5.22759
433,587.95386,559.24408
434,503.24603,474.61095
435,587.82535,579.57562
436,540.53676,373.68734
437,476.54122,324.89094
438,706.83916,690.00120
439,465.67887,367.57839
440,678.78721,679.65638
441,837.93563,792.58994
442,686.70760,248.81943
443,658.16623,409.10888
444,578.57187,587.49340
445,468.28607,-250.08328
446,461.35981,-221.60829
447,657.41875,548.27547
448,587.16275,539.76475
449,520.78226,66.15113
450,873.58596,757.10531
451,504.65375,-267.34225
452,670.41061,667.87847
453,449.89621,296.39487
454,650.76482,568.06335
455,414.47284,262.47997
456,528.52682,7.83538
457,746.88705,736.90944
458,468.09370,-232.45152
459,554.37191,521.13908
460,553.08939,514.23088
461,722.16168,686.10726
462,496.44533,435.30390
463,729.10287,695.64612
464,543.45609,495.94488
465,846.18408,777.65163
466,558.90317,510.46494
467,479.20862,-63.63270
468,560.30752,522.49903
469,586.68842,519.27751
470,485.00818,250.21556
471,729.80779,615.29420
472,522.42287,113.58077
473,561.39641,515.90529
474,424.70982,325.32152
475,576.32586,589.30067
476,510.64453,365.79381
477,660.28322,602.32937
478,875.67173,760.31451
479,566.10367,530.20966
480,474.29197,-256.60568
481,672.40464,626.87852
482,473.96423,-193.05718
483,463.98309,322.80383
484,542.58262,502.76127
485,483.01230,-262.51600
486,679.18265,627.12599
487,504.52721,-188.52910
488,508.97764,-167.34388
489,600.65121,553.22728
490,957.14661,652.76017
491,518.56016,-119.91509
492,471.24136,-247.67503
493,493.84847,262.03427
494,558.68390,537.32493
495,502.50633,291.45933
496,717.57668,680.48493
497,566.35895,583.33665
498,574.43307,452.71507
499,600.45489,621.59820
500,493.33242,-257.95995
501,517.16877,369.32699
502,992.99952,641.84237
503,511.77431,487.92305
504,481.50248,-255.53946
505,495.05461,88.46942
506,724.58236,680.10923
507,703.58111,688.63908
508,764.51497,662.41695
509,659.37682,631.65257
510,584.15322,520.20726
511,426.26978,312.75800
512,476.42461,-244.51133
513,1064.52562,0.79106
514,758.41983,681.08342
515,582.67157,531.96501
516,722.79678,691.92010
517,616.23035,562.68465
518,524.02042,512.65181
519,522.82265,-256.59325
520,437.86859,303.43116
521,533.83600,491.34005
522,605.19478,572.60530
523,468.14429,-244.41000
524,469.31166,-99.40725
525,582.41201,397.21252
526,422.86649,281.44631
527,636.96654,483.92439
528,506.28618,-199.53926
529,499.03790,-270.65541
530,451.52553,298.54024
531,596.22599,602.73242
532,663.93401,605.70899
533,559.57212,425.04120
534,471.44614,-237.55021
535,650.21970,585.78458
536,735.82880,552.44350
537,587.63797,536.96568
538,655.33237,623.17061
539,488.03309,-225.44221
540,425.06662,303.92332
541,469.09723,-150.61027
542,572.50490,443.89342
543,656.97290,656.35230
544,477.31191,-30.11002
545,531.29445,496.42761
546,499.50684,221.92447
547,501.12640,-181.39873
548,468.65256,-126.20105
549,717.18182,683.12415
550,817.35487,777.12715
551,464.32659,-230.28097
552,495.69198,-204.97249
553,627.59112,499.78773
554,664.36348,504.86161
555,709.71776,601.38435
556,565.59412,525.88844
557,684.21929,612.39261
558,562.63126,573.10248
559,658.56906,615.65193
560,480.65335,-234.26403
561,508.77849,-97.48414
562,587.19758,532.07343
563,504.23948,152.01380
564,757.39453,669.98317
565,494.23381,354.98035
566,473.55805,-254.64500
567,478.91184,-89.12276
568,830.40867,785.83041
569,608.48709,516.41981
570,609.54781,528.21552
571,580.77418,585.45536
572,681.64734,670.61309
573,696.88990,429.04661
574,417.27815,288.91046
575,871.57864,767.27737
576,600.42348,624.77826
577,783.43513,700.62834
578,499.71829,-205.25092
579,529.37737,433.39881
580,507.30051,442.84412
581,589.11990,519.31657
582,583.58742,589.00784
583,595.66011,344.71535
584,482.37833,-20.99546
585,879.79761,729.10125
586,480.24077,-51.88974
587,781.26240,721.97687
588,946.48905,655.97026
589,604.47001,565.43803
590,581.69246,517.78186
591,573.43361,473.90097
592,654.13631,616.76397
593,743.69119,658.20247
594,566.70778,359.88807
595,488.26976,416.44616
596,522.23565,62.49191
597,676.95021,603.79769
598,437.06100,308.44040
599,843.90786,763.19118
600,470.21632,-213.93627
601,565.07238,498.65662
602,483.87248,387.93792
603,667.10022,602.54943
604,582.76788,547.62011
605,577.62176,549.21706
606,504.89025,-152.63839
607,599.29143,554.55917
608,734.23114,686.37174
609,544.07897,457.48383
610,667.19364,633.78238
611,661.42102,582.78522
612,527.54777,-24.69807
613,647.85842,475.57021
614,486.18737,264.65387
615,633.29189,609.95555
616,662.57012,588.27179
617,697.84794,649.47161
618,707.80943,645.06612
619,511.71903,111.63171
620,585.77187,571.65818
621,672.63185,641.23320
622,684.26277,667.75804
623,478.67123,-32.92302
624,527.19790,-262.86689
625,496.36218,-226.03852
626,495.16954,-115.01105
627,525.03642,425.02371
628,710.29434,673.65911
629,607.03175,574.21605
630,600.49776,567.34992
631,538.78039,521.71693
632,578.06780,598.04958
633,751.58161,666.17385
634,501.90170,461.19692
635,608.02638,566.28408
636,470.17772,289.01969
637,666.99056,613.37907
638,465.64970,-224.52739
639,574.16108,567.33535
640,590.60586,471.05117
641,684.82766,584.74540
642,571.85209,540.71230
643,502.17293,-170.00253
644,513.89708,326.83229
645,718.27454,717.13044
646,903.30727,362.06766
647,485.32296,370.65510
648,530.00772,480.50544
649,545.51608,451.51855
650,616.25890,605.23268
651,775.69155,750.81814
652,602.73930,565.97207
653,498.88367,337.03205
654,568.72810,538.94083
655,601.60291,538.34869
656,686.44973,668.35719
657,842.06527,442.43183
658,608.29815,526.88060
659,588.15356,563.82454
660,820.56033,769.28407
661,495.18612,78.68898
662,519.93099,-105.93686
663,623.86307,618.22648
664,534.18701,497.44688
665,875.11206,728.43640
666,695.23252,671.48292
667,415.16790,318.28825
668,936.65573,583.60864
669,517.00222,457.02350
670,463.66033,-225.87343
671,903.74493,668.44713
672,705.17322,698.74567
673,516.77610,469.80665
674,565.38285,592.46250
675,875.19213,763.79719
676,679.79955,681.57165
677,588.84604,408.27601
678,716.14143,712.08870
679,485.20016,-28.73129
680,583.92036,516.34451
681,472.42605,-93.29960
682,582.04724,572.77811
683,489.15674,437.74272
684,467.53537,-266.77850
685,616.33125,463.96676
686,633.09292,649.87108
687,466.52742,302.30998
688,801.48216,771.05429
689,687.52873,619.00732
690,523.16152,-47.65527
691,693.89297,576.88652
692,550.59338,461.75850
693,595.64790,607.57517
694,954.51304,669.23974
695,515.39706,-133.70835
696,471.45250,-196.13646
697,421.56319,283.07646
698,567.70509,516.25950
699,485.57817,-15.87501
700,505.37418,-193.61668
701,687.45259,599.20956
702,673.68066,480.29108
703,723.66060,661.39427
704,498.38260,311.27561
705,461.97551,-224.67447
706,506.29450,-274.71971
707,583.49896,561.84478
708,708.00066,681.32963
709,554.53071,543.71763
710,1090.30887,-31.67403
711,551.31999,381.00700
712,933.55380,662.79486
713,417.18987,285.53427
714,580.75386,544.46155
715,598.63213,596.08484
716,524.73071,458.75011
717,593.27900,614.80376
718,602.22969,609.73248
719,752.22442,693.20697
720,626.04183,580.61997
721,701.16285,591.07544
722,462.69196,-260.93510
723,493.21286,-270.76650
724,507.16261,412.90684
725,490.29267,41.45838
726,428.42813,292.55876
727,433.00848,313.02208
728,668.78015,606.44548
729,683.25711,673.94671
730,486.60216,410.08414
731,497.23382,-252.25594
732,592.04107,620.18295
733,595.83015,592.26702
734,604.96410,557.26951
735,561.48866,425.83749
736,491.34639,36.85290
737,572.27681,497.04709
738,613.19029,581.85730
739,682.18708,683.44506
740,471.85571,-245.70958
741,492.29603,329.70676
742,477.78422,-46.18529
743,692.76211,561.49430
744,532.36262,87.25853
745,695.89305,622.16761
746,580.64399,527.66110
747,573.00636,594.82181
748,489.14950,39.32491
749,727.83530,580.51472
750,522.26487,-29.85501
751,668.68661,621.59759
752,487.23394,-6.24926
753,983.94664,282.44418
754,1056.87359,668.63501
755,513.10141,-26.48272
756,744.46852,602.45579
757,880.25299,743.31447
758,574.78436,570.43265
759,492.64463,-260.07984
760,464.12434,-261.50766
761,593.80024,565.78340
762,545.24919,529.71646
763,515.54748,496.50248
764,777.10424,733.62970
765,424.48862,308.31935
766,697.38059,616.92324
767,575.65709,554.87830
768,669.37398,611.28148
769,592.98518,616.28544
770,674.31867,621.42502
771,487.72094,-256.04844
772,490.28395,-249.31359
773,606.31604,583.27519
774,571.05636,521.71319
775,620.62589,620.91590
776,420.21920,316.10039
777,672.95545,636.20822
778,505.85491,-149.28007
779,551.14489,558.42432
780,445.02073,224.38662
781,838.59101,787.54831
782,516.67522,339.22522
783,663.18502,618.79019
784,479.94457,285.76053
785,522.74556,-285.37934
786,628.89455,622.44854
787,475.83420,-258.73863
788,493.36460,402.78142
789,517.52527,478.88951
790,519.72915,460.85562
791,474.36011,-240.75890
792,817.00853,779.39438
793,489.12891,-244.42279
794,608.58104,573.86565
795,671.95712,609.88311
796,558.27985,573.69508
797,551.22313,434.86539
798,833.79533,401.55089
799,528.58714,-289.66010
800,897.50615,690.27365
801,491.66242,-224.77576
802,505.43287,446.44861
803,463.19821,-206.65002
804,485.57967,-229.83338
805,825.35423,735.31524
806,591.42847,615.84937
807,614.93874,616.83720
808,568.77374,601.44465
809,462.09970,-194.37476
810,473.61230,-245.37019
811,473.02858,-237.79309
812,746.29006,726.70138
813,873.56675,722.87182
814,504.30684,144.80682
815,574.03387,557.76722
816,465.60875,-251.56193
817,870.71784,749.92972
818,493.67189,-206.31533
819,973.76677,290.74690
820,573.04079,509.81959
821,505.13258,298.32517
822,514.78701,345.74875
823,579.77270,492.52682
824,802.31259,760.94645
825,573.41500,210.87333
826,584.32606,529.73608
827,617.40793,513.33736
828,559.26579,523.99860
829,480.48700,-17.78281
830,493.02485,111.88551
831,515.57818,450.01588
832,946.50074,665.28328
833,643.13185,503.10859
834,499.30888,-272.42761
835,510.34707,493.03766
836,598.13644,588.15672
837,483.51821,405.73790
838,579.03010,528.51356
839,428.00451,299.04068
840,473.15885,-250.58967
841,477.67791,-252.90634
842,672.46401,617.67673
843,572.71347,524.48994
844,580.41421,513.55612
845,586.93173,533.98393
846,489.45410,-254.93280
847,601.66177,551.96278
848,419.77355,211.24425
849,469.67391,386.21568
850,571.68042,570.21785
851,563.86266,580.40204
852,503.70136,447.45306
853,489.53423,-237.81152
854,546.05722,402.33272
855,465.19305,-219.78507
856,467.21367,-145.91424
857,701.18868,697.26048
858,566.36778,467.94042
859,697.19228,673.74575
860,461.50736,-239.58838
861,508.93402,435.71810
862,468.14577,-235.35510
863,525.24378,493.25017
864,598.97096,609.44662
865,669.52951,599.72736
866,570.33636,363.39848
867,576.48567,534.01139
868,631.02088,586.26182
869,991.47973,276.21421
870,764.63787,558.64089
871,526.13382,16.55516
872,753.71551,720.62275
873,499.14123,-208.03823
874,495.00588,94.16464
875,528.67574,467.90003
876,584.07504,609.99676
877,695.28297,691.89286
878,572.84514,543.83827
879,651.87924,606.23379
880,655.85732,632.83049
881,544.37495,519.91688
882,563.85709,457.22830
883,636.88126,636.54151
884,863.57914,565.38191
885,413.58625,267.04450
886,559.64364,508.73615
887,713.42424,685.88283
888,481.13283,-250.38850
889,579.47113,521.76680
890,593.14139,549.36051
891,628.25106,597.84009
892,904.10061,342.49149
893,567.78464,533.74821
894,415.84433,284.78351
895,589.97702,575.81685
896,610.48570,484.58033
897,469.01997,-223.71859
898,625.33423,595.02432
899,945.94443,315.64318
900,702.73308,616.73927
901,622.39405,509.96732
902,718.67522,613.51467
903,729.89243,677.89934
904,479.59150,381.70511
905,614.46927,560.35025
906,579.78536,555.59744
907,648.89631,590.63497
908,671.76918,646.07205
909,709.64519,691.38294
910,478.68149,390.28387
911,495.56994,-273.87382
912,596.13505,585.47841
913,599.15241,557.82439
914,646.58348,642.21493
915,609.80338,571.11340
916,567.06798,518.62733
917,580.42308,564.48003
918,499.54035,34.63633
919,576.45105,570.86682
920,673.68525,632.90524
921,516.06532,-252.06207
922,503.74932,328.07296
923,481.45377,-268.27983
924,600.30361,547.73398
925,543.43063,400.53162
926,605.11183,574.67734
927,538.49708,315.15902
928,488.90297,422.65571
929,476.19671,-48.59203
930,416.31244,271.17635
931,615.89476,617.73537
932,467.82241,-156.18280
933,496.36564,-257.02180
934,495.93824,-237.81963
935,494.60332,-227.61797
936,654.50772,635.97586
937,690.31565,483.76016
938,577.06462,538.02863
939,555.27619,567.29647
940,669.75877,639.98446
941,550.22314,531.23366
942,599.93281,578.76570
943,528.14294,457.38528
944,541.76787,416.19389
945,523.64900,-33.33746
946,627.55577,633.76857
947,471.98750,311.55132
948,500.27523,-197.32132
949,873.02784,754.75183
950,673.69637,647.12284
951,530.89985,394.00526
952,570.47565,527.07342
953,466.11932,-247.22500
954,744.54519,670.01332
955,513.89288,-134.16399
956,525.63743,-4.12254
957,575.60771,551.90411
958,476.49102,-68.84418
959,701.07290,693.19877
960,530.43319,465.79762
961,751.89564,575.61548
962,475.85081,-52.21752
963,542.52678,446.08772
964,562.16320,565.29724
965,715.64944,679.30673
966,608.48241,553.93551
967,460.60422,322.07629
968,672.04185,607.05854
969,518.43400,-105.56126
970,555.41200,351.36027
971,557.96632,535.69378
972,500.96336,454.10764
973,469.70752,-236.52525
974,613.21769,580.15127
975,747.20015,739.41674
976,478.17195,-72.34800
977,560.97000,217.11601
978,808.11937,731.53126
979,497.48137,-266.46539
980,874.52148,768.66092
981,499.05380,386.05228
982,530.57071,476.68031
983,513.20152,460.80966
984,549.74124,536.89486
985,471.85084,344.71895
986,500.79165,-228.99840
987,527.16602,453.78011
988,485.66037,342.71493
989,765.41431,726.53892
990,605.05189,561.70436
991,489.77174,334.30804
992,545.32049,484.58167
993,500.07388,-255.95811
994,662.21213,647.08217
995,815.22067,773.31874
996,669.37663,601.84083
997,862.06852,538.51538
998,475.67372,412.11179
999,467.47149,-246.72202
1000,878.33456,548.23366
1001,513.12796,459.11475
1002,633.48855,634.16290
1003,1054.87183,668.53395
1004,725.15656,667.95836
1005,752.53396,690.08225
1006,498.90755,423.42362
1007,592.26586,561.16221
1008,471.61933,-85.74351
1009,410.84805,273.38691
1010,478.83935,-35.07657
1011,472.87381,-69.03876
1012,467.44775,-217.55524
1013,533.13406,498.71670
1014,498.25502,123.90291
1015,519.19555,500.00817
1016,804.88491,771.00028
1017,527.08757,-5.18776
1018,490.31975,-262.19668
1019,514.47183,483.13309
1020,497.51338,397.00750
1021,596.10439,569.01907
1022,659.06652,658.00986
1023,613.24318,570.03378
1024,563.54939,530.49529
1025,516.04098,90.02929
1026,468.77029,-260.09823
1027,478.19371,-225.76076
1028,529.67866,-292.58994
1029,488.21922,-18.14547
1030,515.04476,-275.41574
1031,482.32439,-36.15136
1032,549.57000,448.47319
1033,650.59886,573.11743
1034,500.57017,-208.03695
1035,874.12484,342.57002
1036,545.43533,547.41880
1037,588.67310,593.04956
1038,981.17130,554.69313
1039,613.42285,558.88563
1040,513.36445,-174.45877
1041,544.55685,503.23989
1042,596.78220,549.37187
1043,469.91567,300.92650
1044,621.83470,619.29695
1045,427.35618,308.13198
1046,411.12774,248.34255
1047,470.45681,-88.03006
1048,736.37232,671.20141
1049,479.90967,339.63574
1050,543.77048,539.24769
1051,566.15062,588.63019
1052,476.15012,-195.27486
1053,553.25930,340.91592
1054,575.24328,537.39507
1055,694.68766,680.53787
1056,478.66538,412.67220
1057,500.78043,-273.59469
1058,595.25418,590.64053
1059,600.16362,577.48529
1060,669.66754,613.31293
1061,522.26609,479.26101
1062,560.72466,488.37831
1063,503.47973,469.01169
1064,835.24774,786.90492
1065,536.56552,455.66696
1066,711.51081,682.23833
1067,554.28501,558.71910
1068,741.23837,685.05409
1069,616.53444,572.44146
1070,699.35565,693.71443
1071,559.76557,535.80232
1072,617.06057,559.73203
1073,636.25862,591.82189
1074,607.12616,567.46262
1075,503.06629,-97.55559
1076,497.91759,225.16560
1077,470.15402,-101.02855
1078,733.44260,666.81180
1079,725.94985,699.44229
1080,738.99307,605.67762
1081,469.56975,364.12805
1082,500.67853,462.96978
1083,698.01150,454.04776
1084,667.00603,636.24541
1085,712.45336,530.67743
1086,634.12916,520.00247
1087,497.75834,-207.71535
1088,548.35256,491.39676
1089,626.84839,559.61270
1090,495.63922,75.58248
1091,484.99347,413.37846
1092,964.74734,650.34493
1093,564.71658,461.75044
1094,473.13142,-73.81781
1095,770.39381,640.03408
1096,752.04261,654.83510
1097,558.09924,500.96781
1098,661.84138,654.84847
1099,560.65144,546.28601
1100,463.08850,-265.64362
1101,517.36333,460.29636
1102,916.60095,362.16624
1103,414.00600,226.28776
1104,487.73185,-253.30611
1105,484.15827,424.01598
1106,489.72449,-246.24288
1107,492.33516,46.78141
1108,506.45472,84.08435
1109,479.58690,287.64182
1110,561.15808,508.39604
1111,525.80756,-23.69739
1112,495.13083,-179.44113
1113,616.91765,619.01795
1114,482.27625,423.38943
1115,817.20650,741.38635
1116,496.01638,-213.88368
1117,493.26298,416.24570
1118,732.99841,608.55449
1119,551.19499,483.76544
1120,498.72860,282.36534
1121,554.76594,506.60635
1122,568.81925,453.92502
1123,479.45049,-68.02432
1124,581.48366,317.36845
1125,464.34108,-243.56355
1126,814.90896,770.44411
1127,870.34801,769.78474
1128,806.72377,736.48495
1129,507.60709,353.73498
1130,861.05434,497.24793
1131,883.95742,643.55858
1132,574.14763,540.45535
1133,686.26996,663.95693
1134,634.56290,598.18859
1135,577.55900,508.44198
1136,580.71676,518.91758
1137,471.95773,-252.64358
1138,622.09172,569.69728
1139,580.10226,561.34993
1140,726.50837,710.63271
1141,428.57903,303.34020
1142,485.99516,-162.03041
1143,472.45563,-103.14093
1144,469.97742,281.71004
1145,578.18996,566.63892
1146,491.32880,-241.19657
1147,529.24608,488.97596
1148,718.75908,671.41620
1149,874.55280,712.24949
1150,459.75252,356.02361
1151,596.53724,528.49412
1152,570.94768,509.65339
1153,614.61059,583.32760
1154,575.35363,568.77474
1155,873.48644,761.27096
1156,538.17003,475.96660
1157,642.28472,622.54283
1158,500.07230,76.42420
1159,476.74220,-61.56079
1160,726.83761,528.60770
1161,497.02352,-169.27179
1162,634.92838,575.86561
1163,714.01728,616.41272
1164,692.80624,687.74392
1165,631.56715,644.41161
1166,511.50857,100.74168
1167,469.66370,388.05949
1168,819.25579,765.58045
1169,503.31655,-157.90402
1170,569.83130,536.18441
1171,728.27001,702.70433
1172,496.39976,-264.30124
1173,733.38602,605.78548
1174,493.36650,-274.98730
1175,526.91706,-288.76594
1176,463.48518,-232.96761
1177,501.75247,-262.20439
1178,501.22563,-214.41590
1179,705.76601,683.23416
1180,479.78975,-31.11649
1181,615.63025,593.54481
1182,589.87405,532.07483
1183,552.71011,575.15281
1184,555.93239,387.98624
1185,552.33528,553.28419
1186,875.24881,757.91766
1187,499.69615,-258.91757
1188,496.02122,332.41157
1189,731.15651,728.14974
1190,812.84810,746.70408
1191,603.87892,551.07265
1192,585.90144,526.71999
1193,559.18940,581.03127
1194,510.38045,479.04336
1195,482.71358,-265.24796
1196,640.03456,625.85384
1197,681.58833,604.79445
1198,696.58453,682.49617
1199,585.75434,533.38825
1200,413.54171,281.05147
1201,568.51618,593.70553
1202,413.31377,305.00482
1203,840.24249,790.09997
1204,488.74782,-34.44621
1205,749.36449,564.43581
1206,604.25847,535.60731
1207,609.68484,547.19370
1208,634.09416,535.38027
1209,572.49519,561.59398
1210,608.18991,626.66301
1211,427.83008,278.00628
1212,601.60648,302.69516
1213,613.11469,285.68766
1214,571.70909,230.75624
1215,798.45522,385.01924
1216,901.06432,465.22440
1217,864.79126,438.31400
1218,850.46369,428.01089
1219,730.05553,334.81742
1220,538.92283,63.69068
1221,611.37760,319.60767
1222,557.29218,208.28403
1223,804.04721,421.97056
1224,497.76817,-259.21334
1225,779.71699,379.48538
1226,592.91490,271.70668
1227,586.71868,268.55904
1228,733.05279,348.13328
1229,872.45227,497.52827
1230,976.95445,584.81145
1231,487.17526,258.75881
1232,508.26216,95.98219
1233,485.66922,195.83395
1234,776.96559,403.15198
1235,473.98952,232.89025
1236,890.07592,450.96470
1237,741.86149,383.74049
1238,511.33232,77.79165
1239,558.93370,208.75204
1240,588.39729,287.48885
1241,752.45906,399.97589
1242,702.86371,414.15375
1243,511.17435,97.87572
1244,940.52135,590.91517
1245,491.64859,238.44887
1246,466.08981,205.04124
1247,498.69223,182.52690
1248,627.10418,297.07740
1249,591.34314,284.74101
1250,534.01262,232.23498
1251,939.32397,429.97864
1252,602.61681,247.58014
1253,540.33756,250.65096
1254,722.24038,423.73314
1255,478.80639,-20.88649
1256,474.99556,-143.87296
1257,431.44701,194.61035
1258,720.51017,370.98983
1259,722.19060,354.73408
1260,588.65141,264.74445
1261,523.01835,-270.67665
1262,518.19443,265.40518
1263,708.59938,364.77037
1264,926.95043,506.56876
1265,714.14931,381.40973
1266,986.55098,494.49449
1267,883.93770,503.73369
1268,560.16224,322.22333
1269,483.95011,220.13419
1270,490.17964,254.03923
1271,486.27378,270.46275
1272,489.77807,248.93348
1273,857.67080,441.86182
1274,966.20946,543.88229
1275,494.30860,47.94970
1276,826.70351,454.73314
1277,508.84426,-222.27603
1278,459.46020,201.31207
1279,847.53943,426.60498
1280,477.72853,-19.76018
1281,1075.64586,-13.09497
1282,953.06624,675.59000
1283,590.93408,341.89656
1284,593.24530,264.32892
1285,734.21467,437.16027
1286,771.28791,382.37304
1287,880.69726,484.98406
1288,591.07526,315.81607
1289,1008.06710,570.87863
1290,487.09819,-85.53878
1291,507.51777,79.60924
1292,494.63014,183.04131
1293,605.71943,258.33434
1294,551.25288,251.67645
1295,785.41271,420.03574
1296,753.67925,377.93646
1297,517.37410,198.06435
1298,538.89501,119.19031
1299,840.11099,410.49519
1300,894.77022,461.21842
1301,704.91070,336.33154
1302,484.50134,265.68474
1303,507.66194,143.36637
1304,664.79814,575.66205
1305,1089.25871,-30.71649
1306,812.68760,401.88986
1307,480.29387,256.82230
1308,926.87583,468.51688
1309,484.34828,-212.63141
1310,872.87609,480.66064
1311,927.91587,453.18303
1312,499.71510,27.35804
1313,611.25752,321.40858
1314,678.49003,366.86067
1315,538.99248,323.19639
1316,466.05213,225.72452
1317,812.61352,506.23748
1318,644.65223,498.85090
1319,473.14979,242.58048
1320,928.44321,482.95771
1321,551.13537,214.83327
1322,452.42335,223.18124
1323,602.10020,296.00279
1324,697.51771,346.89720
1325,474.57043,-140.96934
1326,931.76723,510.70649
1327,581.41134,306.60259
1328,582.64760,304.47776
1329,463.57350,213.54656
1330,494.73439,-266.02325
1331,894.06977,451.06782
1332,479.63064,258.00674
1333,728.73437,420.76195
1334,470.26914,-233.30205
1335,931.82965,573.00448
1336,498.32748,49.84473
1337,482.23146,-32.32758
1338,504.17471,277.27832
1339,765.09119,362.02697
1340,442.01514,194.06899
1341,792.13716,446.03907
1342,908.88014,456.52421
1343,557.14563,237.89741
1344,729.05066,395.61549
1345,1035.66876,529.60662
1346,534.90961,116.96651
1347,491.98678,254.76465
1348,458.62807,240.56666
1349,973.30018,661.96502
1350,472.23790,-143.66863
1351,907.66595,471.68082
1352,675.36220,311.10702
1353,524.59907,250.31562
1354,540.31535,318.06550
1355,659.82085,415.16724
1356,661.08734,280.31446
1357,559.78839,296.88983
1358,514.27610,258.12546
1359,912.79714,479.44374
1360,441.72176,196.96400
1361,940.89964,498.01758
1362,488.41078,234.71021
1363,588.94093,220.68077
1364,532.69510,212.35071
1365,642.04661,288.34139
1366,1059.13756,669.14990
1367,822.46716,404.14104
1368,512.38346,-271.22774
1369,1062.48465,3.84223
1370,525.55883,-124.49295
1371,511.16310,-258.94397
1372,553.09357,264.18189
1373,982.71093,279.96032
1374,682.93334,510.41007
1375,748.28905,402.43434
1376,923.48100,486.97327
1377,804.60021,586.16271
1378,518.23964,231.33798
1379,892.63482,499.79558
1380,475.40118,-249.82515
1381,746.20155,382.92393
1382,464.12433,269.25402
1383,475.33772,-77.56905
1384,897.99043,441.80250
1385,526.37002,245.22618
1386,606.36463,284.16945
1387,461.12092,242.49189
1388,859.26397,445.61372
1389,475.99928,-80.23383
1390,497.35460,-188.33098
1391,541.69446,217.90210
1392,704.67879,358.30942
1393,949.64268,585.03743
1394,481.84817,225.19873
1395,747.23845,352.33173
1396,597.98294,238.73518
1397,736.26635,374.44080
1398,1013.22733,527.25944
1399,800.04621,429.28139
1400,922.51369,460.09457
1401,476.20158,-160.07084
1402,484.52644,-40.99706
1403,652.19947,317.11467
1404,531.21631,220.30198
1405,838.56016,411.52690
1406,485.68473,239.96983
1407,472.93073,-87.45954
1408,606.68611,306.03173
1409,957.81944,484.38390
1410,980.15033,498.84217
1411,877.30706,458.78740
1412,893.89721,456.89494
1413,472.80689,-240.91294
1414,482.18416,276.23392
1415,586.66719,242.50748
1416,720.49407,338.54442
1417,793.62252,405.83436
1418,688.11221,346.75829
1419,560.48162,260.67546
1420,1004.49371,636.37988
1421,623.26351,321.95810
1422,885.07449,471.74867
1423,588.37698,228.57003
1424,520.84250,-273.29606
1425,809.83136,503.55454
1426,974.01298,506.16543
1427,573.20328,248.58967
1428,480.68503,-59.11895
1429,495.83338,-50.58866
1430,723.17752,436.33181
1431,747.62224,354.31213
1432,607.84798,257.87042
1433,570.06345,297.49119
1434,577.68244,376.45780
1435,913.96758,472.25304
1436,855.15934,470.47917
1437,523.31262,-266.75509
1438,751.72024,374.51364
1439,529.15883,84.67471
1440,730.25782,353.80526
1441,489.98342,206.15069
1442,497.08169,85.83937
1443,754.40187,375.47808
1444,922.00575,461.77341
1445,694.88667,358.70170
1446,503.27293,255.84542
1447,945.90272,486.52869
1448,815.57638,400.20065
1449,873.24182,449.62723
1450,625.77501,256.03951
1451,894.99616,487.87263
1452,637.12281,282.97786
1453,854.78978,441.74473
1454,491.73025,-253.93262
1455,710.86933,382.08696
1456,614.75861,254.59821
1457,957.22035,501.96386
1458,751.97264,407.56293
1459,621.44513,303.55369
1460,701.98309,352.03233
1461,982.94953,278.08823
1462,1060.46396,668.66895
1463,483.93175,248.22994
1464,986.89740,276.76356
1465,579.53909,240.85405
1466,963.85245,513.00750
1467,517.64478,223.58780
1468,642.25534,315.01779
1469,522.35653,204.64823
1470,884.32951,462.59949
1471,821.59289,447.88087
1472,988.50189,503.78227
1473,743.93023,401.53932
1474,486.54022,249.44973
1475,965.18166,672.23323
1476,505.38426,200.79367
1477,1080.08559,-18.50230
1478,547.75787,218.82907
1479,982.61634,506.78662
1480,917.72700,474.60004
1481,689.45707,422.70507
1482,750.63235,366.74685
1483,800.45449,442.36027
1484,581.99074,233.47849
1485,719.27295,320.93775
1486,519.81676,218.56663
1487,875.50006,540.00719
1488,474.38601,-123.21471
1489,489.75155,-21.94025
1490,733.60669,354.51062
1491,915.85857,517.23776
1492,882.88394,465.14785
1493,711.47460,328.43789
1494,899.99993,444.88797
1495,450.44498,195.96636
1496,474.15834,-221.28576
1497,481.01234,-237.12123
1498,624.30261,296.37616
1499,761.55532,385.99511
1500,990.34329,641.05548
1501,482.09262,-246.96106
1502,501.69702,11.14475
1503,770.52492,377.21514
1504,913.32625,452.59047
1505,816.35562,780.11606
1506,544.62548,251.74001
1507,505.26255,112.47268
1508,909.70265,477.16749
1509,469.70870,-160.36894
1510,595.06046,232.02535
1511,525.66808,265.78210
1512,574.90709,351.35351
1513,975.90830,498.73871
1514,479.87215,-161.10740
1515,569.36265,350.44223
1516,442.84919,203.34102
1517,877.11509,495.92372
1518,976.38076,530.10325
1519,951.20378,479.79347
1520,452.69979,241.37822
1521,493.06613,246.42869
1522,897.89776,353.64455
1523,695.48965,323.28706
1524,512.03459,264.74421
1525,714.13817,371.66330
1526,525.74128,307.29183
1527,513.14956,199.08788
1528,448.02509,214.14672
1529,948.51679,594.07293
1530,773.01316,341.05482
1531,618.81789,288.79525
1532,648.76631,464.43218
1533,508.79487,445.90456
1534,481.42705,-252.42530
1535,787.33185,439.75985
1536,896.22035,459.29542
1537,732.58388,365.70590
1538,943.11538,528.57364
1539,1027.53691,56.74810
1540,982.76486,270.75324
1541,590.54804,224.27529
1542,990.51162,547.73486
1543,570.45282,405.32133
1544,483.61900,244.29660
1545,894.49295,458.44871
1546,478.20478,-156.20338
1547,474.49767,-115.28973
1548,677.08861,451.57491
1549,618.66670,244.29739
1550,1018.77723,63.87065
1551,1061.36678,6.75645
1552,723.07697,336.60581
1553,594.86227,240.11140
1554,682.98992,351.15661
1555,723.34381,327.07986
1556,904.15605,478.13231
1557,875.32243,449.00643
1558,615.68133,257.18280
1559,502.53464,257.23391
1560,476.38906,-132.16375
1561,724.00948,344.03002
1562,876.54935,491.70439
1563,761.87305,374.02571
1564,483.78955,-252.26688
1565,498.16243,194.09244
1566,587.33821,276.55817
1567,545.10814,216.75439
1568,557.96825,249.02065
1569,983.02121,525.16402
1570,531.81624,329.00829
1571,1001.44424,554.64316
1572,619.45016,315.14719
1573,512.81820,-253.59745
1574,484.10638,-88.35499
1575,478.28010,-248.11019
1576,565.02671,275.78193
1577,715.35347,340.96446
1578,541.46037,201.47323
1579,514.89708,224.97860
1580,576.86394,277.55288
1581,930.03256,564.53261
1582,786.30094,584.52657
1583,557.00207,321.72085
1584,944.12324,475.37466
1585,924.13198,546.17324
1586,516.91932,-275.41005
1587,974.08844,524.64575
1588,556.33504,294.46974
1589,945.73002,483.71731
1590,922.79877,472.07284
1591,527.78682,-234.25435
1592,561.71972,218.52967
1593,518.62919,3.44162
1594,633.30325,319.72635
1595,494.31152,234.08717
1596,1018.50940,543.44145
1597,801.39479,425.10273
1598,518.14897,21.49508
1599,1032.65302,36.92230
1600,862.43821,453.40824
1601,500.87974,157.02633
1602,984.86322,258.93436
1603,904.31995,629.21504
1604,790.53874,382.61168
1605,603.06099,348.69631
1606,613.41517,348.21464
1607,580.61919,313.71709
1608,768.28100,412.71616
1609,1015.25377,62.49022
1610,618.10125,281.33928
1611,978.39623,659.23050
1612,596.94980,285.22688
1613,487.84848,-249.16786
1614,615.40005,297.77330
1615,506.40947,226.24827
1616,1038.50731,530.43459
1617,576.71930,309.93114
1618,880.99847,490.78671
1619,582.01397,237.16309
1620,991.08765,517.40400
1621,483.37211,-259.39027
1622,779.41048,478.75318
1623,585.50331,268.33664
1624,594.47605,262.72993
1625,739.66499,354.53399
1626,1032.15246,562.62033
1627,611.07417,291.65017
1628,931.38043,524.52279
1629,528.51167,113.90710
1630,478.50032,-139.91677
1631,552.07955,282.39732
1632,582.98162,227.73820
1633,507.09663,129.77024
1634,537.70838,281.22448
1635,480.05367,-8.31526
1636,627.84412,259.35015
1637,930.88629,544.18060
1638,603.66417,259.20068
1639,495.71392,16.70602
1640,890.61573,469.79735
1641,992.99190,526.73147
1642,888.95783,466.11538
1643,590.54465,291.46569
1644,529.72530,41.04154
1645,522.56367,-228.85990
1646,499.32324,250.14294
1647,611.11067,238.82495
1648,495.32258,-276.42103
1649,495.44343,-127.17553
1650,435.76441,196.36582
1651,573.60391,239.52180
1652,620.14703,320.14528
1653,921.91469,457.52400
1654,703.43164,551.68925
1655,480.35697,-10.31779
1656,480.65831,253.59740
1657,471.53446,-132.62517
1658,909.80638,457.83195
1659,1050.81794,16.57466
1660,616.68313,301.18507
1661,1013.95433,71.40672
1662,476.57669,-151.25299
1663,524.01291,-19.21797
1664,622.84156,372.03683
1665,563.74207,310.48382
1666,849.91134,343.59564
1667,493.35175,-255.62826
1668,473.95618,-133.56969
1669,566.62516,264.20232
1670,887.27289,467.49178
1671,520.80811,-282.08737
1672,523.64860,4.07383
1673,526.94372,-290.27550
1674,496.32811,271.45877
1675,691.34561,447.59422
1676,469.51273,-156.41474
1677,511.93489,-267.47967
1678,865.44206,427.30873
1679,1041.53905,530.78132
1680,474.48422,236.73220
1681,552.60406,481.48067
1682,883.16258,481.95878
1683,517.48826,-277.77652
1684,608.31528,313.90168
1685,1032.70200,525.69884
1686,475.02546,-105.76789
1687,541.74633,223.76088
1688,894.16623,512.89721
1689,513.71577,127.83640
1690,573.61918,310.48644
1691,512.04865,258.72664
1692,600.32418,311.78571
1693,733.44021,387.98190
1694,731.44939,379.93511
1695,977.96110,634.48382
1696,567.65639,278.73291
1697,523.35880,14.90161
1698,479.14011,-29.32653
1699,625.04776,262.81104
1700,570.09549,240.63965
1701,480.97010,266.81759
1702,479.91793,-44.13408
1703,496.72013,114.74089
1704,734.97873,366.20681
1705,541.96697,248.54072
1706,613.64633,242.10705
1707,948.35946,491.26758
1708,476.76014,-87.50494
1709,951.13506,483.63012
1710,472.45246,-113.92576
1711,907.25496,449.90955
1712,1015.80161,536.63323
1713,503.79471,301.75850
1714,612.34363,331.80002
1715,860.46697,473.99591
1716,895.98249,507.52223
1717,918.97601,476.26557
1718,917.48831,510.17352
1719,926.60526,471.96179
1720,614.82278,259.97690
1721,598.06117,302.62250
1722,749.39871,409.24945
1723,734.29588,353.04580
1724,984.85899,517.19740
1725,568.60066,304.62822
1726,602.66044,229.41660
1727,637.32626,382.56716
1728,764.75109,397.81870
1729,574.42881,213.63476
1730,770.34599,374.06873
1731,501.16325,199.86775
1732,517.27550,288.60860
1733,601.42171,306.24290
1734,888.16918,469.45506
1735,604.80816,242.65416
1736,720.97126,348.48610
1737,994.44439,532.92732
1738,881.40827,439.50126
1739,485.30515,262.52753
1740,640.53426,315.76664
1741,495.05888,-277.53445
1742,487.12749,203.28623
1743,868.00433,475.38569
1744,683.92591,320.06305
1745,756.45988,449.02295
1746,528.46657,-283.76408
1747,1087.72579,-29.02805
1748,850.93568,457.90166
1749,613.03056,278.00133
1750,487.99259,192.87007
1751,591.19926,266.02253
1752,505.28120,135.50467
1753,548.78649,214.60831
1754,488.63350,260.34435
1755,808.84404,416.61156
1756,816.95835,392.57716
1757,503.29873,220.28338
1758,588.04771,294.68763
1759,889.99254,343.61938
1760,854.05251,452.96236
1761,593.72968,245.37806
1762,655.08731,315.75774
1763,939.53072,551.09997
1764,742.59441,339.62577
1765,565.50121,287.10609
1766,483.95805,222.84691
1767,780.26600,363.86874
1768,484.61124,230.07518
1769,753.08112,367.87913
1770,955.79073,580.06846
1771,631.85801,267.21663
1772,496.54312,280.79384
1773,898.01764,470.91737
1774,873.77005,435.77940
1775,625.83643,304.35736
1776,619.47535,329.69056
1777,886.45687,501.43689
1778,523.37930,41.26083
1779,749.58686,657.64270
1780,755.50531,382.37817
1781,594.62701,381.70709
1782,939.58298,494.50405
1783,814.52039,359.84799
1784,557.69051,216.57417
1785,978.01363,545.77111
1786,738.57613,350.98426
1787,900.84663,576.40163
1788,953.75029,489.77761
1789,1001.83559,540.17139
1790,486.15249,285.45328
1791,573.88643,257.34620
1792,680.68413,362.14294
1793,487.14550,289.82661
1794,599.29937,285.20360
1795,760.08503,390.60827
1796,495.81444,305.37641
1797,729.07096,348.93173
1798,506.01619,288.28210
1799,480.65217,249.12042
1800,570.87020,244.82943
1801,959.49326,631.12855
1802,969.80778,647.31281
1803,671.39552,334.96380
1804,712.05567,418.60893
1805,802.18911,383.67458
1806,733.06012,362.93680
1807,931.61493,578.85186
1808,719.20803,364.62198
1809,493.90977,60.47895
1810,479.86617,252.79249
1811,580.88705,303.06800
1812,531.11024,-283.57441
1813,653.83478,455.39118
1814,606.24281,267.05347
1815,599.04420,279.18089
1816,563.00732,225.61338
1817,970.52363,645.51341
1818,514.01923,220.64410
1819,773.89774,368.51823
1820,967.20379,533.73798
1821,879.09003,490.83100
1822,812.83399,403.00195
1823,727.16261,346.78804
1824,746.28390,371.53521
1825,827.73246,405.60589
1826,489.81397,237.99766
1827,484.12304,226.90726
1828,914.99307,502.52899
1829,676.46951,383.45220
1830,643.95350,347.77712
1831,967.00171,494.05315
1832,810.21776,338.17249
1833,600.66413,323.71786
1834,635.58841,339.33553
1835,546.02928,266.74609
1836,728.39294,352.58556
1837,993.92941,569.92373
1838,695.20519,332.42540
1839,906.44318,584.68006
1840,508.48760,278.69407
1841,435.18864,262.22885
1842,506.44152,198.81417
1843,529.15141,-282.33022
1844,620.35320,386.65358
1845,487.52583,-1.14208
1846,973.39402,593.10158
1847,794.94729,407.36959
1848,720.50283,335.75855
1849,986.04244,616.57352
1850,804.34217,405.17979
1851,1030.18248,559.37135
1852,743.25402,374.90088
1853,707.19228,370.21680
1854,504.36079,265.99922
1855,897.41009,447.94018
1856,825.87371,440.21946
1857,558.70011,281.05475
1858,536.38591,370.22763
1859,488.32701,228.36766
1860,507.38482,-266.17511
1861,816.86768,433.49203
1862,767.87874,378.49279
1863,507.05175,-259.72526
1864,577.44752,225.37632
1865,789.61080,412.46600
1866,930.05746,388.24092
1867,576.96367,237.43475
1868,890.34299,476.96463
1869,1006.10788,535.55688
1870,476.49027,289.56605
1871,710.83383,363.69574
1872,823.77475,405.54241
1873,560.65210,301.35072
1874,489.45302,270.93989
1875,1027.89380,553.00624
1876,539.94170,293.58306
1877,579.69599,271.28495
1878,520.15318,271.28257
1879,981.84107,620.19496
1880,721.94734,377.75528
1881,450.01349,298.89489
1882,888.92072,486.16258
1883,997.94927,569.85680
1884,1009.43560,523.42971
1885,583.18776,340.60601
1886,982.80471,516.32728
1887,772.99596,406.50264
1888,488.95744,293.32512
1889,412.38812,198.05154
1890,524.73282,203.90904
1891,713.00962,383.70571
1892,633.62362,459.36045
1893,875.55980,452.50359
1894,728.14145,357.30422
1895,988.37327,641.68158
1896,819.63053,436.68198
1897,427.81094,199.49486
1898,885.46057,487.25388
1899,549.18371,111.33688
1900,486.88058,-270.97511
1901,420.64169,212.27305
1902,606.86804,246.89877
1903,570.08060,255.48240
1904,1023.91175,563.36467
1905,614.40711,370.31077
1906,979.00657,506.49685
1907,997.99986,270.56949
1908,674.09813,358.08588
1909,475.34864,-91.10211
1910,890.97601,440.66865
1911,496.07750,260.66180
1912,967.98978,503.97916
1913,752.25718,383.09822
1914,836.02616,451.44592
1915,975.78088,654.63685
1916,989.69403,598.60398
1917,506.79741,90.54399
1918,1008.35935,537.50417
1919,771.30792,397.15149
1920,805.67750,408.47646
1921,818.31080,426.98900
1922,715.30787,387.28911
1923,883.15772,473.06907
1924,558.15574,291.46180
1925,511.34967,-43.29200
1926,537.99804,213.60038
1927,489.43291,-174.43243
1928,1025.23874,580.40969
1929,965.70674,662.85171
1930,993.82998,513.33598
1931,631.73055,314.30649
1932,564.04471,245.79516
1933,794.42932,412.55833
1934,617.35092,294.37417
1935,526.36575,217.63179
1936,635.66946,284.22373
1937,539.59371,359.01376
1938,594.47406,328.61065
1939,491.39513,207.25039
1940,516.33116,-252.87196
1941,571.33166,298.36828
1942,955.09348,527.92513
1943,630.50121,289.24442
1944,689.09773,316.49238
1945,684.11369,298.69595
1946,528.77293,276.43732
1947,657.49985,321.20452
1948,469.74218,244.69946
1949,527.50859,333.71013
1950,530.58745,305.20281
1951,990.89265,539.31757
1952,896.14032,484.96041
1953,492.90600,188.65912
1954,750.45163,356.38184
1955,971.59233,659.68940
1956,499.34773,270.32762
1957,1085.15442,-25.53610
1958,896.85387,463.91252
1959,701.49530,358.54914
1960,622.84068,299.97133
1961,599.96831,270.44524
1962,504.93362,227.56802
1963,837.45429,440.67375
1964,510.14135,203.55053
1965,810.22774,390.46288
1966,513.90431,311.89141
1967,476.72316,224.70162
1968,606.51444,333.05066
1969,697.32710,336.43083
1970,1077.92982,-16.18309
1971,715.35025,330.23567
1972,877.08142,453.34530
1973,507.50555,-49.72876
1974,643.62001,318.26938
1975,509.88250,234.61927
1976,474.45597,-135.91526
1977,790.41997,420.25713
1978,833.24355,484.23175
1979,622.21899,309.40345
1980,908.91735,469.64271
1981,491.79311,279.55420
1982,601.56222,318.14889
1983,913.47852,352.40013
1984,983.47098,497.67969
1985,567.75541,255.97793
1986,924.81495,465.72356
1987,975.02997,632.87079
1988,512.33599,-25.80863
1989,579.84233,214.27958
1990,499.29945,195.40356
1991,814.31142,452.12857
1992,577.96743,312.77160
1993,960.43653,552.97130
1994,745.42931,386.74611
1995,670.13493,322.80447
1996,490.42162,193.80041
1997,633.74158,316.40388
1998,558.86789,257.37720
1999,784.07328,399.50844
2000,991.77710,503.75475
2001,1044.62273,543.19236
2002,747.94807,368.73178
2003,481.72157,244.76876
2004,575.32580,180.77351
2005,503.84694,261.57713
2006,475.96820,-228.52179
2007,627.49926,343.77043
2008,429.62531,273.29687
2009,904.01475,468.64487
2010,644.36057,305.42466
2011,1005.24482,67.63943
2012,713.58650,427.74104
2013,927.87073,416.27364
2014,966.62750,496.82921
2015,579.77569,267.04984
2016,533.21638,222.27758
2017,597.62454,234.03079
2018,544.95499,231.84329
2019,928.42595,525.62953
2020,981.18505,504.12303
2021,589.89706,239.15268
2022,567.11439,235.32073
2023,600.50878,255.87369
2024,959.59333,506.80732
2025,995.49668,630.15990
2026,1056.86820,11.40366
2027,531.82731,271.61130
2028,827.62647,425.10275
2029,483.05448,283.20347
2030,596.81122,299.18745
2031,468.71661,251.92958
2032,548.04489,212.17606
2033,497.92506,242.58558
2034,467.49758,269.86596
2035,593.48536,374.46589
2036,991.88769,552.31332
2037,913.87388,478.29025
2038,908.72896,502.93692
2039,971.16358,498.62282
2040,599.66038,318.71201
2041,548.89275,253.82721
2042,620.46422,293.30649
2043,473.97443,-272.87069
2044,606.15791,244.79357
2045,656.51017,353.67862
2046,979.87398,633.84145
2047,831.50290,422.48199
2048,958.50900,523.62405
2049,865.98483,464.14384
2050,711.93900,372.08659
2051,843.71263,429.07890
2052,914.79797,455.86008
2053,1015.73209,90.10402
2054,702.33685,326.52721
2055,573.92219,258.84055
2056,624.58933,255.59467
2057,596.62445,286.80766
2058,969.34050,536.98952
2059,799.95981,404.83366
2060,750.52718,419.92857
2061,955.12674,499.83076
2062,477.53322,-249.76167
2063,574.42387,184.28292
2064,612.49760,337.51069
2065,962.52043,646.97490
2066,515.84359,230.97824
2067,576.85425,299.58749
2068,471.50491,212.51464
2069,821.93212,396.60695
2070,1001.49391,578.38192
2071,1007.58047,533.59229
2072,799.71660,395.64390
2073,469.50755,-135.79347
2074,530.71399,231.94136
2075,709.46583,335.03217
2076,726.58358,390.52176
2077,526.91567,-1.46076
2078,552.52031,315.10087
2079,797.72006,395.86203
2080,516.58030,242.00162
2081,509.72541,263.53766
2082,882.14974,505.49855
2083,585.67956,233.27010
2084,531.02870,261.09439
2085,1088.86161,-29.20734
2086,632.23430,291.91463
2087,870.26993,454.17837
2088,495.06645,-270.96737
2089,1028.09923,572.00957
2090,875.75918,490.68425
2091,494.67171,193.29749
2092,813.56242,406.34120
2093,432.70181,305.06633
2094,648.71649,313.02321
2095,458.97421,280.72469
2096,503.67863,280.67033
2097,589.16739,232.29404
2098,952.52058,482.76983
2099,613.25252,342.38801
2100,565.54229,355.61332
2101,753.20524,392.45313
2102,994.00561,566.04457
2103,564.61655,243.78333
2104,995.56614,525.18913
2105,471.39348,194.48819
2106,552.39309,218.51733
2107,664.09557,347.71381
2108,646.03448,278.76937
2109,514.90196,-281.39598
2110,785.32666,388.98584
2111,499.97536,235.19743
2112,646.46390,315.07197
2113,506.41312,137.51807
2114,561.52328,255.20758
2115,568.65904,291.32020
2116,431.72557,276.33438
2117,816.24363,424.86070
2118,489.99292,208.00019
2119,544.63322,265.96060
2120,966.60894,648.47381
2121,1022.71849,566.89026
2122,951.83565,522.17318
2123,807.17460,407.03747
2124,1006.79269,521.74262
2125,709.58095,341.39450
2126,607.80270,244.55016
2127,875.32258,559.01488
2128,932.77845,546.99085
2129,529.45180,214.05752
2130,660.52047,337.18538
2131,814.58220,413.30313
2132,622.61452,342.63978
2133,642.27443,277.40904
2134,477.00549,-109.78552
2135,950.16953,593.33184
2136,455.73725,199.71598
2137,537.67611,270.03506
2138,501.89157,233.38872
2139,577.89326,360.09867
2140,913.36544,454.31611
2141,654.03529,396.93229
2142,1000.13617,505.70674
2143,1014.47632,529.61105
2144,706.68031,353.25221
2145,512.01465,-273.40382
2146,746.72804,357.79731
2147,496.57471,225.80669
2148,413.54431,204.38155
2149,923.83560,348.18623
2150,574.58985,255.23254
2151,930.48631,465.90748
2152,755.39388,368.78756
2153,758.31950,389.07713
2154,448.08481,271.24029
2155,631.81762,315.95308
2156,816.92205,443.49689
2157,726.47033,357.13075
2158,450.88287,199.34702
2159,617.84992,261.13928
2160,457.70052,201.43568
2161,568.03347,264.49915
2162,503.30972,236.54872
2163,479.05218,242.75206
2164,741.11843,360.48692
2165,1016.48732,594.25082
2166,803.11507,403.43770
2167,489.41248,188.07640
2168,691.04596,352.65369
2169,815.10783,428.79137
2170,929.93472,477.83549
2171,964.32342,490.59582
2172,468.45185,-153.15532
2173,903.02727,462.53451
2174,635.19053,305.85085
2175,795.20656,441.51401
2176,758.63422,366.33861
2177,516.57257,193.03009
2178,525.89522,217.19582
2179,622.28736,311.75467
2180,534.66540,283.76516
2181,479.35711,-263.04299
2182,979.06841,499.43764
2183,477.87912,283.48684
2184,1000.10128,593.68849
2185,865.09316,469.05714
2186,988.36137,645.64713
2187,565.68204,163.37570
2188,926.15320,461.70426
2189,487.04096,252.08758
2190,626.03420,362.58460
2191,707.00693,336.13142
2192,487.52601,255.60112
2193,600.70644,263.36489
2194,959.35135,663.35410
2195,995.93802,526.99143
2196,568.55758,249.77605
2197,696.60836,319.28076
2198,642.79848,308.35085
2199,622.40877,302.40631
2200,1032.87498,532.17377
2201,725.28523,322.65378
2202,438.59599,266.26899
2203,728.57027,368.43131
2204,473.08959,-95.23890
2205,535.50059,234.83441
2206,705.15360,331.46792
2207,1014.55548,74.05791
2208,720.45985,363.47196
2209,1013.63670,91.12416
2210,487.00501,-273.63675
2211,907.99789,496.55812
2212,848.73864,433.01018
2213,519.76443,230.46438
2214,415.46068,199.47721
2215,567.54443,250.19954
2216,713.20625,345.82624
2217,980.84027,508.30738
2218,750.64598,400.61761
2219,1012.49826,540.28513
2220,586.56867,252.35603
2221,924.54257,537.38975
2222,516.19034,435.88248
2223,971.68153,534.58690
2224,923.52495,457.70168
2225,527.71910,226.77174
2226,618.85509,331.06571
2227,958.87776,497.58322
2228,638.76928,309.57888
2229,413.63855,219.69833
2230,784.68878,411.45466
2231,730.88197,356.83733
2232,498.08269,-271.23492
2233,477.70917,-65.72429
2234,549.71678,274.16964
2235,1052.25351,664.34515
2236,1013.90324,74.68742
2237,871.88206,469.75139
2238,1018.41917,578.66293
2239,608.64971,352.35516
2240,957.29845,508.17090
2241,517.53850,-45.17473
2242,722.96967,370.59483
2243,639.28398,306.94085
2244,498.95740,243.04147
2245,527.20775,200.97391
2246,981.59806,612.43477
2247,1008.76368,584.66087
2248,697.54463,353.26618
2249,765.34891,379.17944
2250,958.07364,491.92453
2251,684.43492,314.74898
2252,646.08698,289.53787
2253,460.37291,290.14838
2254,998.54265,579.57862
2255,1088.20067,-31.54657
2256,605.99857,314.87645
2257,420.94321,247.39299
2258,808.01529,734.49887
2259,734.56447,356.86858
2260,1012.68233,591.31798
2261,939.41080,485.67477
2262,518.53533,201.80787
2263,947.89006,526.78163
2264,474.64757,-96.91178
2265,502.91710,217.86099
2266,549.55677,230.05812
2267,965.37723,503.43077
2268,772.50078,385.15067
2269,413.01607,196.44759
2270,1020.75848,567.20013
2271,542.88655,220.85392
2272,504.65129,314.20433
2273,574.64314,251.46272
2274,897.52193,509.81775
2275,865.63418,587.58362
2276,927.91892,469.95454
2277,682.63825,354.05420
2278,950.44033,532.18637
2279,1015.50138,520.07934
2280,493.25872,-272.90281
2281,896.09352,462.38840
2282,1009.98743,65.33907
2283,482.35036,218.06044
2284,424.49738,273.22267
2285,587.41982,312.44443
2286,526.73475,314.47380
2287,506.06067,293.96196
2288,486.18531,-264.24049
2289,587.02748,375.69591
2290,960.61806,636.63201
2291,651.17467,323.39586
2292,935.77384,475.76684
2293,818.39387,409.43280
2294,694.29883,444.78537
2295,1058.17970,8.72949
2296,515.12812,244.38695
2297,626.10738,298.06994
2298,636.61891,328.93971
2299,520.94301,-279.28572
2300,631.07385,269.01373
2301,996.78287,520.34509
2302,467.32167,-273.96756
2303,574.63263,233.35989
2304,595.17599,376.39796
2305,986.63123,585.73207
2306,603.59154,255.22759
2307,968.02558,530.02711
2308,997.82566,272.76540
2309,905.94931,417.72050
2310,617.00277,274.20956
2311,596.59023,332.08326
2312,704.32182,433.55309
2313,565.17180,258.42517
2314,776.92692,390.73092
2315,984.57371,546.87987
2316,429.06033,211.39324
2317,977.49777,514.73032
2318,745.72830,361.89793
2319,896.07588,362.68436
2320,454.46092,202.80215
2321,443.22509,193.33921
2322,515.81344,333.79843
2323,634.15458,324.77140
2324,989.23854,531.75727
2325,684.91597,302.44881
2326,598.06373,261.45457
2327,596.71739,301.49523
2328,475.01058,-245.84935
2329,579.18748,264.15267
2330,690.78992,358.25078
2331,541.92811,221.14244
2332,724.65814,346.30812
2333,880.00345,466.27580
2334,810.66660,402.01649
2335,783.08534,382.12070
2336,492.68293,-238.32465
2337,735.18148,400.21984
2338,905.57439,463.89121
2339,934.05754,491.68754
2340,985.09227,280.40821
2341,983.51995,494.72824
2342,999.26735,271.87594
2343,460.24052,248.42583
2344,518.20056,-279.53355
2345,489.83529,-269.47130
2346,909.55893,524.50307
2347,969.51099,502.66165
2348,997.83385,540.97334
2349,1021.52619,524.92246
2350,794.26592,391.66361
2351,753.89914,361.13756
2352,878.41477,429.29509
2353,535.00346,243.44610
2354,970.38635,522.38465
2355,623.19271,314.50887
2356,587.09335,315.54377
2357,993.03912,529.14828
2358,973.90498,495.51421
2359,939.21040,520.11755
2360,679.77219,341.68438
2361,983.79066,534.05468
2362,882.37346,457.86709
2363,517.66493,260.56114
2364,482.31258,234.95822
2365,576.42928,257.24712
2366,819.36117,403.34691
2367,528.14997,325.12351
2368,469.98381,217.57044
2369,573.30015,255.37625
2370,579.74203,229.91024
2371,701.18647,372.66277
2372,691.79078,346.86311
2373,971.93116,518.67867
2374,586.17175,294.80139
2375,931.01977,472.45836
2376,791.39306,378.27887
2377,485.41829,251.70631
2378,498.63200,241.22214
2379,744.69954,408.06010
2380,469.52786,256.60584
2381,872.20872,460.33828
2382,413.07890,229.77013
2383,973.45169,605.46452
2384,1043.55335,557.89388
2385,765.20788,384.94366
2386,535.71498,212.58600
2387,479.25620,211.73651
2388,967.17330,513.42305
2389,947.92902,504.83737
2390,908.85467,495.64600
2391,677.47079,315.92523
2392,502.00467,197.31685
2393,646.37092,303.84436
2394,603.38877,311.53113
2395,624.39451,395.98529
2396,479.14905,-84.76516
2397,538.86075,255.16991
2398,512.39665,250.29241
2399,492.46771,59.03449
2400,506.08972,-269.07132
2401,991.52893,541.31627
2402,880.58016,457.33269
2403,571.39568,247.54015
2404,599.59470,272.69897
2405,645.93639,311.87392
2406,707.45896,362.12746
2407,815.75289,436.27364
2408,816.91320,418.16870
2409,866.42583,453.61209
2410,632.87524,305.28459
2411,797.25243,405.46190
2412,764.53253,386.94131
2413,529.78389,211.54189
2414,706.70944,351.69003
2415,637.57067,288.26329
2416,617.53968,250.28787
2417,460.34559,277.57940
2418,977.91752,496.80568
2419,439.73488,250.22597
2420,835.14752,418.36928
2421,711.04786,358.40527
2422,668.35894,309.64288
2423,551.52053,224.13168
2424,741.93120,396.26228
2425,571.75606,185.68032
2426,626.19826,333.63158
2427,413.47226,227.74255
2428,781.61669,432.75290
2429,952.55333,493.57103
2430,599.51631,234.97511
2431,887.28065,465.90724
2432,863.49188,439.74345
2433,623.14245,340.98731
2434,868.11362,454.77973
2435,980.19356,491.98361
2436,447.41053,216.42982
2437,452.46146,202.91174
2438,779.90825,408.88194
2439,503.21212,248.65745
2440,417.87152,196.20851
2441,568.97067,261.16269
2442,844.20920,432.23634
2443,486.60831,-236.37655
2444,760.61649,432.19175
2445,680.64900,393.94654
2446,921.53418,535.77399
2447,640.48230,298.14700
2448,529.73586,-275.91704
2449,935.29128,684.75199
2450,969.45686,534.46303
2451,697.76117,351.38856
2452,741.98838,424.42208
2453,542.16568,231.42018
2454,497.84850,-261.50620
2455,894.00192,465.23335
2456,981.07410,655.27179
2457,756.50770,476.80440
2458,463.82432,233.38482
2459,545.53862,331.35424
2460,689.27767,449.03493
2461,635.40130,327.02055
2462,898.16248,449.46082
2463,795.95832,413.59986
2464,983.30071,544.83009
2465,718.74368,366.31840
2466,751.72226,363.16493
2467,677.20404,324.32229
2468,715.64963,344.22152
2469,692.92790,428.91443
2470,455.87321,227.19631
2471,437.45600,221.68365
2472,512.00964,-277.43787
2473,508.95143,274.57928
2474,776.95224,407.86071
2475,621.03479,290.92072
2476,669.36080,321.57416
2477,732.09922,450.77663
2478,689.89679,367.14997
2479,442.83498,200.08764
2480,791.46568,393.12004
2481,551.16045,257.57769
2482,901.09799,478.79605
2483,995.89064,548.76578
2484,955.39664,504.12806
2485,1031.90809,529.58051
2486,564.69864,249.68827
2487,558.27592,317.61211
2488,795.21790,400.21864
2489,682.02313,452.23217
2490,966.09736,298.40182
2491,751.41555,390.85880
2492,872.01405,450.91788
2493,945.71593,514.37144
2494,517.44001,239.20298
2495,971.05101,501.59860
2496,923.77090,531.31474
2497,559.00111,141.01626
2498,604.68628,247.64602
2499,811.78894,405.19840
2500,976.44285,535.73342
2501,755.31055,372.98179
2502,958.09500,489.29342
2503,670.48024,342.69119
2504,1044.32174,28.00668
2505,720.29742,351.20267
2506,511.10258,-199.00838
2507,748.00637,376.50636
2508,608.65798,369.60487
2509,525.67711,215.38186
2510,1030.02043,572.04870
2511,525.70968,-8.60445
2512,817.43497,407.55325
2513,699.81317,404.79331
2514,958.42539,538.89630
2515,476.34903,249.07161
2516,704.88097,362.89304
2517,649.66354,355.61947
2518,543.47966,214.99293
2519,529.73960,277.63540
2520,582.92862,250.98522
2521,627.21716,356.92305
2522,428.03731,263.85503
2523,451.70425,292.78928
2524,990.74347,273.28491
2525,925.79977,499.80286
2526,710.45268,346.94892
2527,777.52794,385.07721
2528,1045.02643,552.56511
2529,958.21091,482.48074
2530,553.81965,274.57850
2531,569.37201,268.23040
2532,777.77370,418.32648
2533,992.07627,536.85502
2534,877.72837,443.84476
2535,982.10128,624.34171
2536,1036.82929,534.76529
2537,785.40406,384.32223
2538,1000.92118,176.32803
2539,509.89509,-267.39168
2540,474.04945,253.17573
2541,607.92039,328.61004
2542,665.77436,403.83730
2543,993.45804,510.35959
2544,981.16175,564.03803
2545,808.42912,399.73799
2546,735.47738,346.43502
2547,1027.46065,566.65168
2548,680.06772,366.38300
2549,751.01596,358.49091
2550,1037.19193,533.02224
2551,969.57628,512.64742
2552,866.75618,472.90840
2553,970.91448,529.09708
2554,709.62806,354.86598
2555,578.22755,341.13746
2556,557.32877,328.18424
2557,815.62734,439.43883
2558,986.26639,277.83319
2559,521.71994,270.58442
2560,883.60652,435.57642
2561,950.31741,599.96373
2562,517.54235,5.28411
2563,683.68531,438.76214
2564,662.05777,294.54583
2565,791.90925,408.65317
2566,973.47858,490.47505
2567,564.38923,226.57093
2568,461.27257,273.07545
2569,1020.67159,562.02556
2570,523.53413,200.77244
2571,495.11866,265.98031
2572,633.33957,299.91024
2573,992.84048,499.38365
2574,666.46340,320.68179
2575,1025.79952,560.28940
2576,850.18541,452.55516
2577,947.21867,488.54746
2578,570.88812,238.92885
2579,439.96959,197.49647
2580,915.97741,465.47010
2581,1004.28871,584.58544
2582,930.86067,480.79823
2583,966.23616,531.04084
2584,921.27056,506.81388
2585,914.74051,458.76203
2586,746.34039,359.94991
2587,764.15563,390.50224
2588,597.77909,273.06690
2589,788.03281,393.48227
2590,820.59624,623.61290
2591,540.18498,213.60355
2592,466.36263,238.67814
2593,478.03138,-231.96510
2594,624.62427,311.60082
2595,513.33915,-269.04946
2596,736.64344,383.11035
2597,939.09321,522.22566
2598,739.25291,378.82649
2599,617.99612,268.21120
2600,575.02918,342.39948
2601,466.22354,234.93891
2602,619.54425,300.38092
2603,494.58786,52.38254
2604,987.98802,553.94555
2605,602.39997,276.74969
2606,976.24844,496.69987
2607,482.85702,298.81612
2608,998.88020,538.71884
2609,873.61251,431.20543
2610,503.58862,193.22379
2611,965.44867,664.80990
2612,709.01362,361.91527
2613,561.29864,271.46023
2614,878.37571,441.18500
2615,757.80212,409.58638
2616,866.93065,448.00440
2617,962.51198,528.05231
2618,1037.91282,541.20846
2619,1026.06337,553.70645
2620,666.71868,295.56711
2621,505.22509,213.70652
2622,490.25650,-267.21280
2623,522.20690,215.84895
2624,598.74854,320.39414
2625,918.60703,461.85973
2626,735.47379,352.27467
2627,949.73210,552.70082
2628,902.71722,496.24288
2629,579.57469,309.01533
2630,878.09361,434.33703
2631,504.13998,-276.64831
2632,1054.83925,16.10425
2633,712.61667,358.66217
2634,653.92855,283.94857
2635,496.83581,221.66399
2636,618.76965,287.57439
2637,817.80260,735.19676
2638,892.96994,453.81758
2639,1017.85276,570.09188
2640,650.03054,291.59103
2641,518.09449,219.71651
2642,896.05809,448.54065
2643,698.22994,333.71723
2644,716.65004,389.48822
2645,932.48317,494.11097
2646,617.63115,298.42356
2647,488.31148,191.61331
2648,500.15402,247.41332
2649,514.57329,-270.95734
2650,611.82923,289.09165
2651,932.66536,469.28700
2652,720.73282,345.06124
2653,919.76193,495.93845
2654,774.12839,392.24909
2655,1015.29514,562.38706
2656,501.16109,102.90886
2657,629.36300,282.20207
2658,1037.86008,563.39217
2659,963.10603,492.45334
2660,481.93445,222.24277
2661,717.11166,385.81923
2662,502.99604,294.93386
2663,533.30927,255.73607
2664,918.68941,521.09439
2665,782.55858,395.44361
2666,453.59867,248.03720
2667,693.21315,398.57445
2668,682.71937,364.09120
2669,498.07378,46.44241
2670,488.45401,195.67443
2671,695.25098,326.49857
2672,992.69263,590.22184
2673,693.17717,618.98550
2674,489.81732,-257.63965
2675,620.26881,317.12389
2676,805.55706,448.84466
2677,1060.72218,669.60659
2678,1043.77471,537.20431
2679,1002.66148,547.66116
2680,519.15472,-68.93791
2681,865.10039,487.96761
2682,415.96395,207.67414
2683,439.22057,198.90967
2684,990.18796,565.84611
2685,812.24751,448.44402
2686,873.31871,436.85824
2687,699.06163,338.02168
2688,478.57181,-49.77942
2689,785.73999,459.80886
2690,990.90546,553.52184
2691,748.23376,360.45625
2692,916.52929,478.35497
2693,1083.59358,-22.97356
2694,512.09697,212.02795
2695,583.31484,196.34393
2696,562.70987,258.19754
2697,562.50449,233.50582
2698,637.93167,329.88877
2699,849.66910,466.07117
2700,577.21930,314.92126
2701,858.35590,439.15945
2702,851.51640,461.19021
2703,699.35217,319.38630
2704,1086.63842,-30.30174
2705,716.20996,360.64116
2706,574.86028,186.03379
2707,524.45097,295.19485
2708,462.96843,204.17451
2709,754.18772,426.74651
2710,606.52488,250.91623
2711,722.71490,348.52759
2712,684.61160,351.62944
2713,809.55652,407.48450
2714,742.69770,365.57457
2715,493.50424,225.27529
2716,691.24310,349.23198
2717,446.43300,290.10901
2718,886.61367,440.18697
2719,930.75041,460.03631
2720,781.59545,388.79654
2721,949.82176,492.37706
2722,886.45812,488.40107
2723,522.80246,321.44693
2724,965.29019,516.47479
2725,786.25737,404.73044
2726,980.61444,525.05976
2727,638.14275,271.28110
2728,438.15000,261.65615
2729,961.61596,568.63967
2730,459.55487,198.99567
2731,534.07800,266.83364
2732,535.27944,480.84300
2733,906.94087,453.87461
2734,511.19561,200.64387
2735,493.28902,187.77525
2736,1039.17938,564.57127
2737,462.68200,190.10946
2738,973.49469,664.96824
2739,481.69245,-260.51842
2740,626.93102,263.26085
2741,510.25112,121.88120
2742,623.87320,259.45371
2743,502.90558,195.75921
2744,644.00795,294.82977
2745,547.37324,288.63310
2746,506.16765,291.36683
2747,1017.15044,51.35472
2748,971.82909,299.03724
2749,938.30752,599.66981
2750,969.80593,525.85707
2751,863.85244,613.20867
2752,474.94794,264.18465
2753,479.96621,205.60502
2754,511.58505,273.40633
2755,482.49669,-254.16115
2756,814.23704,408.00897
2757,954.71704,480.93570
2758,654.25502,322.70844
2759,729.86392,369.58883
2760,872.47384,445.85570
2761,412.44640,235.01068
2762,528.95619,217.21741
2763,509.48840,200.49310
2764,561.92213,244.57189
2765,526.15361,-276.72361
2766,479.38105,-255.92470
2767,648.40380,286.67354
2768,847.78032,477.70711
2769,1011.58073,572.18100
2770,984.30054,550.55131
2771,1086.94508,-27.95119
2772,970.41993,547.07421
2773,780.16717,458.78679
2774,495.04614,187.72756
2775,420.36210,277.10781
2776,1000.74827,544.54154
2777,884.70836,451.75320
2778,645.51794,339.96594
2779,961.70505,503.68969
2780,784.57606,390.39419
2781,799.05911,407.54244
2782,1069.33337,-4.28686
2783,524.30183,-4.09099
2784,878.94569,439.80352
2785,477.28681,-27.32375
2786,611.01794,335.11287
2787,991.61908,572.85555
2788,717.47418,347.15358
2789,944.24867,480.31639
2790,771.86972,411.91917
2791,753.57251,358.12587
2792,531.72793,225.11314
2793,572.59149,282.47180
2794,948.49223,479.05669
2795,467.29516,262.89211
2796,607.12616,319.59743
2797,562.97624,253.09099
2798,507.99395,308.71683
2799,623.94528,307.91060
2800,939.93948,538.62919
2801,739.13028,380.75406
2802,511.40615,197.55789
2803,894.05222,447.52929
2804,837.82626,480.06392
2805,793.36599,403.25442
2806,922.96287,465.96336
2807,1003.71655,604.69179
2808,988.30513,547.20787
2809,944.27929,516.02936
2810,968.59840,517.03571
2811,571.50743,309.48166
2812,800.41713,409.47582
2813,538.32505,273.06206
2814,665.85244,328.75960
2815,909.82506,466.46932
2816,804.43859,399.56155
2817,474.13558,-120.19731
2818,887.03229,480.46478
2819,695.36663,356.09410
2820,942.62962,484.28965
2821,523.85061,256.98809
2822,998.14022,588.42974
2823,533.94884,268.53667
2824,957.19394,530.28176
2825,1032.35355,566.97280
2826,794.95159,394.37680
2827,1062.15982,5.86854
2828,416.77372,237.43867
2829,419.54627,282.02496
2830,1077.35040,-13.71287
2831,514.06233,272.94869
2832,898.79065,495.24628
2833,633.50911,348.79061
2834,543.88770,285.01441
2835,986.66630,543.45589
2836,539.40619,215.42689
2837,794.32208,397.47882
2838,581.64597,265.51592
2839,584.53084,230.11945
2840,641.45579,266.20726
2841,596.61406,326.67693
2842,854.15305,434.29381
2843,659.45259,314.37108
2844,572.89784,222.85423
2845,859.67700,462.90620
2846,908.63166,464.03950
2847,883.05907,455.89597
2848,623.40210,291.47940
2849,430.90853,199.78762
2850,567.95797,222.16885
2851,993.63062,545.26918
2852,1066.63438,0.38835
2853,460.15295,257.43338
2854,838.42320,421.47056
2855,867.26038,444.95737
2856,762.17171,371.01423
2857,986.84476,274.84330
2858,808.33427,404.00073
2859,519.34967,-274.50692
2860,588.67061,308.96957
2861,1012.40918,553.13336
2862,1007.58691,540.47191
2863,987.63267,604.53699
2864,798.72327,403.15095
2865,498.57637,190.54436
2866,555.45231,272.66638
2867,893.58388,463.32520
2868,499.69494,207.32624
2869,496.00835,231.03948
2870,420.18452,200.65904
2871,523.26797,214.08876
2872,934.89372,404.15732
2873,598.46020,325.07796
2874,507.20807,194.81542
2875,667.29951,308.24383
2876,1001.30714,526.64825
2877,987.78560,537.92694
2878,891.78023,458.17254
2879,968.13550,491.99316
2880,555.03776,511.36969
2881,960.37982,537.44591
2882,582.10332,295.38465
2883,516.20155,314.49471
2884,1021.54529,529.37674
2885,475.25538,269.45110
2886,579.43791,262.21440
2887,702.05338,343.75765
2888,1003.93982,542.79030
2889,1039.30890,539.81216
2890,887.79674,462.24425
2891,912.20276,468.20172
2892,906.71367,501.67756
2893,612.13603,358.60645
2894,562.50603,150.45907
2895,968.70771,548.64499
2896,548.25892,311.52845
2897,933.66884,683.94515
2898,681.64855,334.09908
2899,794.37934,446.16618
2900,835.93150,414.52378
2901,940.60794,510.18558
2902,548.96284,241.23104
2903,940.50336,471.77308
2904,627.67297,282.07967
2905,820.50775,384.02245
2906,1045.77183,546.07722
2907,530.98156,228.54336
2908,703.24637,398.87624
2909,528.79954,231.91246
2910,621.57309,261.56914
2911,990.14828,557.78424
2912,880.66019,522.38549
2913,1007.71664,564.09518
2914,897.47689,486.71971
2915,862.54750,450.70554
2916,533.39240,328.75159
2917,586.84575,291.18328
2918,960.92790,491.62062
2919,419.84084,205.07502
2920,729.06055,376.88785
2921,702.22237,438.87133
2922,626.23109,293.82398
2923,416.71288,213.54159
2924,581.53953,269.96183
2925,890.70074,464.01302
2926,1067.68394,-1.37631
2927,508.01802,267.55838
2928,515.36168,297.93542
2929,450.14456,255.42026
2930,691.23734,355.86027
2931,496.66099,249.09158
2932,594.41551,313.18641
2933,551.76052,237.35935
2934,780.16540,400.09270
2935,894.35075,467.17100
2936,937.98737,470.53096
2937,688.30186,343.45451
2938,457.22121,276.32725
2939,626.63716,261.45035
2940,916.59595,544.26509
2941,515.25637,-9.97574
2942,928.85094,361.12387
2943,578.97077,255.37087
2944,660.83990,307.42611
2945,749.42224,354.69410
2946,734.66763,348.45466
2947,605.86491,234.32851
2948,804.95582,440.67740
2949,835.23054,409.75963
2950,1072.12426,-8.26424
2951,720.62710,408.55661
2952,832.81080,340.04890
2953,786.94734,424.70601
2954,626.84787,303.27452
2955,768.37407,372.67932
2956,725.48820,383.25511
2957,772.43526,392.08752
2958,941.14132,489.17165
2959,638.19654,304.20588
2960,513.11096,266.25926
2961,961.63987,485.65904
2962,726.66169,359.04260
2963,569.25713,247.32610
2964,475.38378,-135.53563
2965,1031.23944,576.16800
2966,486.32931,228.81179
2967,763.99255,399.91779
2968,1011.56106,555.10442
2969,746.85531,416.99146
