0,779.29231,281.72365
1,735.31632,252.73270
2,761.46706,320.32597
3,750.65799,223.24895
4,747.74885,170.40586
5,766.98789,208.98943
6,779.36637,280.73955
7,819.96634,356.18066
8,728.34913,221.59785
9,706.61336,170.32918
10,751.22668,140.16318
11,683.12506,202.82036
12,796.98484,205.47595
13,785.29148,332.13161
14,773.28265,325.73806
15,747.46891,186.35748
16,696.97144,168.56161
17,812.40195,373.22104
18,785.20675,198.91331
19,758.85905,210.93708
20,752.70171,327.02264
21,813.84112,348.97682
22,744.84524,304.03394
23,713.85890,184.34878
24,710.87311,156.94626
25,756.77024,198.58685
26,740.63520,142.68478
27,743.58257,165.78831
28,796.00208,341.28296
29,761.51040,275.89998
30,696.46228,164.63282
31,707.12742,156.99809
32,799.48683,291.63158
33,731.86695,159.49126
34,708.59766,197.49962
35,780.29586,332.25075
36,708.32178,174.57681
37,815.68558,205.38670
38,702.97401,141.05885
39,760.82927,172.46621
40,747.37053,148.57675
41,754.57228,164.48999
42,769.00735,180.00292
43,804.80416,320.65840
44,707.72048,144.85059
45,727.90284,195.79912
46,713.14088,176.59335
47,736.86591,214.44918
48,727.15210,157.98415
49,811.96718,343.44212
50,784.10492,318.23646
51,735.65296,189.50808
52,731.91148,140.74254
53,772.53985,183.60502
54,677.25917,151.42917
55,737.73623,156.57838
56,779.74141,280.80907
57,709.21050,262.23563
58,760.31937,176.21640
59,691.83430,144.63440
60,725.02068,166.23824
61,726.75876,195.26150
62,799.63040,211.85117
63,708.13056,163.24683
64,766.82190,328.81248
65,719.73818,167.39463
66,732.69082,188.99225
67,714.05723,200.72361
68,745.98825,225.90971
69,736.04962,146.86947
70,722.27920,163.43236
71,755.52709,164.66736
72,795.19220,352.84236
73,757.55838,276.48371
74,802.44538,344.97404
75,687.42902,197.44756
76,711.26461,206.06294
77,754.18544,176.11973
78,721.92876,138.18258
79,808.61372,368.72960
80,727.32925,232.77753
81,753.55698,317.56374
82,744.46216,205.66986
83,738.43778,171.05150
84,715.53299,142.15184
85,694.53917,177.12977
86,716.00108,272.11666
87,707.87392,159.67647
88,816.08689,366.40998
89,814.20134,196.89182
90,748.93153,176.40197
91,745.90168,179.14513
92,737.71011,138.77950
93,751.87471,228.32434
94,766.43108,318.78782
95,795.13073,327.67659
96,705.64395,147.53633
97,722.63358,134.89806
98,735.03461,175.91953
99,724.29400,161.48648
100,741.72371,153.63657
101,817.61294,365.61425
102,809.08522,323.85217
103,760.76471,321.69785
104,772.09333,237.94748
105,731.82776,143.88388
106,702.39032,151.21179
107,819.66282,197.86841
108,725.10068,171.16858
109,789.41356,318.73068
110,749.82832,276.49090
111,818.94447,363.86433
112,685.36373,206.63460
113,727.83951,201.22201
114,703.18274,173.39552
115,733.44321,153.40221
116,720.54058,261.74376
117,794.34055,318.63220
118,719.34874,163.89704
119,696.36441,176.39672
120,734.30519,141.68435
121,807.69274,333.40804
122,705.65323,157.94322
123,749.81755,329.92916
124,817.64468,376.95004
125,715.16463,153.72451
126,732.18676,139.37253
127,777.69560,208.66255
128,748.38724,204.05669
129,726.29096,215.38887
130,724.72630,160.74553
131,757.75468,318.40705
132,788.51163,309.10584
133,772.88601,315.50789
134,749.03127,156.68852
135,743.14275,150.78183
136,824.67896,200.88424
137,820.49017,201.09936
138,801.05219,358.01775
139,754.25183,258.96607
140,721.91475,269.43412
141,683.46749,152.14252
142,818.16315,346.74694
143,804.58306,200.35958
144,739.30991,169.71205
145,756.68697,304.47096
146,707.52099,223.48705
147,802.53115,325.64487
148,757.52479,333.41895
149,749.15929,148.20612
150,752.99864,145.72663
151,738.49152,143.57123
152,757.85258,146.91477
153,819.16865,348.56480
154,720.61167,227.65542
155,681.60015,208.50384
156,799.56419,311.48307
157,688.48009,158.06941
158,737.00131,143.96376
159,756.27678,177.73067
160,725.61576,275.07981
161,736.83387,216.31547
162,688.70632,182.80496
163,752.13119,149.42640
164,733.44814,186.63009
165,746.32818,146.13972
166,735.92697,238.99325
167,719.05820,201.36607
168,691.26933,199.84537
169,740.64295,216.92150
170,692.23184,177.70096
171,770.88004,221.40865
172,726.27459,186.39552
173,724.82373,155.03077
174,788.01051,191.42412
175,764.83041,176.65902
176,748.00176,305.94531
177,747.49460,328.80939
178,699.19038,172.41071
179,762.87576,210.87809
180,708.37122,212.50138
181,687.91450,191.96210
182,723.87257,137.55460
183,706.40407,153.48511
184,775.89123,195.51188
185,800.31458,350.52688
186,701.57474,201.81779
187,749.47470,171.95087
188,715.23245,156.10442
189,749.62798,152.43432
190,700.13328,141.73004
191,775.35529,316.22817
192,690.10607,209.04389
193,715.05734,197.95596
194,764.84495,246.80843
195,682.21052,190.38066
196,816.14721,203.10611
197,814.27309,340.61063
198,713.45590,212.97703
199,817.46454,361.12866
200,716.51202,161.66268
201,762.10161,312.75583
202,759.21774,183.30660
203,736.85496,203.66160
204,710.29112,163.70864
205,728.16521,171.60251
206,753.54815,257.38023
207,801.20734,209.61761
208,718.81729,155.99903
209,717.65420,200.72569
210,741.88712,172.54677
211,761.61769,188.17719
212,729.92081,205.71862
213,786.86516,301.32939
214,736.96956,246.12196
215,802.19419,335.07552
216,740.63303,170.88225
217,685.32224,174.81774
218,748.33074,268.99249
219,750.15808,163.19716
220,768.17854,290.37746
221,810.02301,354.61443
222,763.65564,176.61120
223,735.76129,225.54301
224,760.14832,198.07805
225,768.04990,295.63021
226,793.94680,213.13356
227,813.47191,330.66150
228,809.29038,366.93692
229,811.72824,360.64642
230,698.81245,177.51535
231,720.34021,173.38872
232,742.16244,179.32637
233,741.13482,134.10433
234,749.01902,320.23166
235,728.00385,224.19623
236,785.82892,343.24324
237,717.94259,253.56420
238,763.53134,178.91933
239,708.09459,150.98686
240,761.35534,161.14808
241,810.64527,333.80707
242,762.43160,237.39585
243,754.97939,226.82740
244,684.27093,199.71522
245,777.35248,307.40381
246,715.57993,165.80338
247,713.49768,162.09734
248,729.78225,172.63220
249,788.01753,293.94010
250,723.46209,182.63162
251,701.53294,174.92261
252,690.94970,229.76797
253,712.29417,171.62373
254,732.24122,204.37194
255,761.66646,246.58518
256,755.41217,186.67308
257,747.41377,292.61304
258,721.75698,162.01685
259,745.11947,158.76489
260,766.55186,192.95564
261,719.84922,234.34624
262,791.54175,315.50499
263,792.31195,322.77719
264,757.29514,272.56143
265,755.60227,161.80917
266,737.30107,162.83734
267,739.62152,145.02303
268,809.92973,356.21946
269,816.87034,338.33518
270,727.66534,173.20857
271,727.61817,181.03290
272,747.62861,154.89590
273,753.08843,168.29139
274,737.50685,195.90199
275,750.07215,268.94185
276,745.80862,300.80376
277,690.35547,173.16509
278,734.87735,173.43687
279,747.30248,166.22616
280,717.63774,145.79472
281,749.86809,141.83945
282,764.14296,285.95139
283,737.42832,153.00476
284,821.26827,358.56030
285,736.55564,155.97213
286,723.99304,146.94330
287,719.04543,133.15207
288,681.46183,172.83275
289,781.98577,324.34036
290,731.88793,180.67032
291,696.45718,178.44764
292,731.94453,196.30009
293,692.46122,182.15200
294,730.02214,213.77405
295,736.63666,172.60674
296,706.53529,215.21515
297,768.95525,266.39773
298,724.71627,184.18815
299,758.47095,152.62316
300,755.94497,160.04996
301,713.20455,157.47154
302,779.06276,225.53291
303,752.21915,313.00591
304,696.76053,171.97675
305,710.56656,257.25081
306,673.63548,217.29337
307,694.97677,172.15009
308,730.77515,174.46313
309,736.67896,293.72235
310,726.86447,147.10579
311,825.64863,368.61536
312,754.61006,167.52342
313,778.30827,338.67170
314,729.47778,133.26451
315,820.46926,204.31930
316,749.32158,325.30734
317,710.36209,175.48099
318,688.91781,165.95218
319,766.91865,174.03934
320,730.88370,157.76788
321,734.60307,146.87718
322,753.70114,157.38766
323,746.97326,325.97897
324,813.32805,204.70291
325,708.29792,210.07718
326,760.00506,169.35770
327,733.48740,137.95559
328,728.07105,178.53651
329,748.16230,194.48800
330,752.67734,309.16032
331,680.34875,210.46871
332,688.28701,162.39789
333,742.13408,142.65024
334,741.38995,174.89534
335,715.85203,176.64993
336,749.37895,183.36962
337,765.91793,296.76823
338,699.72373,165.41345
339,786.70374,311.90550
340,699.78432,150.02577
341,743.13259,179.25970
342,684.03918,187.33170
343,806.07812,348.31191
344,752.00807,280.12096
345,694.43134,190.56316
346,728.31467,287.38821
347,734.48678,163.16593
348,726.29670,191.79293
349,805.40221,181.73887
350,746.60306,304.79515
351,702.41868,204.39384
352,828.90885,362.11286
353,693.69400,157.53383
354,745.36620,167.54872
355,725.29725,178.78493
356,737.58271,134.17954
357,812.84497,371.22781
358,754.44299,178.66293
359,724.21033,140.70157
360,713.10653,189.59192
361,762.61406,242.25840
362,677.04460,222.95803
363,748.83899,213.82801
364,742.25159,275.37659
365,718.43627,230.40615
366,824.76074,375.13474
367,695.20986,214.76275
368,740.98463,195.42555
369,761.00282,163.29236
370,740.68615,187.16989
371,733.97575,295.47560
372,684.01743,195.31321
373,810.60490,330.25465
374,725.00802,288.34814
375,753.41829,204.33511
376,696.94959,194.75161
377,717.23504,139.67195
378,670.86362,180.68159
379,749.37399,240.51131
380,769.49565,187.58566
381,697.75929,173.40855
382,700.70340,217.79001
383,686.08364,214.57190
384,729.32692,179.00510
385,793.34355,332.75890
386,754.96255,244.11072
387,733.87227,220.28914
388,724.90234,151.52276
389,676.73583,169.80862
390,749.80230,238.15655
391,722.83928,158.56893
392,808.70190,360.81110
393,676.74056,200.79850
394,748.41759,289.96037
395,717.24188,156.52997
396,692.02856,166.15969
397,753.98795,218.54074
398,743.84751,178.00077
399,799.88843,357.56246
400,724.46479,173.54245
401,750.07782,201.59433
402,766.84836,220.74417
403,703.65075,224.12760
404,742.95618,170.84207
405,693.74298,195.69858
406,750.09355,292.59527
407,674.52542,222.52605
408,807.08866,313.02923
409,744.08776,135.03116
410,748.27842,316.59987
411,741.51384,147.40240
412,748.45903,168.83328
413,748.91537,249.88784
414,686.11244,195.56745
415,738.72347,186.13999
416,735.08107,158.42746
417,683.34383,210.21615
418,732.46224,167.71614
419,747.48751,264.10559
420,771.05538,313.96414
421,789.44780,314.04633
422,720.34426,254.61255
423,821.99299,348.48835
424,734.65530,150.67429
425,744.90747,152.44793
426,720.86952,154.31177
427,730.61950,160.02177
428,680.35607,231.92440
429,807.73618,324.71928
430,729.25442,188.93868
431,748.81173,188.07336
432,725.73527,155.91489
433,736.02178,130.55269
434,769.22710,183.08406
435,752.01891,320.87358
436,756.43639,322.70691
437,787.75928,226.38568
438,716.33263,141.29649
439,756.96726,179.53104
440,720.92421,176.80038
441,725.29683,202.88203
442,797.45764,317.70916
443,683.20200,182.37150
444,815.61498,373.50171
445,759.03481,181.52862
446,742.64663,140.27471
447,753.94830,162.55049
448,735.63498,141.41188
449,756.89792,189.89632
450,760.49604,282.31042
451,751.17495,169.94510
452,726.87437,130.83580
453,710.01749,221.21612
454,679.53159,176.10237
455,712.54183,179.79704
456,774.74031,279.22515
457,766.40324,332.50662
458,711.38932,142.53396
459,699.59202,155.98444
460,703.16007,197.23074
461,805.69834,357.41179
462,729.01095,144.71069
463,790.33427,324.54390
464,751.98674,255.52780
465,764.80285,192.61334
466,682.98965,143.18687
467,732.96523,132.38094
468,749.82377,185.71232
469,749.97778,159.45655
470,788.30025,305.68497
471,753.05375,160.21811
472,726.68586,267.49552
473,718.14850,177.37313
474,813.88659,363.63607
475,744.90378,170.28532
476,691.21202,184.78144
477,769.87766,330.97797
478,801.23807,349.02516
479,766.34542,232.87683
480,743.92381,159.66461
481,745.14606,149.75653
482,728.76830,140.19184
483,752.17352,164.07527
484,787.49981,304.03044
485,737.07571,273.22311
486,736.50433,258.38644
487,800.53963,328.15981
488,740.13418,158.72945
489,751.70069,172.37582
490,748.86834,165.41207
491,758.32297,246.52678
492,755.44407,181.38531
493,807.73154,320.92303
494,824.65837,202.60207
495,755.95149,252.02361
496,679.49609,185.53776
497,722.01757,193.78887
498,755.45123,156.82820
499,748.53066,207.25101
500,750.41190,308.63185
501,722.51667,211.52570
502,708.96579,154.80807
503,760.47409,196.94375
504,761.12532,189.87478
505,757.59110,261.95552
506,780.09947,298.68492
507,762.73387,330.39014
508,727.18614,205.49781
509,761.54924,226.84606
510,672.86576,164.24202
511,703.04573,160.34683
512,758.04315,316.27490
513,759.35517,204.07048
514,782.43929,334.39416
515,694.62765,179.78331
516,681.15125,163.78610
517,732.92577,169.96160
518,766.12109,274.79254
519,767.66969,215.48146
520,826.13466,370.53176
521,733.11289,157.95910
522,824.19038,367.12063
523,738.41862,148.82674
524,724.16181,176.92922
525,744.08913,307.27670
526,777.14939,295.93804
527,764.52693,314.13608
528,733.01924,162.53440
529,744.69926,146.84120
530,712.99828,126.74074
531,676.07003,219.61940
532,739.92043,178.01552
533,828.10775,366.95580
534,676.24244,194.84621
535,742.27869,224.82570
536,697.65678,190.48783
537,726.97291,200.02657
538,746.24508,151.36638
539,722.63793,175.26467
540,751.28508,306.66346
541,736.40799,169.12187
542,697.37961,205.44470
543,689.45752,155.78364
544,778.70338,200.12825
545,820.93992,360.82908
546,707.77340,230.72013
547,799.65081,325.06532
548,752.80001,159.31219
549,703.87962,175.77678
550,750.34643,180.59054
551,771.92589,232.62717
552,713.67846,149.17249
553,797.73264,310.91060
554,815.87246,372.13202
555,745.68070,184.16842
556,806.66241,320.69164
557,756.60905,180.99110
558,749.96572,168.34557
559,752.50519,205.58161
560,766.32644,304.61218
561,730.26142,135.73011
562,808.64681,321.63500
563,726.08566,141.88295
564,756.97952,186.70013
565,706.66988,201.64684
566,691.47454,154.42435
567,745.60042,326.27229
568,708.86758,195.80358
569,809.50461,370.78409
570,733.61383,242.52627
571,722.65967,200.05641
572,816.89751,197.14040
573,727.27609,193.33905
574,681.13158,218.21264
575,817.15649,349.92790
576,761.90503,218.62487
577,685.78739,210.07593
578,722.01252,185.19139
579,693.15347,168.82637
580,713.55000,142.55171
581,733.86382,249.02169
582,691.76905,186.07690
583,776.11285,223.50253
584,700.50289,190.40599
585,713.60082,134.32069
586,713.76023,220.32185
587,772.31861,169.13503
588,792.31668,349.19711
589,799.94753,308.20615
590,676.01961,165.40839
591,738.49325,181.02252
592,715.31263,146.29816
593,738.46541,147.77070
594,727.00267,179.70526
595,758.79587,326.37063
596,795.95862,315.86130
597,735.38109,198.83627
598,697.12343,238.85001
599,733.25733,146.20377
600,691.12912,193.30894
601,730.69735,172.84639
602,786.28648,335.20006
603,784.46447,340.58198
604,694.13518,160.34482
605,734.87736,204.07852
606,719.12592,181.02750
607,736.71104,220.62290
608,713.06161,151.73216
609,691.21500,220.54928
610,825.04106,356.10053
611,733.96713,152.43998
612,719.62002,146.27178
613,751.56184,137.13600
614,769.94366,203.54168
615,745.44859,190.53353
616,692.98776,217.37935
617,813.94250,346.24189
618,797.82582,355.37854
619,739.60214,210.53321
620,774.02333,228.28537
621,738.19821,188.91754
622,702.37427,214.91480
623,816.43483,364.23875
624,818.35518,198.89658
625,685.95933,184.51841
626,742.69815,230.50781
627,761.73003,164.48315
628,724.34196,127.07274
629,779.25003,243.68869
630,754.85263,195.16564
631,817.18030,345.85983
632,752.01326,180.65875
633,739.09591,150.60541
634,763.87895,172.67043
635,723.53333,142.77783
636,808.07943,352.81293
637,780.95670,329.68911
638,816.13227,367.78795
639,757.88916,240.89201
640,800.87149,321.60284
641,726.53933,177.49978
642,674.81973,189.42443
643,738.26046,141.57307
644,804.17195,354.12333
645,710.37358,227.59812
646,709.57431,167.04978
647,829.87629,372.26117
648,716.46346,159.21143
649,713.13767,144.92949
650,756.04450,263.84138
651,771.77769,297.69934
652,762.12878,230.69434
653,736.48719,232.24841
654,691.65150,162.23423
655,805.46753,198.43555
656,728.09203,156.75623
657,753.78958,261.51003
658,764.76382,288.35230
659,752.59011,194.44513
660,754.26111,241.26925
661,722.75593,156.15863
662,745.71637,147.95913
663,736.86320,176.43100
664,758.73599,324.86261
665,700.01533,203.34980
666,810.36828,373.57962
667,719.51707,158.97463
668,720.30170,138.75614
669,725.90949,228.82484
670,745.03639,219.40419
671,728.86047,176.91378
672,741.17174,212.84596
673,695.88778,192.36219
674,718.26818,208.63564
675,720.55234,140.95163
676,734.23311,188.21771
677,740.12204,206.04461
678,760.01259,268.33811
679,725.75264,144.32346
680,757.34190,219.79062
681,724.40469,153.28774
682,741.19141,157.03372
683,740.11216,208.32165
684,741.12687,161.21582
685,675.69215,218.28789
686,732.71871,199.66094
687,678.85449,192.76407
688,743.76961,141.48293
689,718.40350,144.30939
690,719.42305,154.64963
691,809.02724,358.35900
692,706.87450,199.06923
693,710.37638,216.44269
694,742.19519,180.89715
695,719.58502,206.03033
696,712.83318,154.59390
697,714.37941,139.09472
698,743.39807,299.36087
699,818.98337,339.20899
700,749.11014,155.12226
701,730.07312,190.65729
702,733.68050,167.88393
703,727.70028,169.69843
704,733.20315,174.55237
705,771.55888,292.83727
706,764.60545,326.02465
707,776.22809,203.15464
708,709.26434,188.49424
709,711.72093,187.76448
710,698.14679,163.95347
711,757.05305,156.15386
712,695.37771,167.58067
713,729.81714,180.53009
714,769.41161,227.63968
715,694.62493,195.55497
716,708.04776,183.13170
717,700.72469,172.78389
718,744.32818,187.93973
719,810.00210,320.35616
720,740.64179,189.34623
721,745.05045,164.88363
722,743.79631,191.15988
723,720.61897,152.60283
724,700.75921,144.24700
725,709.82757,180.71058
726,803.50903,368.43405
727,694.35974,185.71678
728,693.84392,178.57828
729,767.78036,194.20649
730,676.03666,171.68203
731,728.14417,137.39132
732,699.51416,197.79588
733,702.22030,210.72620
734,678.61341,187.91837
735,674.16266,177.75793
736,697.48726,198.51772
737,751.82486,147.14014
738,725.14001,134.81865
739,735.37546,193.91569
740,768.39689,291.37003
741,704.11795,203.74678
742,687.69610,154.78412
743,705.30677,130.13601
744,722.48305,179.74667
745,826.50490,200.98925
746,754.17293,168.94688
747,775.58923,318.92370
748,761.35915,269.12270
749,737.89787,238.93958
750,753.69675,249.49647
751,703.51732,166.11977
752,682.55034,160.54126
753,703.60550,180.11132
754,807.03677,364.22022
755,739.33088,229.82023
756,772.93429,323.02961
757,687.60207,167.45089
758,731.78354,161.78714
759,706.05922,149.31247
760,728.97727,168.83956
761,818.35510,348.90698
762,721.50495,201.94432
763,761.01295,178.37288
764,755.21752,144.68851
765,745.29271,155.92010
766,701.18678,154.91912
767,746.57053,201.69600
768,726.91309,162.55791
769,751.74529,286.99334
770,690.52724,156.74066
771,719.15484,178.92998
772,747.69683,200.44590
773,733.38016,151.01593
774,727.07219,184.17808
775,745.84316,294.76772
776,716.03599,187.90707
777,709.70585,142.84179
778,709.55187,136.81419
779,712.57321,169.42171
780,794.91824,333.57685
781,807.94986,340.85312
782,744.71470,323.43393
783,703.55843,187.87031
784,693.43348,161.82746
785,705.51954,141.48163
786,704.63854,206.00226
787,745.94428,137.44357
788,807.55545,350.76322
789,747.07903,234.37807
790,765.44109,235.27023
791,716.40346,151.47298
792,768.62532,242.45965
793,788.72107,335.51843
794,754.80136,136.07853
795,739.57169,281.23892
796,763.51399,329.56087
797,715.34189,160.40421
798,727.78064,160.74848
799,703.16734,194.39894
800,740.66731,136.51531
801,752.64732,319.88932
802,801.86681,360.62129
803,771.55574,208.91981
804,740.70515,139.32966
805,750.31990,203.54834
806,731.96162,178.00681
807,747.68338,135.35882
808,827.94927,355.35267
809,740.35721,167.47417
810,750.20568,178.98202
811,717.21539,132.33043
812,705.28643,174.88656
813,750.83847,187.06269
814,732.90068,147.98051
815,815.19138,356.95875
816,760.44504,252.19769
817,734.10060,205.99598
818,727.59922,265.77030
819,763.50256,228.98994
820,729.83891,148.17985
821,727.13414,164.52347
822,801.51196,351.70311
823,820.60603,374.06745
824,793.80018,326.09204
825,806.45029,200.84762
826,728.71077,186.45532
827,779.13980,192.34088
828,762.78822,175.27282
829,812.12302,357.21966
830,779.01377,322.82206
831,739.86518,226.87650
832,813.17559,353.29165
833,740.71835,163.29872
834,737.31678,151.96384
835,717.53486,155.10056
836,696.09283,153.91905
837,689.09819,189.85454
838,675.29324,200.42614
839,762.72805,243.59017
840,698.32175,157.92451
841,720.93364,171.22073
842,721.03990,175.36388
843,829.50590,363.42008
844,800.73000,212.54721
845,731.57207,272.14339
846,740.70942,152.20783
847,747.88064,160.65149
848,731.09054,167.66070
849,688.73461,172.38264
850,683.29862,186.33904
851,682.69444,223.60787
852,759.19753,230.47635
853,680.85756,169.08750
854,755.32462,211.71887
855,711.58471,162.93465
856,735.51715,191.18080
857,684.87457,176.94870
858,801.50004,220.64319
859,671.37197,184.71805
860,691.96405,201.72441
861,694.13782,213.88854
862,723.81949,152.50209
863,752.06975,186.28753
864,711.35465,145.69014
865,711.57802,198.79635
866,711.37869,139.85488
867,743.05765,162.20796
868,707.08819,132.34080
869,749.93956,165.05389
870,746.84261,167.94028
871,741.72991,259.46974
872,755.14104,317.91194
873,689.73345,161.15956
874,724.36385,186.10821
875,683.23997,193.64441
876,734.24286,160.37174
877,676.48735,188.43991
878,795.41202,320.11657
879,805.40882,351.54882
880,756.96092,266.63333
881,752.63153,243.76985
882,718.53789,207.46621
883,759.92727,189.25751
884,752.03724,241.64863
885,756.58858,291.11948
886,751.73436,209.43858
887,731.48106,193.37254
888,703.74707,195.02706
889,735.81191,149.09505
890,710.55179,190.85082
891,752.16075,214.24522
892,811.38550,367.88062
893,724.82412,193.99667
894,720.57135,243.78807
895,735.31305,245.64498
896,707.64818,259.76045
897,762.07629,182.67159
898,727.71289,132.93804
899,804.17742,356.18042
900,818.81658,336.62757
901,687.52299,202.17898
902,758.33267,214.78699
903,737.12738,188.12283
904,736.70753,138.32284
905,746.04133,319.90100
906,755.64974,326.37442
907,793.80504,317.39738
908,717.17560,188.07838
909,757.46543,251.04734
910,747.07827,173.44830
911,729.47230,162.99880
912,827.69214,365.15041
913,674.39561,186.12796
914,703.18865,169.52631
915,717.58351,126.90044
916,718.78323,188.30333
917,712.60339,152.44408
918,685.38713,208.61194
919,822.79846,356.46104
920,707.09347,241.85844
921,668.18356,175.93105
922,730.87620,222.96382
923,727.73107,145.73810
924,707.14342,141.08730
925,751.65990,165.50325
926,766.17999,280.54839
927,764.52530,217.67779
928,739.19517,161.70982
929,744.11762,262.70074
930,706.41958,144.70063
931,697.71434,200.90600
932,756.44951,158.23595
933,754.06899,230.60967
934,729.23453,281.47965
935,776.09673,322.56998
936,755.05542,208.33698
937,731.99304,166.04354
938,735.52459,165.82960
939,721.17343,223.45907
940,768.60479,173.20205
941,736.33725,271.73495
942,731.51144,164.02696
943,690.12187,167.94341
944,721.31134,187.82854
945,705.31975,162.63632
946,759.24324,307.30464
947,739.83374,165.05869
948,692.45705,190.43533
949,707.88499,190.98438
950,731.41195,154.41946
951,733.44384,183.43862
952,754.70862,267.63212
953,683.56533,171.18768
954,761.72116,215.77155
955,682.87672,178.60672
956,711.55678,180.27230
957,710.81257,131.08416
958,751.44668,138.97536
959,771.41037,207.90517
960,776.91964,314.31682
961,751.63979,276.86801
962,727.19253,270.34637
963,772.28656,319.21801
964,701.19892,225.27065
965,725.60432,196.58532
966,730.93085,148.45384
967,747.82175,158.54168
968,809.42376,326.03096
969,805.43998,361.58987
970,711.11982,183.16531
971,720.32905,157.36494
972,755.43552,329.93048
973,714.91441,123.04996
974,799.14673,359.98166
975,747.10242,153.32831
976,688.04099,186.94692
977,673.04021,206.46222
978,742.58195,188.84814
979,693.72004,193.49921
980,760.57952,224.26074
981,787.31257,324.18757
982,701.17441,187.64593
983,709.53511,192.54384
984,718.48197,137.48379
985,711.76097,156.37231
986,825.21768,199.06356
987,827.46957,197.73510
988,802.37843,356.42548
989,702.46191,180.19586
990,763.57452,293.61939
991,743.46996,186.53702
992,716.34186,173.61862
993,725.95768,138.71685
994,731.58928,187.34196
995,716.07341,217.38591
996,771.93062,276.17700
997,719.56930,268.64272
998,801.44550,363.14599
999,684.77755,171.86790
1000,698.39893,165.06195
1001,762.62452,185.61545
1002,672.16877,191.49831
1003,720.32584,184.94930
1004,744.14082,202.12549
1005,670.97787,175.90687
1006,726.90002,136.42234
1007,724.43252,188.84747
1008,746.73563,197.05023
1009,737.63482,298.34889
1010,733.11995,293.42689
1011,762.84133,191.94782
1012,735.08945,161.38176
1013,705.36622,156.01850
1014,701.73888,158.45378
1015,712.34979,175.38817
1016,737.40476,287.81862
1017,820.57695,346.06880
1018,712.05487,135.69621
1019,678.95870,182.64083
1020,685.76976,187.67572
1021,748.27988,143.49919
1022,817.58691,192.28197
1023,739.27804,220.58121
1024,823.84717,349.55628
1025,816.96248,342.20382
1026,748.38637,146.67606
1027,765.83602,174.86107
1028,718.88038,130.15990
1029,729.36347,182.51445
1030,723.92062,132.45751
1031,735.56626,278.09733
1032,745.67864,268.69281
1033,764.91031,271.07284
1034,737.10348,191.08709
1035,758.66405,159.56090
1036,735.89335,182.76958
1037,774.74179,306.28739
1038,757.86161,216.45641
1039,694.86154,136.93272
1040,770.14259,191.75022
1041,752.20940,175.48134
1042,757.33325,171.69853
1043,760.90556,205.54305
1044,780.34918,336.89004
1045,704.19041,197.19346
1046,812.90094,336.08185
1047,747.37401,161.86120
1048,762.89226,194.95218
1049,767.75582,192.77725
1050,768.79539,189.70545
1051,811.11806,338.73198
1052,771.20519,323.57225
1053,725.91356,213.24027
1054,739.93363,175.70983
1055,769.71275,206.15571
1056,810.87784,370.45741
1057,674.50327,181.05707
1058,792.48699,313.85102
1059,729.32236,165.58837
1060,746.71246,193.66633
1061,746.62833,199.61263
1062,718.92186,160.83492
1063,691.07326,218.51898
1064,741.73392,198.13148
1065,735.12741,180.93744
1066,767.65686,326.23636
1067,742.75253,147.94864
1068,754.47289,172.26387
1069,692.65728,200.80476
1070,767.43706,241.37799
1071,722.85260,270.93185
1072,732.84932,209.03940
1073,760.70248,229.24293
1074,686.33334,179.18721
1075,717.37063,181.91209
1076,799.47425,186.20947
1077,701.42981,199.69797
1078,737.15095,300.07454
1079,690.45160,185.85550
1080,714.21522,178.31354
1081,728.08594,143.31740
1082,739.21199,156.73885
1083,747.04086,180.22406
1084,768.35785,196.75051
1085,810.94729,362.17988
1086,765.92470,262.16789
1087,779.65263,310.07521
1088,699.97850,158.33314
1089,717.08765,175.69760
1090,753.28381,155.22463
1091,745.33144,239.18473
1092,800.03952,319.76866
1093,751.29475,253.07169
1094,729.26420,194.87550
1095,689.16281,193.76206
1096,705.86339,164.21519
1097,756.96938,174.89748
1098,764.60667,198.02667
1099,759.94658,278.73518
1100,753.89156,197.15288
1101,758.93175,156.90219
1102,765.11579,185.77190
1103,764.25940,168.96724
1104,741.95048,145.71573
1105,804.20579,334.11430
1106,810.63880,348.52863
1107,717.54323,152.52163
1108,760.81435,191.46460
1109,738.19324,166.75191
1110,691.30744,191.69769
1111,706.38563,207.39131
1112,766.97152,256.13702
1113,719.10565,220.60561
1114,716.99644,137.14313
1115,718.43986,169.71148
1116,755.35130,202.69048
1117,725.58808,171.65708
1118,768.91775,318.76056
1119,687.85704,208.13224
1120,822.69456,200.29546
1121,757.16734,165.34725
1122,710.82421,165.50948
1123,759.92746,171.66568
1124,813.07952,201.21019
1125,737.61260,274.82772
1126,764.23525,323.19279
1127,710.78418,217.91505
1128,695.46427,150.79257
1129,703.99876,184.01544
1130,706.44282,137.76920
1131,726.61699,173.93446
1132,747.95402,323.86276
1133,694.51878,212.38263
1134,713.36327,182.66444
1135,740.74866,268.94178
1136,721.14944,168.85431
1137,744.01754,174.79632
1138,741.60613,304.91836
1139,753.38598,304.62651
1140,678.72080,162.02522
1141,733.70362,135.24151
1142,746.69373,175.50108
1143,767.36545,207.60066
1144,727.06108,134.91022
1145,726.51914,284.05851
1146,802.18174,320.57505
1147,683.54510,162.76534
1148,743.86740,172.74618
1149,764.48405,214.86217
1150,708.45999,170.04463
1151,738.03952,163.83067
1152,752.02343,182.81737
1153,756.26752,284.54010
1154,754.77656,270.98036
1155,740.66255,293.01161
1156,679.47114,177.64680
1157,709.30736,182.58440
1158,767.68658,212.92442
1159,723.48662,205.49623
1160,815.33509,360.40231
1161,728.28860,149.71625
1162,698.41572,171.22472
1163,818.49622,200.56524
1164,695.09681,155.74087
1165,720.28743,149.23343
1166,790.86752,333.58412
1167,692.26307,163.93664
1168,708.17339,147.84580
1169,721.93891,152.40423
1170,785.76710,291.71872
1171,720.61026,163.29504
1172,699.88427,181.24674
1173,771.43536,269.54666
1174,692.88068,204.70857
1175,741.43341,179.52373
1176,772.82502,224.47098
1177,754.62211,200.88534
1178,686.06833,164.65700
1179,735.63082,167.23263
1180,726.79707,210.69208
1181,712.62340,160.72895
1182,675.74282,209.20017
1183,689.89682,196.82525
1184,748.88875,173.65414
1185,708.26826,138.23471
1186,764.53075,161.68644
1187,740.70250,251.15695
1188,753.92340,150.26156
1189,774.43552,186.10636
1190,775.44274,335.11368
1191,720.54902,142.89679
1192,740.65593,155.25164
1193,700.66884,136.08119
1194,788.08369,216.35237
1195,745.21906,161.39970
1196,823.51569,343.99403
1197,715.86345,190.67802
1198,742.47667,168.84006
1199,702.18696,168.10656
1200,747.04975,181.45939
1201,749.95325,257.82383
1202,738.48825,301.64134
1203,718.58406,194.08339
1204,700.17602,163.80830
1205,726.30478,159.94152
1206,750.98519,153.86672
1207,740.66054,185.01831
1208,721.43894,250.69465
1209,788.61904,341.80601
1210,690.55111,183.14560
1211,805.22864,341.68124
1212,728.92207,175.10168
1213,745.70629,139.42842
1214,730.77849,131.28050
1215,701.92718,185.31700
1216,719.16200,191.90617
1217,684.33550,168.17888
1218,709.67829,161.14579
1219,748.15162,149.57986
1220,721.45724,149.28277
1221,722.60368,190.03839
1222,722.63299,274.41643
1223,728.90648,158.59793
1224,723.09180,165.72146
1225,721.95109,144.00785
1226,745.33602,141.42903
1227,708.93466,157.20343
1228,723.93499,171.50041
1229,798.37450,321.11303
1230,705.74839,183.18460
1231,724.03352,129.17168
1232,745.37755,213.81822
1233,782.56078,214.66182
1234,712.38161,199.64638
1235,720.20685,189.17972
1236,767.09609,322.72746
1237,760.75120,312.37192
1238,702.88439,171.52218
1239,711.68332,148.87914
1240,738.30380,202.86336
1241,730.80216,170.14814
1242,768.06947,253.00319
1243,692.44960,192.67192
1244,716.11436,179.03014
1245,720.86611,134.93338
1246,753.70825,153.78080
1247,774.11595,236.52425
1248,713.12895,141.38133
1249,721.70349,215.01728
1250,806.15130,355.14442
1251,730.33557,289.04027
1252,717.20375,169.02446
1253,713.08778,155.53125
1254,738.84969,139.76407
1255,688.60306,175.30406
1256,769.36336,325.09809
1257,807.51260,339.42555
1258,693.15288,207.82722
1259,761.29984,186.50160
1260,750.68992,144.79585
1261,683.36855,180.45027
1262,740.06937,183.23919
1263,682.23057,196.93073
1264,772.27385,250.21269
1265,727.53952,190.03710
1266,732.49458,246.49606
1267,701.09686,193.71960
1268,818.20957,204.64386
1269,734.22579,170.41019
1270,764.10296,319.40786
1271,810.37298,346.11013
1272,787.30850,321.68841
1273,720.29551,226.42393
1274,792.89896,283.17913
1275,701.18037,209.83941
1276,788.89002,191.15648
1277,757.03971,320.49996
1278,761.74613,258.02436
1279,735.01436,171.70709
1280,689.36726,216.74766
1281,694.07764,173.23390
1282,713.18038,165.18333
1283,728.49479,152.55341
1284,740.76610,256.81837
1285,751.48643,315.55991
1286,730.72253,258.12689
1287,755.61766,192.98510
1288,700.96710,192.42070
1289,779.86735,338.36845
1290,752.45795,235.65430
1291,815.22127,334.91027
1292,686.00397,240.05915
1293,698.74739,184.54076
1294,776.48210,251.93515
1295,779.03962,328.98811
1296,753.38736,213.77554
1297,737.48672,159.27993
1298,831.81644,365.79675
1299,740.16245,163.27715
1300,738.24186,190.60945
1301,762.57533,297.26342
1302,738.44999,231.55622
1303,710.94281,153.32327
1304,763.06753,198.89905
1305,724.65319,250.11952
1306,723.96530,158.25537
1307,824.95383,359.98320
1308,712.89235,204.08071
1309,721.09571,146.98031
1310,786.70379,341.60240
1311,744.13284,168.59754
1312,723.18154,201.35590
1313,718.36603,246.71688
1314,695.41020,182.55970
1315,726.39327,198.89546
1316,730.69139,278.27521
1317,811.86899,366.01152
1318,759.15179,164.80987
1319,735.75338,178.40652
1320,697.17028,218.52327
1321,770.56342,197.42903
1322,727.48019,154.41154
1323,743.45533,175.71382
1324,759.74067,227.18541
1325,772.10710,226.86106
1326,691.61316,214.33545
1327,803.19330,352.47305
1328,701.21307,176.48902
1329,802.72072,346.65290
1330,722.72688,141.98015
1331,821.79550,194.17407
1332,737.28754,147.91733
1333,749.04658,256.42780
1334,748.58425,278.32483
1335,700.01506,215.50875
1336,752.10189,332.20627
1337,738.34938,171.82293
1338,753.47602,183.92411
1339,759.68907,185.68684
1340,818.20573,351.35781
1341,745.30979,142.87020
1342,687.53201,174.42964
1343,690.34736,175.28666
1344,771.38230,213.85309
1345,717.36663,158.36985
1346,758.37438,235.25953
1347,798.76237,337.95836
1348,753.84228,192.83898
1349,681.67862,215.08094
1350,746.53730,191.24382
1351,712.13304,194.20921
1352,763.88293,204.55454
1353,730.68175,275.63973
1354,727.38033,197.97792
1355,791.21811,216.59696
1356,690.59394,188.95758
1357,808.28253,338.37713
1358,747.22073,261.87417
1359,748.53739,166.41505
1360,704.58579,140.75869
1361,770.18905,338.05496
1362,702.57557,146.04127
1363,703.30318,155.99420
1364,707.95425,226.39662
1365,699.19184,193.05508
1366,746.94554,195.01167
1367,739.05058,191.72575
1368,699.96257,153.47933
1369,698.56668,159.34118
1370,715.01156,149.75373
1371,820.73823,351.96794
1372,710.05337,211.31719
1373,735.60536,226.98156
1374,720.46480,264.51405
1375,719.78214,151.13938
1376,761.67959,204.57516
1377,674.92068,182.06997
1378,681.25481,186.05620
1379,748.12952,179.18795
1380,741.95952,237.72394
1381,805.80829,211.18220
1382,756.19673,167.86366
1383,715.82245,144.50132
