0,690.89838,-71.44447
1,931.68083,733.85398
2,506.59005,-209.99010
3,641.61304,-68.32186
4,784.54670,10.65792
5,1023.57437,451.49553
6,1032.22365,353.46411
7,1064.51900,437.75293
8,1046.90763,379.99854
9,1044.42221,97.13883
10,961.63375,556.79738
11,538.19774,-170.55840
12,521.56515,-198.24613
13,954.15999,692.56775
14,998.66437,450.72094
15,1069.63959,429.06984
16,1025.74656,513.33279
17,971.43985,162.07871
18,998.09123,604.55847
19,733.76343,-23.83338
20,1029.73840,321.78368
21,1013.68111,104.73324
22,966.19143,208.65755
23,1044.09654,335.34907
24,868.93834,331.83800
25,991.54217,359.27372
26,579.28115,-100.76804
27,960.90430,713.46572
28,792.59771,14.44288
29,725.48581,157.91307
30,564.98832,-162.72112
31,982.91562,489.27240
32,956.70402,713.54494
33,505.06628,-178.27622
34,1014.17919,513.40833
35,962.23231,682.15572
36,724.47884,158.16831
37,1001.08443,277.91028
38,925.06558,695.63664
39,694.27017,-77.61146
40,988.93283,468.42396
41,687.97374,-51.24785
42,1047.74688,97.82475
43,933.14322,504.53932
44,529.97749,-194.66155
45,1061.78992,379.80785
46,1042.18797,304.45158
47,970.48273,510.78072
48,988.63377,165.79994
49,1046.96835,400.51377
50,1048.86326,464.93269
51,1024.53707,384.47740
52,1048.58360,347.86482
53,645.65712,-82.69237
54,767.63670,1.34650
55,965.19287,534.66813
56,931.10955,-189.66880
57,1051.73888,437.50033
58,1030.98622,501.90381
59,563.59242,-159.41017
60,1036.23588,7.38674
61,952.96127,400.22382
62,1026.26985,349.92699
63,1059.86726,443.37193
64,929.79568,419.31277
65,1010.69648,368.08300
66,1037.43183,343.46844
67,1018.27482,402.06767
68,1003.52270,261.23814
69,460.90408,-209.66059
70,569.13484,-125.96220
71,944.46319,556.39875
72,993.73201,157.95816
73,503.72216,-202.84375
74,520.97959,-208.08321
75,888.23048,687.07500
76,942.94736,683.62638
77,962.62367,703.83367
78,667.41373,-86.09195
79,1053.94467,419.44031
80,1030.09451,205.79333
81,1000.74236,535.59908
82,1057.30547,346.78171
83,1042.05100,483.31799
84,816.92022,41.05990
85,560.53404,-129.84508
86,478.08848,-212.43978
87,567.05731,-154.70285
88,991.97667,382.61275
89,1020.00663,113.25445
90,944.93358,697.85975
91,971.13999,531.18678
92,836.99522,547.39136
93,429.10851,-229.91471
94,977.75667,393.23477
95,751.40090,-23.50580
96,1048.84301,357.32395
97,893.18457,492.61608
98,759.35720,240.18974
99,1068.11482,429.97619
100,1032.55592,233.12350
101,647.97882,-65.33125
102,1002.19500,369.61837
103,665.45712,-53.99379
104,660.54762,-59.42176
105,514.06092,-201.54747
106,1053.77428,321.24402
107,1050.06870,342.49841
108,1051.00823,240.11195
109,893.56733,670.48832
110,841.40590,638.69085
111,1058.42031,303.56044
112,1018.90984,545.05098
113,973.14749,661.72809
114,501.04151,-177.09845
115,848.49648,676.31329
116,839.83370,647.84902
117,523.65015,-170.05447
118,1028.51773,524.91390
119,1005.28134,495.07969
120,1048.32947,262.23527
121,457.57309,-187.18865
122,570.10260,-132.62632
123,1006.93823,194.58649
124,527.30814,-172.53535
125,983.50686,374.05125
126,1020.70805,152.77572
127,660.34693,-57.04056
128,488.86722,-184.62370
129,1031.32113,508.31577
130,993.52963,589.87905
131,532.50621,-194.28462
132,497.20362,-216.72307
133,961.72700,711.40052
134,1068.04616,417.45698
135,494.28934,-183.19881
136,459.41740,-202.61025
137,440.29639,-213.06731
138,862.36614,532.44847
139,891.49738,361.89183
140,543.52661,-169.08921
141,1015.91963,92.48545
142,1006.24608,509.60397
143,944.18782,508.28120
144,495.60377,-194.12040
145,932.22232,590.05482
146,1060.82526,448.09440
147,443.85215,-206.57885
148,1017.79716,481.98369
149,523.94488,-206.25409
150,973.54422,166.96760
151,1041.24903,97.38845
152,815.62539,682.86451
153,912.85806,499.06875
154,1040.11106,171.52256
155,1042.56076,354.64768
156,605.66819,-108.39418
157,971.80974,542.11348
158,1002.79147,413.31117
159,894.79604,-78.06946
160,482.44798,-203.83701
161,1010.44277,386.76527
162,509.09322,-195.70211
163,1048.69261,307.68071
164,797.12785,70.14560
165,1057.17987,426.11957
166,477.21096,-175.75792
167,953.47259,708.67113
168,1050.96362,83.08741
169,978.09767,611.50587
170,1051.33876,270.72640
171,998.94988,208.54839
172,987.20690,470.72174
173,1017.29104,541.31485
174,1056.06974,392.01585
175,1013.32796,432.01677
176,912.89135,689.33586
177,1059.60784,305.78396
178,1046.35695,118.78857
179,991.06176,585.69364
180,1039.63158,398.89805
181,1014.18333,294.67016
182,810.22776,677.69582
183,484.27629,-196.33835
184,1014.92316,517.98355
185,985.99966,545.34556
186,484.16757,-187.92611
187,1027.50150,373.49979
188,1027.03086,385.41423
189,1054.32631,80.49604
190,469.64604,-207.16098
191,1041.43400,345.26780
192,1059.65435,392.42355
193,916.23730,240.01366
194,1047.47415,339.15714
195,1006.80719,443.17616
196,1024.49840,408.33287
197,492.55528,-187.15638
198,995.07579,533.66457
199,709.93130,-58.27379
200,1020.14831,512.27757
201,991.79838,593.25832
202,1052.06691,453.83876
203,1019.36796,490.34356
204,449.96365,-210.90945
205,637.26536,-110.43780
206,1034.09815,354.39832
207,782.46714,4.73705
208,939.44759,700.98183
209,579.02245,-114.32896
210,974.72825,486.26212
211,1054.88712,381.60554
212,558.97890,-176.81497
213,1015.80869,308.90676
214,529.20474,-168.33935
215,821.13481,356.91265
216,943.49482,730.15618
217,1039.68924,416.69023
218,1019.48516,126.10323
219,1036.79296,325.32973
220,1040.96712,167.37502
221,446.25615,-198.18091
222,1011.05170,483.95505
223,834.33281,684.47463
224,504.73441,-181.02342
225,1048.57530,434.48818
226,1042.31360,223.45342
227,776.60570,0.91136
228,468.95902,-212.34136
229,1026.78166,8.54980
230,1030.38168,412.75328
231,830.15226,647.95057
232,889.89643,-111.23806
233,939.38107,384.55703
234,611.43119,-91.03216
235,1033.32181,286.97497
236,812.88166,531.12992
237,830.14238,660.61772
238,440.84251,-231.57478
239,1021.04099,128.26570
240,1010.05798,238.88839
241,515.93169,-175.02990
242,1051.74239,402.57050
243,1032.53674,123.13960
244,499.49088,-214.78677
245,1021.53141,484.94819
246,1000.05094,485.85581
247,968.13331,363.06777
248,490.72373,-181.95213
249,927.72493,-180.49645
250,943.88375,597.10761
251,1050.04894,105.45977
252,989.12070,563.52626
253,922.65009,715.72180
254,1067.30762,378.49663
255,1047.49775,250.27267
256,1061.78897,431.72832
257,650.91284,-115.67702
258,1034.32236,347.03817
259,999.33408,165.11784
260,508.41190,-193.95528
261,754.04685,547.45279
262,1039.63727,269.38869
263,1009.87632,325.95354
264,901.85776,169.40473
265,1021.56693,298.08228
266,573.76496,-161.90202
267,619.80723,-97.32566
268,1029.94039,380.61354
269,785.80866,554.50045
270,660.97039,-89.08315
271,1017.35783,313.97805
272,921.39333,706.31723
273,1024.96043,296.67885
274,890.84583,482.66559
275,1038.93431,46.29661
276,1064.65226,371.22018
277,1056.45990,408.79683
278,471.49280,-195.37782
279,1025.98498,519.40844
280,839.73006,639.38198
281,1016.56097,100.72852
282,918.46238,112.85227
283,932.79744,488.13296
284,639.43492,-113.06984
285,1042.43855,189.43158
286,1017.43638,400.27824
287,1024.36694,485.15664
288,443.00593,-231.36862
289,920.01244,249.73546
290,1028.83719,191.99286
291,519.93059,-202.80175
292,1049.89510,455.15921
293,1038.81591,102.40236
294,763.09381,-8.82187
295,927.39366,517.68032
296,477.26860,-194.15981
297,752.69407,610.81146
298,1026.28480,134.03967
299,1027.93923,406.53031
300,1065.20943,311.16835
301,938.23765,366.72982
302,985.22493,505.16249
303,886.43784,343.16092
304,943.76285,699.13600
305,1041.67313,101.12551
306,1013.14076,118.70132
307,524.38730,-174.15973
308,1045.33017,337.71715
309,1036.62352,349.99966
310,1042.58143,168.61001
311,1041.89365,404.67768
312,1036.35723,207.46633
313,569.90663,-127.73098
314,1011.83394,262.44214
315,1004.01617,453.36430
316,445.79784,-210.28888
317,1036.34429,57.25083
318,1019.59005,138.11610
319,1012.72297,401.41049
320,669.83636,-98.40536
321,957.41790,673.59890
322,1060.61801,395.32763
323,741.25513,204.41584
324,928.01166,707.01989
325,1046.88078,395.20263
326,887.13412,674.43277
327,988.67258,610.41622
328,1028.18902,527.02251
329,602.85043,-2.67344
330,1035.18310,165.47903
331,906.78943,197.26896
332,1024.80589,362.49941
333,1015.16326,511.67506
334,521.03082,-189.68792
335,1050.82115,384.51595
336,655.40348,-105.41682
337,1047.93929,430.91232
338,686.85282,-77.27007
339,1026.58877,400.50373
340,583.97416,-123.26222
341,1018.35819,416.78062
342,676.90457,-92.25651
343,1011.60925,566.18953
344,982.10999,282.45019
345,1054.64066,271.47545
346,719.72995,-30.96384
347,917.79193,539.16613
348,995.72676,491.52782
349,1020.53921,294.89223
350,991.36823,519.43345
351,951.30181,637.61995
352,1046.40520,185.14276
353,579.11927,-157.38532
354,998.62410,259.39926
355,550.79060,-134.99561
356,1012.96650,300.18439
357,518.32916,-191.10188
358,986.56606,552.56345
359,658.26742,-58.92075
360,524.30389,-203.79314
361,1037.74130,501.90184
362,1043.14725,103.02777
363,536.87903,-186.47052
364,995.45617,176.04701
365,1044.91862,231.02479
366,500.37031,-219.61241
367,917.21821,373.76927
368,876.86834,360.90816
369,671.11245,-98.65503
370,775.85501,-2.37491
371,945.09433,538.50393
372,496.74228,-178.10635
373,664.97090,-102.43345
374,621.48569,-128.30197
375,947.96189,576.11266
376,1038.13193,242.21557
377,737.34268,-35.37030
378,1023.48910,547.33176
379,732.32302,183.73263
380,1038.08573,287.01184
381,1047.96056,94.62656
382,1033.75773,413.60169
383,511.21847,-209.59699
384,496.52328,-187.93081
385,537.92672,-189.46274
386,562.49456,-147.90342
387,1059.31423,415.10525
388,656.72847,-58.69301
389,996.42671,623.93575
390,914.32913,674.76521
391,1048.15121,420.13795
392,529.43335,-198.77707
393,752.65648,241.65919
394,773.29857,-5.54714
395,1035.65813,355.33443
396,725.56467,159.98268
397,991.07687,228.14157
398,1035.46292,363.14445
399,513.34040,-203.85363
400,1010.42339,487.60817
401,984.67570,601.11849
402,991.74087,402.81665
403,1061.04946,409.89283
404,1012.86993,489.32788
405,597.52321,-96.00301
406,977.72179,502.59673
407,904.30424,170.63850
408,625.24379,-106.70902
409,684.37877,-75.24331
410,1050.63269,88.77411
411,811.13632,710.11439
412,1064.48014,396.44613
413,808.19945,714.24946
414,951.82133,508.06507
415,473.29626,-200.44710
416,728.02448,-32.77327
417,1039.71789,452.18434
418,1036.96943,341.78859
419,1002.86405,240.91974
420,1066.22834,398.22214
421,960.94764,-222.29804
422,926.50796,715.63433
423,1034.30820,476.53956
424,496.52645,-221.33041
425,1024.59801,462.93404
426,933.97090,515.17780
427,1021.95824,523.09447
428,496.27715,-209.56402
429,1009.06940,278.21119
430,1039.95069,487.02821
431,1000.91650,489.89644
432,669.44055,-51.16686
433,1035.81000,391.98523
434,1062.64195,299.56791
435,1025.75998,434.83243
436,1006.52265,257.86159
437,1028.75380,132.59757
438,994.57176,581.28377
439,1043.91398,162.20638
440,1000.42864,590.42262
441,959.46679,716.96977
442,949.20179,110.76566
443,905.86007,289.73737
444,1057.14839,422.37355
445,502.00504,-213.66102
446,550.13257,-180.47324
447,979.59761,458.81368
448,1032.53250,374.79158
449,688.33228,-38.07413
450,929.37768,725.43361
451,457.15759,-203.68514
452,1015.38815,558.99556
453,1039.63625,118.69443
454,984.31498,456.48901
455,1010.66996,71.56427
456,663.21664,-54.85004
457,989.12146,639.80276
458,513.46433,-207.35379
459,1039.62457,361.39060
460,1041.05157,346.93933
461,979.53400,586.36326
462,1049.01255,256.99145
463,972.79697,590.37051
464,1051.55437,325.54673
465,962.60527,669.87058
466,1030.39519,347.25122
467,672.95019,-82.16172
468,1036.79103,366.06100
469,1010.57182,364.64143
470,880.08302,72.28280
471,936.85616,522.92506
472,804.35251,34.53991
473,1040.92812,373.37807
474,1048.12543,113.62801
475,1053.28238,413.62410
476,1017.26390,188.98942
477,990.69191,462.19859
478,926.17485,720.30607
479,1043.13590,359.29496
480,490.51764,-214.05358
481,1003.36838,511.48829
482,554.10927,-163.09926
483,1028.01310,119.33415
484,1035.55467,326.91890
485,483.39763,-205.29087
486,987.67550,513.72788
487,525.91194,-157.81342
488,543.55530,-145.72464
489,1020.94529,402.49459
490,816.78780,639.02858
491,586.07739,-107.78469
492,506.38689,-200.74006
493,1002.12084,88.47198
494,1051.33794,366.67738
495,941.07643,133.54203
496,973.38861,593.97635
497,1065.32659,410.89281
498,1004.11553,274.01898
499,1052.65502,467.06136
500,481.57826,-201.62539
501,985.28467,184.86923
502,807.49014,630.78508
503,1062.34228,330.92438
504,498.62862,-208.51190
505,780.39729,4.26016
506,968.74145,592.36349
507,978.16458,609.86478
508,924.80367,586.21838
509,1005.90747,523.30740
510,1020.20390,374.17011
511,1050.41891,96.06621
512,494.78899,-202.35195
513,934.15426,-191.46266
514,938.91569,599.41094
515,1019.34019,396.30678
516,970.90569,578.70877
517,1008.71370,413.84669
518,1070.89149,376.75016
519,454.48296,-189.31826
520,1035.14163,96.00147
521,1050.63600,309.35389
522,1025.05424,428.46757
523,505.35664,-205.36949
524,652.91823,-112.31266
525,976.54201,255.49675
526,1042.87372,70.57605
527,964.53712,351.26078
528,519.04652,-158.28219
529,461.66941,-204.39341
530,1006.85175,101.87744
531,1042.67224,458.61781
532,993.71196,488.94397
533,999.95588,270.42258
534,512.50349,-206.45731
535,997.33334,451.23054
536,925.37644,451.66281
537,1032.47814,360.87304
538,1019.60867,483.74012
539,506.37144,-174.62842
540,1053.83339,88.67690
541,607.13085,-138.27083
542,979.28519,305.85276
543,1021.89799,545.21831
544,695.78541,-71.08441
545,1053.12967,304.31456
546,916.88924,116.47688
547,540.06473,-153.46946
548,632.23568,-126.93188
549,979.03831,574.82299
550,947.10841,708.38964
551,521.88628,-196.52740
552,528.75798,-176.55181
553,979.94432,364.65190
554,941.46628,391.54372
555,951.04056,511.97399
556,1041.68177,353.20178
557,973.59962,505.89310
558,1051.19789,393.87310
559,1008.83456,499.84453
560,489.68401,-212.78309
561,588.21573,-120.10931
562,1022.28778,384.11300
563,830.90159,42.94997
564,916.53575,591.98787
565,1021.54682,155.29881
566,496.62411,-214.27598
567,647.54734,-103.31632
568,960.29764,703.87250
569,1009.85547,372.18828
570,1008.67386,393.37877
571,1052.77054,426.12650
572,1007.02847,560.11257
573,888.83225,334.92575
574,1040.67593,82.79620
575,934.48897,733.09601
576,1050.22788,468.13725
577,935.24097,621.35885
578,517.62059,-166.62139
579,1031.64364,239.63129
580,1030.81961,255.01845
581,994.34553,356.64211
582,1056.81386,440.45986
583,919.14922,216.54688
584,715.50098,-56.28730
585,911.29545,697.81697
586,668.69262,-88.01885
587,943.63228,644.34981
588,815.35124,638.31556
589,1009.34818,408.16010
590,1003.27446,355.42056
591,1030.62527,302.95845
592,1004.19597,499.85090
593,935.69157,571.10799
594,987.55731,247.05010
595,1031.25345,210.18917
596,748.08557,-7.29810
597,986.41968,493.18620
598,1035.68841,101.33897
599,944.56210,694.93631
600,529.22446,-188.65061
601,1024.82049,298.82204
602,1040.66415,203.04789
603,995.21914,478.33009
604,1036.44702,397.58503
605,1042.88943,396.12252
606,562.61713,-133.86128
607,1028.25506,407.98094
608,972.40579,584.27819
609,1030.14519,324.52324
610,1007.23027,519.46359
611,971.82300,486.85113
612,684.65586,-17.72667
613,939.49089,344.83978
614,999.82239,76.48819
615,1018.35739,472.75107
616,970.29073,472.13367
617,990.31762,545.39750
618,966.15052,538.89910
619,783.29864,15.01010
620,1041.48293,415.77378
621,1005.41802,526.17359
622,1009.44536,535.91259
623,712.06963,-55.91960
624,443.53857,-203.35003
625,496.06344,-181.17480
626,595.73223,-119.99280
627,1024.94324,232.82724
628,956.76939,583.54868
629,1023.86492,417.81275
630,1028.74731,404.18651
631,1063.10499,350.09156
632,1051.33473,452.11657
633,915.59146,572.14666
634,1058.21407,284.89016
635,1029.80600,423.84983
636,990.30851,111.40878
637,993.61090,500.42982
638,518.72368,-206.49982
639,1051.69252,400.20039
640,987.59665,331.60147
641,972.71509,491.44112
642,1047.01196,364.19744
643,553.49131,-145.22163
644,1007.13272,149.88020
645,1000.17927,602.27070
646,761.53331,245.56235
647,1032.69211,186.74553
648,1044.34820,310.08302
649,1009.02475,304.38314
650,1029.93655,443.47102
651,964.37043,684.21472
652,1027.76939,412.67358
653,971.84019,156.08164
654,1041.33871,358.47793
655,1016.01987,389.85381
656,1002.01091,554.07897
657,765.87907,424.19618
658,979.87509,380.86212
659,1042.50732,423.53045
660,947.51269,701.39157
661,800.70845,16.39083
662,591.72509,-103.52007
663,1036.74332,475.87481
664,1053.07842,335.42557
665,915.46958,701.89641
666,1004.90250,552.13055
667,1045.98736,105.69199
668,759.04699,589.99318
669,1039.63833,281.97149
670,525.35134,-199.02813
671,851.29542,657.47011
672,998.55839,595.80166
673,1046.49537,290.40862
674,1068.77729,412.63432
675,931.91340,731.34382
676,1015.19054,564.43102
677,962.04247,253.56988
678,1001.81960,598.99090
679,689.53000,-66.41486
680,1014.62216,361.11010
681,654.60862,-103.65918
682,1047.80964,411.55884
683,1049.68682,236.99057
684,508.07703,-164.29297
685,979.35960,342.77169
686,1035.71052,512.25386
687,1026.84574,102.55980
688,970.84016,685.54243
689,972.22700,498.05986
690,630.05601,-85.24343
691,950.70034,486.86416
692,1039.04141,316.90572
693,1052.27955,448.18024
694,794.81599,669.05846
695,568.47840,-120.98556
696,527.46117,-194.16515
697,1050.00405,73.34261
698,1035.37965,342.28349
699,729.56828,-41.49314
700,525.46208,-154.70952
701,969.34410,497.39013
702,912.64053,379.85137
703,959.01450,587.49296
704,949.54835,128.66499
705,531.51686,-197.14142
706,447.46600,-213.06156
707,1042.09749,400.26172
708,969.47843,596.59321
709,1056.69872,376.07211
710,960.10767,-223.99975
711,998.00904,245.94137
712,828.62145,653.37249
713,1054.30519,68.67281
714,1034.79647,382.45746
715,1053.22196,446.45293
716,1046.11619,296.74966
717,1054.54571,438.06770
718,1051.08416,440.85635
719,947.89357,598.51345
720,1003.72240,446.74789
721,962.23152,490.53374
722,505.23374,-192.57458
723,465.08736,-213.55290
724,1010.54284,217.14071
725,767.11291,-14.03874
726,1051.76034,89.80607
727,1029.27394,107.02906
728,997.07927,494.62005
729,1014.48421,544.78852
730,1023.19134,206.45047
731,473.90456,-195.01711
732,1052.18732,471.55939
733,1042.03738,440.65155
734,1020.61393,403.98936
735,1007.44454,285.71576
736,809.06487,7.58357
737,1024.51969,345.54939
738,1034.73703,444.02056
739,1006.47543,576.08699
740,509.38021,-199.33889
741,1020.01569,136.23989
742,698.77941,-67.79040
743,960.26419,458.94517
744,771.07410,58.28085
745,968.43869,510.16203
746,1014.00371,373.10588
747,1059.57874,418.07964
748,776.56342,-8.43173
749,944.23440,494.30294
750,643.60609,-75.10660
751,1008.38702,504.17705
752,728.58973,-39.62947
753,732.14981,177.63913
754,809.68541,710.26746
755,708.39573,-4.77902
756,914.24583,523.28876
757,908.60419,706.04413
758,1052.01263,406.92235
759,483.91834,-194.91672
760,502.42525,-191.74449
761,1033.84363,401.22220
762,1057.37297,344.68200
763,1067.21882,342.25031
764,949.69929,665.36265
765,1054.48328,94.75018
766,956.99480,471.53541
767,1052.31506,396.50965
768,1000.29024,487.16957
769,1057.05840,451.68624
770,989.87840,505.43602
771,488.97518,-203.03551
772,489.10021,-195.51893
773,1021.82273,461.66269
774,1036.61108,359.12443
775,1041.20558,474.36036
776,1041.36526,104.61805
777,991.78245,521.86480
778,563.73475,-128.86828
779,1063.73462,375.19296
780,1015.22342,16.02327
781,954.12234,697.29881
782,992.93827,156.65055
783,991.26646,495.98358
784,1010.94789,106.28112
785,437.38899,-232.10659
786,1032.31002,489.67026
787,491.70816,-221.19434
788,1036.22520,218.36930
789,1057.10112,307.65526
790,1031.43479,273.05219
791,508.76694,-202.27421
792,953.81039,710.47062
793,492.43361,-195.83863
794,1023.39862,419.85070
795,991.89578,498.10160
796,1060.47955,387.38684
797,1018.21020,285.82647
798,796.13459,286.68722
799,430.90999,-232.41559
800,878.65121,679.58147
801,509.17454,-180.02903
802,1045.06293,236.14577
803,541.05335,-187.55274
804,505.62513,-189.35606
805,905.74354,687.18932
806,1054.26525,463.67502
807,1034.05024,479.34907
808,1065.52814,428.74454
809,553.73560,-181.75802
810,499.41709,-204.03764
811,521.47509,-194.97802
812,969.43880,658.29145
813,907.60620,697.25347
814,852.55354,69.46537
815,1048.49639,405.56539
816,498.68556,-213.21226
817,933.78189,702.59156
818,517.42585,-172.08695
819,739.17251,197.55938
820,1017.81227,350.93798
821,1004.51056,120.25564
822,1000.40583,174.84301
823,1041.29619,350.54077
824,953.23868,691.71031
825,838.40800,137.43871
826,1018.55898,373.69017
827,1006.99735,376.94954
828,1038.06580,362.42555
829,725.99178,-44.03745
830,791.85527,9.85416
831,1038.69842,262.31984
832,812.99732,658.67109
833,989.97260,378.33844
834,453.17576,-208.07783
835,1068.13582,338.65625
836,1045.75348,420.25427
837,1039.01479,199.99219
838,1020.27923,363.37540
839,1050.52276,81.02562
840,496.14328,-211.65898
841,505.05106,-207.58454
842,995.76270,505.62281
843,1029.72116,364.32415
844,1027.88119,355.55480
845,1026.75810,404.06943
846,485.27266,-202.34293
847,1025.79943,430.51539
848,1036.62735,-1.61191
849,1041.50452,192.75724
850,1052.16606,408.70118
851,1063.22648,411.01129
852,1042.97763,230.61113
853,502.17861,-184.04424
854,1010.20341,230.93410
855,529.03252,-190.16489
856,634.26880,-121.22786
857,1000.76667,595.43077
858,1002.74468,304.17314
859,983.35096,583.43515
860,515.50164,-196.28138
861,1031.67820,248.93595
862,513.24957,-197.08423
863,1055.74207,320.64979
864,1044.46386,450.20007
865,981.62150,480.59805
866,974.01190,231.47178
867,1033.12070,387.13164
868,1003.46313,458.57591
869,729.60607,169.56877
870,831.47205,510.96826
871,681.69271,-43.85844
872,967.17434,640.70220
873,525.45731,-162.53209
874,784.49088,7.58044
875,1041.29516,296.84780
876,1062.05149,436.70877
877,994.99918,592.91827
878,1043.03613,373.73704
879,1003.76254,491.20819
880,1010.80267,518.57130
881,1053.80532,341.91567
882,1011.94732,316.26388
883,1035.72495,500.58268
884,799.27315,551.92296
885,1048.34720,46.09392
886,1037.71126,347.57015
887,986.46840,575.39629
888,497.96090,-215.99562
889,1034.51886,339.45921
890,1033.25296,402.96440
891,1026.88322,449.47101
892,754.55442,234.28301
893,1048.95429,360.79378
894,1051.60818,65.00526
895,1048.22902,416.16705
896,994.74907,351.39922
897,523.43872,-199.69491
898,1023.71670,457.97708
899,742.82923,209.96508
900,958.38719,526.22941
901,988.71490,367.18580
902,951.74613,518.02908
903,963.10735,579.84414
904,1042.15606,178.25481
905,1009.50697,417.42770
906,1039.84043,394.16360
907,1005.99219,476.67037
908,1004.35149,537.88791
909,986.51665,593.00392
910,1033.19326,192.27678
911,459.16516,-207.48458
912,1036.11778,426.79377
913,1034.26585,427.91571
914,1028.75561,513.45595
915,1019.89766,435.65620
916,1042.60063,347.58852
917,1038.57869,408.15760
918,701.29931,-49.93720
919,1051.28300,418.38306
920,997.45451,510.89821
921,461.27371,-183.26677
922,968.51199,162.05972
923,485.72659,-185.97777
924,1020.24415,407.52269
925,1012.99983,230.31132
926,1019.69725,431.19465
927,981.57677,155.13785
928,1034.10945,224.83527
929,691.78229,-76.20523
930,1025.80197,59.49067
931,1034.06154,474.47793
932,611.03051,-133.78456
933,466.66520,-204.69393
934,489.75968,-187.44172
935,490.24707,-201.25837
936,1010.92447,525.36520
937,924.78804,390.42252
938,1042.12586,371.67798
939,1064.93864,403.45929
940,1010.15286,522.41834
941,1059.82525,377.67199
942,1032.83797,434.73196
943,1041.73439,285.83578
944,1006.64573,245.97290
945,638.70944,-73.79297
946,1033.28746,497.80280
947,1028.53286,125.78230
948,536.54261,-154.64918
949,927.95064,724.96096
950,1007.55191,528.32026
951,997.36731,218.65623
952,1041.06774,361.55868
953,510.70658,-203.84624
954,943.04480,582.28079
955,565.79757,-110.44568
956,654.47358,-58.82856
957,1044.02079,384.43188
958,665.77725,-94.30070
959,988.62447,595.67577
960,1050.29931,313.61457
961,904.64481,507.67280
962,681.36811,-82.45133
963,1036.64919,298.02779
964,1057.71840,398.89961
965,976.57427,576.33588
966,1017.14156,404.52671
967,1036.69693,122.95552
968,990.29585,489.95238
969,599.33997,-97.11369
970,984.90519,173.75190
971,1049.40899,353.53547
972,1055.40451,278.24091
973,522.04424,-201.21573
974,1023.63708,423.46180
975,984.01230,653.19183
976,670.41415,-101.44607
977,822.55299,102.23052
978,918.30327,672.71911
979,458.85731,-204.86648
980,936.18590,734.61336
981,1019.26995,200.58217
982,1041.48860,293.80137
983,1050.21172,288.92800
984,1062.37998,366.69348
985,1034.54169,147.22352
986,489.26540,-179.99769
987,1035.60070,281.26119
988,1010.00832,160.95294
989,957.67312,661.70536
990,1023.07131,406.29123
991,1026.07085,145.38894
992,1034.82723,315.36447
993,465.70382,-197.93777
994,1022.65004,513.83763
995,953.88009,702.84334
996,984.40274,483.02623
997,793.87821,528.84425
998,1048.59203,209.62714
999,509.24429,-210.52859
1000,778.62060,542.64823
1001,1046.35274,274.70398
1002,1036.52970,493.70947
1003,811.26387,708.36460
1004,956.39120,576.12452
1005,952.89249,604.72396
1006,1034.23834,233.22773
1007,1028.00926,397.32498
1008,663.30984,-101.31324
1009,1052.10816,68.63876
1010,698.19114,-70.02560
1011,675.24384,-92.06083
1012,539.66634,-189.25485
1013,1056.49203,317.86271
1014,818.63630,38.21536
1015,1064.58969,325.92141
1016,957.71707,704.32569
1017,660.04668,-54.18554
1018,471.51005,-210.19334
1019,1059.79746,310.72716
1020,1019.00869,214.94097
1021,1031.53500,417.84047
1022,1019.50264,554.50694
1023,1010.64630,428.16599
1024,1043.55096,362.90721
1025,801.80038,43.24422
1026,491.66027,-224.49684
1027,555.66440,-165.24774
1028,429.79633,-234.61336
1029,693.84983,-62.43472
1030,451.43522,-216.99591
1031,686.59755,-73.77076
1032,1015.69786,315.13748
1033,995.05929,464.37983
1034,504.68297,-175.15187
1035,767.08644,234.13067
1036,1068.67490,370.26132
1037,1052.66698,434.59343
1038,697.63863,584.65570
1039,1015.46210,418.73780
1040,531.84759,-143.05248
1041,1042.34959,326.79150
1042,1024.47797,397.82514
1043,1019.90548,116.39941
1044,1031.06598,474.06550
1045,1052.90314,86.64087
1046,1011.51710,47.36852
1047,662.05320,-103.74501
1048,949.99961,578.76846
1049,1030.91737,128.96573
1050,1066.36294,364.55970
1051,1063.26357,406.85682
1052,546.17118,-173.17628
1053,949.73435,195.47194
1054,1040.09478,381.27187
1055,989.02989,588.34665
1056,1045.75140,210.33882
1057,467.97423,-203.01539
1058,1041.76148,464.74560
1059,1036.38556,433.62868
1060,995.73533,482.20652
1061,1052.32735,293.52418
1062,1033.35618,341.66023
1063,1057.67199,282.99501
1064,961.08758,705.57152
1065,1031.79089,292.31679
1066,989.84493,570.82940
1067,1065.19373,379.88890
1068,947.92077,606.61022
1069,1027.44499,417.49624
1070,1002.14441,579.61359
1071,1054.28676,361.05628
1072,1012.58748,423.06741
1073,1011.65315,466.98012
1074,1024.66452,413.57462
1075,668.70260,-113.23704
1076,864.27629,68.67387
1077,652.85788,-114.90507
1078,962.98162,568.23495
1079,981.46590,599.36058
1080,899.26821,535.37238
1081,1034.30840,160.47666
1082,1045.55849,259.42723
1083,883.25964,361.89621
1084,1008.49434,516.75155
1085,929.65431,457.28022
1086,1002.07046,384.07890
1087,494.21630,-178.97181
1088,1026.47115,308.18177
1089,999.21844,437.91221
1090,769.50169,-2.71524
1091,1045.55643,206.62598
1092,772.43453,663.20083
1093,999.63464,320.22474
1094,686.77573,-83.66495
1095,918.93030,566.75288
1096,930.90085,574.10850
1097,1033.32038,333.43144
1098,1020.75356,536.67141
1099,1052.65394,382.80929
1100,492.37459,-201.23629
1101,1041.44180,281.90253
1102,758.19744,251.39793
1103,969.48888,38.04528
1104,483.93148,-198.01414
1105,1049.65702,232.23897
1106,485.50803,-196.47943
1107,780.74327,-3.55793
1108,778.74051,7.15838
1109,1016.07276,103.21439
1110,1032.45352,344.40989
1111,652.23316,-61.00415
1112,558.41943,-157.84993
1113,1025.57611,525.38651
1114,1049.18584,217.42891
1115,904.02447,685.81139
1116,514.98258,-171.37509
1117,1042.16787,218.86817
1118,936.54653,519.17295
1119,1037.16843,328.37443
1120,1000.52719,102.57143
1121,1042.50648,336.21885
1122,1027.32481,298.53207
1123,658.57439,-96.32612
1124,917.64149,191.06757
1125,509.25369,-214.60009
1126,951.23217,700.64741
1127,934.53033,731.52660
1128,923.34606,677.59268
1129,1013.49413,186.62083
1130,774.27600,478.06484
1131,847.02136,633.15701
1132,1038.07266,378.78248
1133,988.76645,543.85360
1134,1004.78834,451.89583
1135,1022.66309,356.97047
1136,1026.09352,355.18697
1137,494.07700,-212.87554
1138,1024.12397,446.75244
1139,1041.17213,406.08166
1140,983.32829,612.46216
1141,1047.14977,84.29632
1142,584.32851,-140.66995
1143,646.45311,-113.38577
1144,1012.18582,102.11777
1145,1050.51155,424.21110
1146,491.94579,-191.82635
1147,1051.97174,312.42677
1148,971.20982,591.48780
1149,858.91819,685.73378
1150,1030.95151,169.02565
1151,1012.76318,398.58112
1152,1004.46244,345.19926
1153,1024.32719,435.52934
1154,1011.94075,370.89874
1155,936.24551,725.53015
1156,1038.96416,312.48838
1157,1020.37623,479.11929
1158,780.28917,1.88676
1159,655.46622,-98.70269
1160,933.61372,454.87742
1161,559.59988,-137.29528
1162,1005.62762,430.01459
1163,961.24170,521.98896
1164,1000.47472,580.62845
1165,1046.11743,471.88692
1166,798.86478,20.94051
1167,1038.73596,177.64000
1168,941.82063,698.62170
1169,559.46076,-132.11718
1170,1037.28615,371.94597
1171,979.25479,619.30026
1172,459.87115,-204.45512
1173,953.15094,546.13790
1174,457.50714,-212.50524
1175,432.53877,-232.05215
1176,516.82928,-198.55086
1177,463.63453,-220.66554
1178,505.74597,-172.69570
1179,993.75977,567.61186
1180,707.91908,-59.94450
1181,1026.78120,445.86442
1182,1030.36868,388.28930
1183,1070.78701,387.85349
1184,1001.06965,238.24712
1185,1066.68447,385.39246
1186,933.58242,726.86860
1187,470.49486,-189.32733
1188,1013.04937,160.11181
1189,1002.33210,606.93551
1190,931.31243,693.16346
1191,1028.96427,410.42530
1192,1021.10351,358.05632
1193,1066.59550,417.46680
1194,1062.39938,303.26310
1195,484.03378,-212.28014
1196,1022.99542,501.68608
1197,972.99353,494.91418
1198,1002.87760,563.64507
1199,1022.47476,372.79749
1200,1049.67764,63.73649
1201,1064.77908,424.19695
1202,1016.30336,80.24766
1203,950.91776,721.92620
1204,678.47603,-71.32732
1205,886.62493,502.42942
1206,1000.65687,391.28919
1207,1013.50837,393.89561
1208,994.69749,417.16002
1209,1045.06001,396.99546
1210,1040.86515,453.60587
1211,1031.43992,74.11671
1212,919.14129,171.02892
1213,907.41952,131.18712
1214,915.88094,87.49990
1215,789.48704,351.62025
1216,724.10704,469.84299
1217,733.86365,452.07317
1218,751.18423,411.50921
1219,835.90935,231.71412
1220,768.32587,76.12786
1221,913.07232,183.17573
1222,925.92840,53.64788
1223,799.83133,381.43635
1224,466.85146,-200.57543
1225,802.94957,325.63534
1226,912.82972,130.93352
1227,909.70491,134.15362
1228,821.05091,293.69823
1229,766.83716,482.97489
1230,725.63134,609.80088
1231,984.87476,93.47251
1232,801.13960,10.39916
1233,986.80283,7.15263
1234,807.40567,376.41890
1235,999.74801,43.18241
1236,728.62292,452.86057
1237,825.59532,328.08944
1238,790.38866,3.47227
1239,918.85330,66.03077
1240,932.97502,147.43413
1241,815.26253,358.97060
1242,911.52010,361.84230
1243,811.48671,17.50565
1244,760.52243,598.60027
1245,980.39588,59.28619
1246,1000.06682,4.20570
1247,874.72079,71.09226
1248,899.67317,171.30845
1249,915.10219,151.46553
1250,955.19994,57.26116
1251,721.55042,403.18691
1252,898.40161,113.68797
1253,938.82872,101.69737
1254,855.57408,345.82112
1255,722.76670,-51.23931
1256,605.20846,-137.50263
1257,1026.46272,-12.50525
1258,834.08393,291.05138
1259,836.36908,288.13192
1260,910.23578,137.13040
1261,439.99601,-220.15944
1262,976.19327,97.21406
1263,849.97007,288.50127
1264,719.40949,522.63110
1265,862.18879,298.15055
1266,671.14377,524.69780
1267,771.24785,535.97113
1268,975.52403,158.28753
1269,920.63266,82.84844
1270,958.37577,101.37244
1271,1005.46217,93.72136
1272,952.92470,99.96380
1273,751.25423,430.93724
1274,698.83117,570.64492
1275,780.95080,30.11410
1276,809.37782,435.71543
1277,484.83941,-205.30881
1278,1008.61900,0.08149
1279,756.93978,409.56502
1280,725.62963,-48.71615
1281,944.49790,-204.09983
1282,760.45249,679.23410
1283,918.82546,222.25264
1284,905.73706,140.05459
1285,891.63381,296.30138
1286,809.81947,322.18270
1287,771.78368,475.78443
1288,947.02239,169.28192
1289,685.39667,614.74761
1290,653.20042,-96.88523
1291,783.37797,-3.55011
1292,877.73496,62.68009
1293,900.29879,118.21717
1294,935.83626,105.96000
1295,795.97278,391.56213
1296,804.75177,344.44560
1297,949.81641,31.01231
1298,812.50605,57.27147
1299,755.19580,397.09701
1300,735.70043,460.35898
1301,847.30687,246.07034
1302,982.54591,111.76478
1303,874.58643,61.89515
1304,984.83386,453.63088
1305,959.99544,-221.45426
1306,763.86229,431.08392
1307,994.63490,84.90502
1308,700.86949,486.50611
1309,512.85949,-194.33175
1310,750.83110,471.95727
1311,703.50802,473.16401
1312,750.68592,-32.43282
1313,914.74990,197.55476
1314,882.56284,264.76584
1315,968.49756,173.21459
1316,1002.30655,30.46681
1317,828.26662,482.70139
1318,946.43174,365.54107
1319,1003.15393,51.12071
1320,709.54677,489.10780
1321,932.08248,58.19205
1322,1006.14262,20.21491
1323,907.28139,184.12767
1324,857.36818,241.50410
1325,602.25641,-136.91110
1326,714.81157,521.52382
1327,903.36576,161.74832
1328,925.55920,174.48856
1329,994.47150,16.90847
1330,469.66833,-216.12865
1331,726.08337,451.67297
1332,988.29265,83.32212
1333,830.54108,360.53486
1334,516.40029,-204.13996
1335,752.95161,587.75704
1336,759.29754,-19.14139
1337,707.86172,-56.58992
1338,967.30066,122.84342
1339,806.24449,310.65527
1340,1010.51389,-7.66726
1341,814.37743,394.14259
1342,723.10755,454.21215
1343,935.19984,87.29009
1344,831.66491,340.32104
1345,638.56565,579.89204
1346,767.56314,14.66077
1347,942.09658,98.03940
1348,1008.86597,40.99229
1349,761.55980,673.30894
1350,613.23140,-135.02669
1351,723.42503,477.44528
1352,855.54653,217.39026
1353,957.09878,88.20005
1354,925.77769,143.94959
1355,906.59746,290.43107
1356,863.07980,185.52404
1357,967.89402,137.91869
1358,937.39193,114.13898
1359,732.82954,472.38515
1360,1008.06077,-4.71479
1361,710.99997,501.04380
1362,992.38710,59.37058
1363,882.69510,123.06943
1364,942.29585,46.86751
1365,874.48462,186.86122
1366,809.47981,712.91289
1367,775.69830,374.22294
1368,448.04617,-215.65545
1369,937.16599,-196.49214
1370,506.05198,-181.75757
1371,459.43680,-224.12434
1372,941.60606,112.40257
1373,726.25642,179.79935
1374,914.63434,407.81634
1375,838.88966,331.14965
1376,716.97993,497.96301
1377,878.08204,552.60212
1378,943.69025,57.84084
1379,757.88256,488.23950
1380,501.74067,-210.76623
1381,835.34716,322.83874
1382,1008.89430,101.88095
1383,678.76026,-85.13914
1384,717.98540,448.85371
1385,963.22285,82.32699
1386,910.19096,153.80278
1387,1008.70425,39.69966
1388,755.43924,413.89176
1389,666.94538,-105.14800
1390,546.35392,-141.51275
1391,940.83387,52.72089
1392,857.53908,246.59890
1393,766.86407,600.96752
1394,935.28758,80.73185
1395,824.43231,285.77470
1396,896.96507,109.19890
1397,830.64476,293.09403
1398,654.98959,576.08029
1399,794.06293,393.06267
1400,711.36306,470.65556
1401,583.45399,-155.19118
1402,700.35424,-74.16184
1403,880.76095,205.07901
1404,951.47607,56.84179
1405,766.42132,385.04369
1406,980.32625,87.04223
1407,660.95189,-110.97713
1408,922.12324,172.65443
1409,687.59305,502.87366
1410,667.52524,539.56746
1411,763.74982,425.14703
1412,728.24024,458.23991
1413,504.70697,-211.41212
1414,1001.92096,93.84668
1415,911.00743,98.42688
1416,834.18441,263.55784
1417,801.55541,370.15995
1418,877.32311,255.87118
1419,941.37271,107.02329
1420,804.50848,633.15440
1421,910.01939,188.51202
1422,736.24500,451.07966
1423,898.75208,105.60697
1424,442.69779,-218.24281
1425,854.60838,491.01389
1426,677.82532,550.14681
1427,927.22072,101.48139
1428,674.75976,-98.28157
1429,645.86356,-84.47293
1430,859.81523,352.35247
1431,803.20843,322.17584
1432,897.06523,130.29547
1433,930.09733,163.63141
1434,927.28127,248.81603
1435,715.01143,484.11176
1436,770.11032,459.69627
1437,445.05332,-221.34285
1438,815.22495,332.82090
1439,800.94283,59.28700
1440,828.43943,284.95890
1441,968.94465,24.61291
1442,778.70946,-5.20858
1443,822.51772,308.30812
1444,693.71178,502.89651
1445,844.65164,314.53106
1446,950.68976,112.71265
1447,697.32751,518.76801
1448,769.12619,375.15776
1449,736.03392,461.83329
1450,881.00491,140.50113
1451,745.87552,481.98995
1452,871.02943,183.91651
1453,749.74873,428.82165
1454,484.92948,-209.31664
1455,860.37431,307.13401
1456,891.48374,123.77270
1457,691.62091,534.46426
1458,821.69455,321.48371
1459,903.43476,172.43709
1460,852.45970,259.48707
1461,727.11151,177.11475
1462,810.53028,713.85080
1463,971.83779,92.59771
1464,724.47847,173.39137
1465,919.00722,91.33700
1466,673.25250,548.36086
1467,967.77969,48.35553
1468,882.57219,193.67881
1469,946.01548,41.19370
1470,739.45081,459.71344
1471,786.53746,414.82396
1472,661.87535,544.77132
1473,838.52549,321.23902
1474,964.86107,95.12025
1475,775.80575,677.66184
1476,960.35188,23.20121
1477,951.78520,-212.29588
1478,934.78473,62.30652
1479,671.93944,540.76185
1480,725.99496,465.13135
1481,873.92849,350.72183
1482,824.22661,280.32384
1483,813.67362,383.29929
1484,867.40924,124.11958
1485,840.41525,234.46023
1486,958.33745,49.01974
1487,772.54474,539.72430
1488,629.50354,-123.71448
1489,692.98292,-59.71063
1490,825.01089,314.52414
1491,713.24918,521.27552
1492,732.17898,446.36830
1493,837.35092,245.64711
1494,732.50330,427.85383
1495,1009.83595,-4.31756
1496,522.61332,-194.57112
1497,500.31780,-209.28913
1498,892.86946,175.26551
1499,814.50685,324.95083
1500,736.62205,669.12306
1501,492.83634,-215.19945
1502,712.95372,-65.79249
1503,802.62454,337.05519
1504,692.10905,489.01802
1505,951.97538,709.39268
1506,952.28820,95.12207
1507,803.90916,22.40851
1508,720.60980,497.89436
1509,591.38658,-147.59762
1510,810.05592,104.51514
1511,970.30189,102.99207
1512,968.57706,201.32105
1513,673.98668,530.13945
1514,570.61036,-162.65768
1515,946.68273,234.00056
1516,1015.25647,-0.90647
1517,770.08546,486.13923
1518,689.07101,572.77630
1519,689.12165,505.12261
1520,1009.98492,32.67162
1521,998.02177,66.68434
1522,773.10544,195.17171
1523,859.89317,209.40232
1524,970.64966,98.01671
1525,838.60050,304.41818
1526,974.26079,156.77366
1527,856.86594,78.15525
1528,1007.10102,7.18024
1529,747.62837,603.73321
1530,817.16132,240.40640
1531,898.56194,161.71541
1532,947.52973,340.44498
1533,1037.16398,238.40038
1534,493.83211,-205.40460
1535,856.65639,377.90939
1536,729.36987,459.49511
1537,842.97944,284.73644
1538,709.47717,553.66671
1539,898.13711,-136.53488
1540,735.98353,164.89179
1541,892.82267,104.57867
1542,687.38819,561.31653
1543,929.16232,253.64540
1544,964.78438,90.83106
1545,727.65201,461.73740
1546,579.60747,-154.90627
1547,638.11813,-115.65360
1548,931.21773,368.00274
1549,871.49242,148.59638
1550,885.86598,-111.09468
1551,932.27368,-188.41674
1552,836.37212,258.45878
1553,860.28836,154.89227
1554,885.30800,250.84484
1555,835.06601,250.47186
1556,726.43284,486.38630
1557,734.90140,440.64152
1558,892.71252,131.68001
1559,951.97304,102.89160
1560,615.34609,-134.20676
1561,829.52236,274.74447
1562,771.71478,471.30678
1563,804.93968,320.21266
1564,487.04512,-215.77458
1565,975.11957,12.19317
1566,927.43356,123.74860
1567,944.81662,51.76214
1568,934.07112,105.10500
1569,673.74732,569.09846
1570,985.61888,160.09890
1571,676.09758,602.24009
1572,912.86027,180.15113
1573,455.48323,-221.63023
1574,684.80044,-30.44913
1575,498.77735,-210.69715
1576,936.80974,129.72615
1577,840.73349,267.96238
1578,936.06853,40.34388
1579,968.57795,54.96405
1580,925.25230,122.14962
1581,777.34552,568.95098
1582,883.00007,526.78143
1583,964.95337,176.55138
1584,687.24595,508.37821
1585,750.25915,556.79967
1586,445.00570,-212.36651
1587,696.45656,581.49681
1588,910.89104,148.36250
1589,691.97605,505.76199
1590,701.40512,477.77519
1591,449.86228,-208.77461
1592,871.33876,136.65217
1593,651.81318,-67.64948
1594,905.89127,192.61715
1595,994.79768,42.87540
1596,655.35276,585.35521
1597,804.67985,380.70430
1598,702.11196,-31.03253
1599,855.53097,-120.19816
1600,761.64829,445.37390
1601,871.96360,57.09087
1602,737.14677,157.82709
1603,780.98108,610.16334
1604,783.14777,351.66383
1605,915.99402,220.24181
1606,930.66211,216.15385
1607,935.74179,160.40698
1608,781.51011,420.26355
1609,893.97861,-124.12607
1610,892.19555,155.81959
1611,748.62015,675.66406
1612,920.04841,133.29040
1613,487.56758,-198.83915
1614,909.54792,165.52793
1615,949.99681,47.65777
1616,634.18341,585.85563
1617,938.00842,165.92574
1618,752.99616,482.06253
1619,911.72304,96.59850
1620,669.08528,562.73924
1621,485.52799,-213.33849
1622,825.04233,423.15179
1623,924.31293,96.85297
1624,910.56691,120.79973
1625,841.02138,253.49662
1626,658.56602,621.16764
1627,901.13838,181.30021
1628,719.99722,575.87271
1629,798.60358,36.62843
1630,605.83412,-139.69220
1631,928.73152,142.55029
1632,905.97668,92.95861
1633,839.00102,35.55082
1634,940.69894,140.23090
1635,733.05340,-42.49533
1636,885.75270,146.17095
1637,737.03373,556.10277
1638,890.92904,159.24742
1639,723.85048,-54.24106
1640,742.78559,465.82802
1641,665.54813,579.70473
1642,748.53770,469.68259
1643,925.13945,156.47408
1644,696.94426,-34.71909
1645,464.04949,-211.92511
1646,960.62570,91.99840
1647,881.90003,130.54607
1648,467.23386,-201.40095
1649,592.31850,-121.28992
1650,1019.61964,-4.82467
1651,919.00670,102.32870
1652,908.39506,199.78753
1653,687.86565,491.32228
1654,941.63143,490.83170
1655,736.60220,-40.09019
1656,995.99565,78.09170
1657,636.00266,-116.48362
1658,720.07909,459.86677
1659,919.25250,-173.92930
1660,895.06705,175.91400
1661,875.54424,-88.70571
1662,607.89466,-137.08338
1663,655.23367,-71.83938
1664,919.17129,267.82015
1665,919.23111,193.55155
1666,777.07213,229.57400
1667,478.73616,-223.72709
1668,617.42430,-133.22092
1669,938.54286,110.95592
1670,731.35270,471.66476
1671,440.03887,-229.03744
1672,673.34594,-48.72732
1673,431.53794,-233.87912
1674,992.26338,99.87136
1675,904.80562,374.61556
1676,625.22774,-116.71687
1677,453.68783,-224.91427
1678,729.74600,423.48453
1679,635.68542,582.36919
1680,993.36841,56.19837
1681,1011.42669,282.02019
1682,747.30330,471.48873
1683,441.20772,-226.74341
1684,908.35231,159.75233
1685,641.80392,572.42447
1686,632.78014,-116.11330
1687,944.98711,60.05089
1688,750.75578,520.01465
1689,797.29858,26.50203
1690,937.58499,171.72781
1691,942.97830,117.08895
1692,921.04662,173.88180
1693,832.81915,330.61417
1694,817.88802,347.57485
1695,806.17778,622.64150
1696,939.35640,128.14843
1697,700.95820,-31.80335
1698,709.19612,-61.27298
1699,884.96043,148.21010
1700,925.52581,84.04951
1701,971.49551,98.38766
1702,687.48229,-72.52874
1703,820.55449,25.27328
1704,829.73964,286.55862
1705,942.99708,94.16656
1706,898.13802,107.17752
1707,702.97788,508.65115
1708,661.82672,-98.49777
1709,675.55823,520.03584
1710,680.97563,-76.95353
1711,721.96769,449.81636
1712,657.60530,590.61484
1713,1004.25539,105.81710
1714,900.86888,172.42433
1715,755.01596,455.86548
1716,754.77723,499.82893
1717,713.19060,485.28276
1718,728.45972,500.84591
1719,713.46088,477.14634
1720,784.37831,146.71634
1721,921.46252,162.27356
1722,809.79718,366.98500
1723,837.79801,276.44543
1724,655.66851,573.63975
1725,926.03836,160.69073
1726,880.67637,122.24788
1727,933.12387,307.83317
1728,816.79422,360.87261
1729,868.71169,239.11619
1730,811.51401,313.44078
1731,964.69635,22.57372
1732,965.23172,129.55089
1733,925.14460,172.92512
1734,732.52994,459.94126
1735,854.77156,170.86700
1736,839.27946,280.40614
1737,672.33757,573.12810
1738,730.78910,450.22230
1739,981.63043,97.72327
1740,878.80212,193.43616
1741,468.82207,-211.24284
1742,894.09455,70.63147
1743,757.97618,466.17769
1744,856.14815,226.04281
1745,839.07994,383.37601
1746,431.52554,-223.63568
1747,958.90443,-222.06076
1748,700.91068,489.01069
1749,897.38076,164.59203
1750,972.21371,11.61202
1751,910.35038,132.13229
1752,871.14288,66.24646
1753,914.44420,83.02664
1754,963.40232,99.38929
1755,786.46384,387.10703
1756,771.98241,362.39822
1757,909.54629,93.93232
1758,908.21217,168.17931
1759,762.29225,234.38879
1760,765.92931,427.85797
1761,899.03011,119.95302
1762,884.74468,209.59215
1763,737.83170,577.94437
1764,839.07852,248.09779
1765,926.66423,162.66828
1766,949.36110,79.40132
1767,801.83298,298.03452
1768,992.61913,51.24279
1769,825.43415,296.36640
1770,737.03900,593.40224
1771,920.65377,207.80474
1772,975.33202,129.76066
1773,740.01559,462.53241
1774,733.36397,433.41651
1775,897.01854,191.20078
1776,918.33009,205.31042
1777,779.49028,507.84358
1778,706.61448,-30.93126
1779,932.97831,591.10071
1780,819.25716,318.92736
1781,948.25745,254.98741
1782,704.62258,512.77034
1783,683.89677,400.78711
1784,935.31959,59.69901
1785,689.95937,576.99665
1786,829.84565,297.64753
1787,755.04158,570.64530
1788,692.04674,518.80116
1789,673.91373,587.13939
1790,1010.77269,94.68862
1791,926.94538,113.48222
1792,868.44018,281.42808
1793,1008.30047,104.91503
1794,904.43238,187.95674
1795,808.66618,353.61582
1796,1003.04073,128.19233
1797,827.08763,312.32002
1798,989.96409,131.50625
1799,957.46028,94.37917
1800,927.90823,95.15724
1801,758.34502,647.81177
1802,777.02026,651.49987
1803,859.79556,242.83744
1804,863.30215,349.23217
1805,781.04566,345.19374
1806,834.01290,300.30425
1807,755.23459,585.40660
1808,838.45047,314.96099
1809,760.02320,-11.35059
1810,991.12224,76.78030
1811,929.95923,169.53111
1812,431.77460,-220.17597
1813,942.01401,349.48337
1814,894.99291,150.66208
1815,903.85168,155.79436
1816,924.79334,73.17902
1817,764.04674,662.53894
1818,968.28524,28.89543
1819,794.06705,336.85907
1820,698.58197,558.10700
1821,760.85582,482.17040
1822,780.93774,366.90535
1823,835.06164,272.49956
1824,827.54938,308.63555
1825,774.92553,377.54844
1826,925.58258,98.91382
1827,997.35262,40.22876
1828,725.02221,516.76387
1829,896.11562,294.82413
1830,891.24326,237.53596
1831,686.89637,510.13498
1832,792.58639,237.01103
1833,930.90794,184.95254
1834,902.72528,226.11397
1835,964.40377,87.72025
1836,833.98755,285.05203
1837,687.90601,615.58640
1838,856.65782,250.21099
1839,761.82703,583.86488
1840,994.55060,92.87803
1841,1030.33398,60.36092
1842,954.19415,31.39664
1843,430.74847,-222.71174
1844,912.23769,261.56852
1845,727.48465,-50.10277
1846,717.55849,620.31741
1847,797.82212,367.89107
1848,833.54971,265.35067
1849,722.12595,641.95100
1850,801.18243,376.85765
1851,654.32025,620.05940
1852,837.61631,312.28813
1853,856.95696,300.53825
1854,973.91279,110.07603
1855,726.02531,446.70766
1856,778.10106,416.65182
1857,942.96819,126.43658
1858,990.79868,193.11944
1859,991.63120,47.25100
1860,455.91946,-222.76834
1861,780.06348,409.11907
1862,800.98283,346.06782
1863,464.58604,-185.64834
1864,917.08806,78.21041
1865,798.28124,374.90835
1866,761.83809,266.66026
1867,914.41270,98.95670
1868,750.56216,466.37392
1869,671.81035,597.36148
1870,1009.85612,112.85450
1871,851.69065,301.41280
1872,762.54964,379.29879
1873,933.30969,162.95755
1874,1000.19192,82.51410
1875,666.73867,600.05483
1876,973.71163,139.59772
1877,926.17640,128.44571
1878,981.44423,95.16523
1879,799.37038,597.79118
1880,841.01616,314.40463
1881,1005.06108,109.34876
1882,742.19402,490.10862
1883,693.45416,604.38424
1884,659.20585,567.34286
1885,954.07413,201.72852
1886,674.46700,559.52864
1887,809.47213,361.43577
1888,1003.79708,113.45397
1889,1043.36224,-17.12860
1890,944.82349,45.39635
1891,855.50783,316.51155
1892,963.87659,344.86571
1893,746.88647,446.71025
1894,832.54801,283.88650
1895,725.94465,666.86021
1896,789.69050,404.71113
1897,965.38127,34.30139
1898,761.39031,459.89414
1899,794.06337,65.41068
1900,476.02349,-185.45864
1901,1040.35575,0.08190
1902,889.97243,128.16672
1903,905.83437,142.22596
1904,663.13420,616.44004
1905,912.83800,243.09176
1906,676.11433,545.05243
1907,725.96264,162.68006
1908,895.20240,273.06619
1909,663.22802,-96.98500
1910,746.42702,421.41422
1911,987.58745,85.85791
1912,676.97349,523.91615
1913,821.87517,329.67002
1914,781.00266,431.43531
1915,760.75688,672.58509
1916,715.07248,636.90641
1917,796.63626,11.06363
1918,665.47890,581.56498
1919,818.20702,354.02171
1920,785.99760,383.24627
1921,787.23261,393.59144
1922,857.61395,314.14470
1923,741.80879,476.88874
1924,970.51285,127.51504
1925,689.45211,-19.76304
1926,951.85984,53.97037
1927,543.30095,-171.44139
1928,666.64430,631.90339
1929,779.40424,671.13386
1930,663.18523,563.80167
1931,897.23459,188.40632
1932,940.02584,76.38746
1933,812.31935,357.44306
1934,886.90987,169.28715
1935,942.08977,50.87121
1936,944.96071,135.90121
1937,955.32410,165.59825
1938,920.95080,193.57130
1939,898.78609,80.30969
1940,475.81112,-173.96367
1941,932.98815,155.29454
1942,717.84471,552.73685
1943,893.51300,178.51853
1944,854.65192,226.49637
1945,851.86925,206.31865
1946,973.80894,106.30157
1947,853.97646,251.42789
1948,1002.38049,47.59656
1949,1004.17246,156.38020
1950,992.31250,145.88872
1951,682.10819,577.74827
1952,731.45025,483.77847
1953,976.63219,2.89156
1954,813.10512,305.90571
1955,742.65325,673.90755
1956,984.17835,105.68159
1957,955.36926,-217.32778
1958,716.35575,482.31790
1959,855.31244,281.64462
1960,911.18912,164.94959
1961,913.75305,126.36492
1962,916.08410,97.13717
1963,779.43558,414.70394
1964,967.42509,34.65354
1965,775.09951,359.81304
1966,987.74329,144.08571
1967,990.25986,34.28797
1968,922.67472,198.85781
1969,837.56569,266.46314
1970,950.76486,-212.01233
1971,837.94199,260.04692
1972,736.33137,457.82234
1973,696.09083,-12.10213
1974,882.69727,220.43522
1975,969.67411,58.74517
1976,622.12730,-131.12070
1977,804.32241,375.36861
1978,813.54588,458.47907
1979,905.30628,187.08770
1980,718.80121,471.26539
1981,986.49650,118.75830
1982,918.44576,182.21908
1983,753.26219,229.08864
1984,666.19556,537.68286
1985,947.08898,94.01248
1986,706.67715,489.98974
1987,808.24074,621.73318
1988,711.76875,4.66845
1989,893.79640,161.94507
1990,968.75394,16.46951
1991,801.70262,404.20108
1992,932.97297,175.12092
1993,710.39914,578.06999
1994,836.39298,315.70778
1995,869.83580,214.70730
1996,978.30890,7.94936
1997,893.51727,209.49471
1998,936.36945,111.58683
1999,799.12416,352.62788
2000,654.55310,558.18684
2001,633.53980,607.41712
2002,830.43544,332.17759
2003,981.99354,85.24905
2004,800.59565,116.86467
2005,987.24801,89.80797
2006,513.69951,-209.54442
2007,898.77789,230.94686
2008,1033.84645,65.32979
2009,726.61628,473.70004
2010,883.77864,203.07539
2011,889.23238,-107.72349
2012,898.79902,349.56998
2013,764.56385,332.84368
2014,683.51236,520.89536
2015,931.12266,117.47985
2016,946.83545,61.09320
2017,894.41187,111.51874
2018,954.18546,68.94952
2019,729.70671,545.07774
2020,671.22347,550.81409
2021,897.24685,116.94539
2022,930.22851,89.52271
2023,902.71302,125.61341
2024,782.24714,382.50114
2025,721.02701,665.53610
2026,929.01151,-186.81759
2027,957.03559,113.79804
2028,763.25873,411.14525
2029,996.39369,111.60710
2030,912.36703,171.17315
2031,1005.31572,62.28842
2032,924.78319,64.95479
2033,985.15363,78.96445
2034,1015.19585,73.14329
2035,955.17072,239.87952
2036,683.63880,583.06393
2037,725.23825,481.67642
2038,732.20093,507.55611
2039,679.54756,529.75266
2040,922.54499,181.13514
2041,958.38896,75.08427
2042,908.11391,170.34273
2043,484.60343,-189.46057
2044,888.88967,122.24233
2045,907.46816,243.15842
2046,808.05933,623.67922
2047,768.49119,401.75075
2048,706.13064,544.58065
2049,767.42093,439.84087
2050,850.30834,298.27150
2051,773.90569,399.47933
2052,712.56080,468.40260
2053,864.96940,-89.90636
2054,858.83191,222.43637
2055,925.20832,114.98903
2056,869.26636,171.58956
2057,920.15806,151.20344
2058,702.08118,567.86701
2059,786.26842,378.90812
2060,843.44152,356.46843
2061,690.77427,537.66392
2062,500.74632,-171.97883
2063,798.15764,142.65185
2064,933.92186,193.35420
2065,773.54251,664.92940
2066,954.75887,118.10622
2067,925.86424,167.00980
2068,994.53232,24.83938
2069,763.49190,375.05739
2070,689.41408,619.50880
2071,664.03986,596.66516
2072,786.46690,360.09451
2073,626.55817,-128.22172
2074,961.05457,73.74003
2075,842.79885,259.95623
2076,831.87194,336.87794
2077,661.46230,-55.09527
2078,959.47530,163.00932
2079,766.61717,387.04730
2080,962.36157,59.13486
2081,945.56858,125.55315
2082,766.20110,498.70171
2083,868.98877,141.62250
2084,966.94418,98.58959
2085,957.47947,-221.12498
2086,878.94513,187.09398
2087,760.42586,427.85362
2088,463.58803,-206.52232
2089,661.64088,614.49943
2090,764.63852,478.03941
2091,974.36315,8.93971
2092,783.85150,401.33046
2093,1051.14816,113.36969
2094,875.91213,212.98141
2095,1017.81645,91.36331
2096,1000.34633,99.58922
2097,900.03360,103.42453
2098,686.47607,504.06709
2099,912.21847,201.76673
2100,976.67334,231.97578
2101,825.93795,342.00431
2102,692.52918,584.72915
2103,953.51100,80.53842
2104,670.31082,573.49399
2105,987.88127,4.74764
2106,925.28943,67.77009
2107,881.44546,259.47427
2108,870.56581,173.73482
2109,456.13632,-211.57005
2110,791.46541,356.28226
2111,995.08273,46.58031
2112,868.89613,213.00425
2113,848.03233,42.73539
2114,932.37554,98.39159
2115,900.97031,151.14094
2116,1030.89558,69.95457
2117,792.02529,386.32392
2118,892.20886,75.86946
2119,959.09876,87.97159
2120,765.03216,652.96943
2121,663.51822,626.09030
2122,703.74537,537.81592
2123,777.47146,390.38023
2124,657.63639,566.78802
2125,839.25809,272.36662
2126,886.89595,126.49584
2127,786.24986,532.20663
2128,734.95669,555.89732
2129,955.55609,53.57674
2130,873.28161,240.78874
2131,790.88089,381.48031
2132,917.17425,206.78899
2133,870.76633,182.60210
2134,636.75227,-121.09130
2135,736.61817,619.45822
2136,1004.90646,1.18582
2137,957.21208,111.02652
2138,924.64002,102.78389
2139,961.03673,231.39248
2140,725.60678,478.49086
2141,935.74955,281.26745
2142,657.37202,529.59385
2143,653.90239,577.83952
2144,857.98297,276.03321
2145,451.22876,-225.85227
2146,815.50334,302.61542
2147,997.60396,45.88037
2148,1044.18757,-9.69897
2149,757.01037,238.55701
2150,926.46642,107.87138
2151,707.87676,468.99725
2152,825.05771,324.83918
2153,831.11781,355.01399
2154,1025.67531,67.68858
2155,902.70331,197.69887
2156,794.37993,400.51498
2157,833.66232,293.53216
2158,1007.89287,-1.33222
2159,874.60040,178.33638
2160,1003.77775,7.38468
2161,920.90486,128.19891
2162,964.83437,97.34270
2163,1006.62786,58.06532
2164,827.28235,296.71030
2165,683.13599,640.88800
2166,785.52777,366.23712
2167,979.45995,4.83017
2168,856.58664,272.64217
2169,791.12668,394.45952
2170,713.68715,492.37233
2171,680.85589,534.76329
2172,612.61616,-132.38323
2173,729.17751,465.51178
2174,886.94656,197.63846
2175,806.95570,403.35727
2176,818.71347,321.92760
2177,925.54763,97.11069
2178,956.84563,45.74045
2179,901.15095,188.83522
2180,989.81347,98.74712
2181,489.91680,-198.94153
2182,676.39564,532.47051
2183,991.81031,110.73628
2184,698.48659,634.30030
2185,755.97832,467.27803
2186,731.83427,673.50045
2187,787.80370,98.93449
2188,703.82601,476.07041
2189,971.36070,105.83131
2190,918.80713,262.65258
2191,845.77500,249.48710
2192,999.14545,72.04538
2193,902.08450,140.03437
2194,785.86015,666.25412
2195,669.09181,595.80662
2196,931.27829,101.70921
2197,845.48666,238.30633
2198,885.11315,194.13665
2199,911.05897,186.15528
2200,639.75093,585.93089
2201,822.31939,231.03433
2202,1004.79865,72.25740
2203,831.60776,302.94314
2204,668.10629,-94.54955
2205,948.13864,66.13920
2206,850.45283,233.46050
2207,851.72833,-30.04749
2208,841.41210,287.85548
2209,859.29078,-64.82196
2210,472.62531,-207.51834
2211,730.52257,503.27977
2212,764.09537,419.85414
2213,952.58169,90.59984
2214,1040.11938,-16.58924
2215,938.20214,95.92180
2216,868.90589,247.97833
2217,670.71144,555.69520
2218,829.10386,350.52583
2219,669.89994,604.13494
2220,908.61154,118.26466
2221,752.05951,551.75248
2222,1015.16649,237.92158
2223,692.30155,564.80105
2224,699.33591,493.01435
2225,941.95741,76.00866
2226,911.35150,196.35772
2227,695.12182,514.75131
2228,875.36139,207.94081
2229,979.47012,36.18999
2230,800.05703,379.03617
2231,828.21822,272.45721
2232,463.33194,-208.76798
2233,700.89597,-53.10561
2234,967.64853,109.50745
2235,808.22359,702.46875
2236,870.76804,-80.96563
2237,759.09668,456.46602
2238,674.69794,628.30808
2239,932.79117,223.52344
2240,698.32213,536.92709
2241,640.44158,-77.78919
2242,843.39582,288.46001
2243,878.66657,205.06024
2244,927.38525,105.54535
2245,944.04647,38.13420
2246,803.97670,596.22766
2247,687.07540,632.15361
2248,858.50554,286.99938
2249,812.97214,332.99277
2250,688.93224,521.95586
2251,855.33486,221.82532
2252,891.07980,175.08966
2253,1014.87191,101.71817
2254,686.04348,627.30663
2255,960.83836,-223.35839
2256,909.53672,207.03968
2257,1000.46001,58.19079
2258,917.10462,674.59175
2259,823.04129,297.05706
2260,693.12989,643.92703
2261,707.20122,494.78252
2262,946.47514,44.56201
2263,704.40534,546.59513
2264,662.39220,-93.95537
2265,963.93789,46.84447
2266,957.74188,54.65140
2267,685.30092,540.51807
2268,806.75863,351.42505
2269,1039.96451,-18.80210
2270,671.89012,613.15056
2271,948.67909,62.39704
2272,997.23751,136.38429
2273,925.30311,110.85461
2274,750.90963,509.29397
2275,786.55486,560.47376
2276,708.78827,483.79944
2277,879.51208,260.19125
2278,706.18380,562.82434
2279,650.72422,572.96784
2280,471.36545,-201.71690
2281,722.87510,479.98787
2282,879.27755,-97.39957
2283,965.21004,59.03889
2284,1038.77039,61.83425
2285,937.07264,176.98859
2286,989.74451,137.40786
2287,977.15888,131.85526
2288,480.97326,-214.65993
2289,953.65854,231.88352
2290,764.27036,656.70674
2291,884.13468,206.53981
2292,703.88466,493.07755
2293,770.20734,396.85403
2294,871.92622,366.91159
2295,928.30820,-184.89763
2296,966.54407,82.72932
2297,904.18541,165.58514
2298,881.79445,195.26137
2299,438.18036,-219.51314
2300,876.73168,169.20265
2301,670.87076,565.86974
2302,493.02933,-183.98422
2303,916.38847,100.81283
2304,939.03326,258.04225
2305,706.42078,621.66335
2306,892.72181,140.12144
2307,695.25644,553.47225
2308,727.56032,167.37906
2309,750.11414,363.34492
2310,884.93538,164.50953
2311,918.66250,198.02865
2312,885.44285,358.19159
2313,946.96288,106.18601
2314,807.58084,347.29816
2315,685.38873,578.80559
2316,1027.26607,1.82875
2317,685.23105,544.97868
2318,815.74826,308.05967
2319,762.74315,319.45803
2320,1027.30144,-4.29177
2321,1006.15219,-7.33962
2322,989.88650,152.86047
2323,894.74961,205.61831
2324,669.72898,593.88924
2325,853.37509,209.68770
2326,889.67724,141.38008
2327,921.56180,175.27359
2328,505.55258,-212.08027
2329,878.46276,126.10423
2330,858.80231,292.58944
2331,923.96239,84.55455
2332,831.74808,279.37822
2333,748.69070,459.60333
2334,773.79493,380.44424
2335,798.20587,345.83636
2336,487.37872,-210.90140
2337,836.05867,347.93420
2338,721.94300,476.43120
2339,707.77224,514.48528
2340,723.40816,180.10956
2341,669.31008,531.96872
2342,732.54880,150.34093
2343,1014.38464,47.50427
2344,442.55143,-219.97820
2345,476.07198,-191.43011
2346,739.95547,533.10866
2347,681.13229,538.83460
2348,667.26834,588.37796
2349,650.04716,581.01353
2350,794.31579,364.15335
2351,815.28770,316.37158
2352,744.28298,418.61400
2353,949.19860,82.97266
2354,694.47590,541.64086
2355,907.14631,195.05544
2356,918.49755,180.86142
2357,677.12609,579.23495
2358,678.28629,525.43140
2359,716.64243,538.68448
2360,873.59465,245.43946
2361,681.31671,569.38023
2362,731.76545,457.63365
2363,974.12767,100.68216
2364,1000.90078,55.36534
2365,935.71312,122.53420
2366,763.21086,398.40629
2367,988.53143,157.67268
2368,999.85739,16.42725
2369,930.70942,104.14249
2370,915.60171,89.53627
2371,844.46852,296.04313
2372,855.35358,269.32383
2373,697.61124,536.18964
2374,924.91564,180.43944
2375,698.79357,494.70881
2376,792.12938,332.45687
2377,997.38988,76.18883
2378,978.29164,85.37099
2379,827.53606,360.77526
2380,997.23551,73.20174
2381,753.59660,448.43181
2382,977.15876,38.84494
2383,723.78744,638.93403
2384,644.98445,620.89647
2385,824.90211,334.11311
2386,948.10331,48.18538
2387,996.99969,28.32028
2388,688.23130,550.26164
2389,699.91065,544.72690
2390,738.72270,487.93444
2391,886.83887,194.20859
2392,970.00404,19.75498
2393,867.58234,198.64694
2394,910.70120,179.27906
2395,920.79753,290.67385
2396,662.29406,-106.16322
2397,962.66666,92.47250
2398,975.53654,76.64378
2399,771.34654,-9.07337
2400,457.53304,-222.98627
2401,688.60884,582.87147
2402,760.66082,431.99555
2403,919.06372,107.42928
2404,916.95596,126.43521
2405,877.83684,216.76650
2406,849.79692,283.83332
2407,798.53220,399.80929
2408,786.79128,407.63063
2409,765.91044,426.10741
2410,939.12595,170.35706
2411,791.93976,389.67053
2412,843.18635,349.44810
2413,946.94761,78.12941
2414,851.90022,271.14581
2415,881.87518,175.90525
2416,889.37977,126.11934
2417,1014.48849,84.26004
2418,680.69912,526.16168
2419,1010.01396,51.08263
2420,754.12788,409.89432
2421,895.26855,236.52764
2422,868.73653,209.62806
2423,935.91851,75.16708
2424,859.82814,321.41769
2425,795.98876,142.16393
2426,892.74072,207.47879
2427,986.86895,40.79609
2428,813.64372,377.81255
2429,695.76438,518.65576
2430,887.73541,117.03851
2431,737.69798,470.03967
2432,752.45271,428.27872
2433,915.01051,212.78122
2434,742.91854,461.60618
2435,667.87214,534.92829
2436,1015.89654,13.58377
2437,1001.19229,9.32082
2438,801.81715,367.00822
2439,984.35026,61.38020
2440,1041.02365,-16.63518
2441,919.57938,117.20238
2442,756.44787,430.75956
2443,498.35771,-202.43787
2444,846.73218,372.75862
2445,917.11177,312.61331
2446,745.58838,555.78385
2447,884.98417,190.26041
2448,433.06152,-220.71991
2449,789.59578,681.02035
2450,702.16572,551.92861
2451,844.01688,278.53496
2452,820.41991,372.53446
2453,953.61769,74.45435
2454,473.08833,-214.65790
2455,732.06661,467.78381
2456,738.71625,675.41173
2457,853.13850,411.38638
2458,1004.89645,36.20059
2459,976.78027,164.41913
2460,901.84864,359.40479
2461,871.61634,253.57369
2462,725.23380,455.93941
2463,803.50603,367.04203
2464,691.73869,577.64541
2465,843.81265,298.27385
2466,820.75618,312.29921
2467,860.24328,234.63940
2468,834.09221,276.52841
2469,845.42964,345.97633
2470,1012.80479,31.74332
2471,1021.78126,13.97821
2472,450.37616,-219.68050
2473,978.07057,113.31769
2474,811.02782,354.60306
2475,890.94620,177.52349
2476,857.71795,235.60462
2477,862.48025,355.42942
2478,866.07433,297.07375
2479,1017.11195,2.99746
2480,812.81073,337.50604
2481,942.50316,90.74467
2482,725.23214,488.19216
2483,679.19431,600.40492
2484,695.56960,532.97932
2485,639.77947,584.37650
2486,937.56800,92.27793
2487,966.98988,164.14821
2488,797.86227,360.29624
2489,892.05253,363.55689
2490,735.66914,197.79882
2491,839.20550,306.19048
2492,758.55810,430.61482
2493,687.64560,552.87988
2494,960.96530,53.29102
2495,683.07363,545.51545
2496,732.02731,546.20615
2497,782.34497,82.94121
2498,892.89065,125.64120
2499,777.33192,382.60826
2500,695.69608,555.57518
2501,820.02531,335.77040
2502,689.05057,513.23179
2503,857.50330,285.84878
2504,903.38101,-153.81459
2505,824.18844,293.23314
2506,493.99103,-198.54622
2507,828.38020,336.27495
2508,919.91561,254.25960
2509,954.82665,55.72349
2510,660.58859,629.25487
2511,653.72844,-60.30998
2512,781.80257,377.80244
2513,879.23048,334.79556
2514,713.12701,554.50850
2515,995.31470,72.50071
2516,852.21568,285.30877
2517,899.78003,225.30170
2518,928.21274,72.10783
2519,974.13009,97.50369
2520,927.82168,87.83727
2521,915.19525,231.20003
2522,1035.07497,60.09704
2523,1021.55844,102.66074
2524,727.11191,170.54761
2525,718.83373,512.92471
2526,836.21139,274.78649
2527,798.47090,351.29278
2528,638.03171,613.08227
2529,701.09596,484.35559
2530,953.46000,110.84511
2531,939.71567,95.21433
2532,814.15681,366.11724
2533,678.27399,571.48938
2534,746.25563,432.79135
2535,735.47562,653.17883
2536,634.49653,593.60668
2537,786.08227,356.47960
2538,784.64063,62.08161
2539,451.23628,-228.39784
2540,997.81221,78.10284
2541,926.18813,194.34759
2542,893.59471,314.73908
2543,664.73529,547.51870
2544,711.67872,593.91202
2545,784.77460,374.58141
2546,806.19559,314.75053
2547,662.33664,621.80652
2548,895.51035,262.52016
2549,809.19475,314.11847
2550,634.84993,589.45326
2551,679.81038,550.05607
2552,755.31553,469.36123
2553,705.00207,518.59360
2554,835.08761,259.73087
2555,947.95571,199.08960
2556,967.64899,170.45356
2557,784.16295,411.88899
2558,722.27456,176.41988
2559,976.78470,118.44412
2560,730.92884,431.59475
2561,741.52536,621.51914
2562,729.26125,22.82065
2563,911.87907,353.37140
2564,857.39587,205.01451
2565,818.18139,340.04410
2566,668.21009,542.09104
2567,931.31522,70.43553
2568,1011.10884,81.92686
2569,668.16920,620.02727
2570,947.33946,36.98895
2571,998.23178,70.41679
2572,892.18768,181.59868
2573,661.71214,539.77685
2574,876.84776,201.17405
2575,657.36303,617.69393
2576,769.49052,425.63528
2577,694.26224,510.25266
2578,924.17638,88.85863
2579,1018.77205,-6.75041
2580,714.20844,470.83162
2581,696.37257,637.16663
2582,710.24672,498.92444
2583,706.54372,555.55232
2584,723.08925,516.13049
2585,708.83172,462.42769
2586,826.37888,316.89391
2587,822.04932,325.03374
2588,914.49025,121.55327
2589,810.40291,318.05908
2590,840.40212,573.84067
2591,950.27866,37.78434
2592,1006.42051,45.39101
2593,511.90429,-202.41069
2594,898.15046,195.67827
2595,459.47635,-193.80837
2596,830.00522,325.25932
2597,721.48365,541.35979
2598,830.89580,329.55987
2599,859.15456,204.24875
2600,961.15386,213.78434
2601,1001.77392,48.14811
2602,894.33146,185.75379
2603,760.58791,-14.05956
2604,689.01344,585.30160
2605,936.74784,148.46383
2606,671.91968,533.45182
2607,1004.33078,136.06603
2608,672.40169,591.64972
2609,707.97762,473.39001
2610,966.72450,15.98670
2611,752.73661,673.60842
2612,846.62316,277.08102
2613,965.47441,111.75553
2614,744.26026,425.72389
2615,822.39627,354.41318
2616,755.83794,435.69875
2617,703.34385,542.15149
2618,637.36022,596.71850
2619,658.97122,607.28552
2620,857.40699,209.86547
2621,977.80671,35.65790
2622,474.46337,-203.96359
2623,959.89539,50.06606
2624,923.93202,187.53187
2625,727.40577,440.72625
2626,823.37729,288.32191
2627,726.90891,567.34586
2628,739.33898,498.30919
2629,929.82838,161.04760
2630,732.17807,442.01240
2631,457.33280,-216.32321
2632,916.89935,-165.73891
2633,842.26839,281.70192
2634,861.56439,199.27129
2635,982.31482,41.50232
2636,894.99826,167.51128
2637,890.35465,682.74874
2638,732.09509,456.17888
2639,670.35090,623.91539
2640,890.13110,183.37968
2641,963.74869,54.44218
2642,728.46817,448.56253
2643,865.57182,219.65311
2644,844.44339,347.26564
2645,714.15584,518.93526
2646,906.03842,172.96941
2647,981.11951,3.63397
2648,977.21782,94.87741
2649,449.73876,-225.42055
2650,953.67995,121.12158
2651,705.21623,483.45412
2652,833.41525,269.21596
2653,732.17601,504.42622
2654,814.54061,349.44599
2655,673.36943,614.71967
2656,890.92800,24.85552
2657,880.24380,172.90853
2658,652.92422,624.02762
2659,683.98084,509.86283
2660,991.65658,36.93362
2661,848.99390,318.96040
2662,987.26288,131.43858
2663,967.55674,82.42940
2664,743.39951,525.61511
2665,803.45153,352.83106
2666,1015.30074,46.69728
2667,866.11657,315.01533
2668,840.29539,316.01322
2669,770.18538,-13.44818
2670,969.91708,30.09752
2671,851.59518,230.27309
2672,703.26119,628.64347
2673,962.12115,508.38316
2674,482.08899,-208.95068
2675,914.06471,195.06510
2676,816.38758,387.50078
2677,809.36759,714.52935
2678,632.30920,597.87351
2679,678.05054,608.05219
2680,618.50532,-85.29313
2681,762.34725,447.12775
2682,1040.61134,9.47299
2683,1016.19170,-4.78720
2684,694.99910,597.23376
2685,804.41421,401.81022
2686,742.31158,430.44745
2687,845.11241,262.79181
2688,682.43981,-74.23922
2689,824.37019,394.10185
2690,687.22966,589.92158
2691,807.61967,317.63225
2692,707.60954,502.04635
2693,954.19350,-215.57351
2694,974.31876,51.11947
2695,820.96984,133.56171
2696,931.19434,107.65122
2697,928.18950,79.72689
2698,896.81311,220.75612
2699,767.69959,450.84028
2700,926.68565,172.06196
2701,763.47719,417.07295
2702,773.98271,439.01528
2703,848.83373,238.63423
2704,958.17020,-219.08875
2705,838.76697,269.02633
2706,823.49003,123.19392
2707,958.33972,144.38137
2708,985.51583,18.94567
2709,844.84930,351.01523
2710,886.60454,131.89401
2711,835.52082,297.92432
2712,868.38675,256.52766
2713,766.18974,400.07886
2714,832.75464,308.21246
2715,990.13933,54.96269
2716,871.94585,255.12605
2717,1015.65440,105.48220
2718,744.19263,415.21064
2719,699.37519,502.32555
2720,798.28506,355.07275
2721,700.62527,523.65671
2722,756.54305,478.43725
2723,991.69946,138.10589
2724,692.45887,547.19081
2725,833.27054,286.93132
2726,686.50852,545.53312
2727,878.55624,162.13706
2728,1030.31583,62.89046
2729,741.25649,577.94149
2730,1002.15802,-0.64706
2731,941.25939,118.27261
2732,1043.10432,299.45432
2733,719.32014,463.48320
2734,952.84491,35.92772
2735,975.16692,3.93317
2736,654.60478,628.02903
2737,1001.00149,-5.96687
2738,769.22731,676.58294
2739,491.13958,-211.17196
2740,882.91094,144.55853
2741,827.13632,33.87508
2742,879.62068,152.38847
2743,971.27487,17.65858
2744,880.20949,167.07777
2745,944.01766,141.92882
2746,980.48289,135.82618
2747,900.35480,-127.26598
2748,729.89682,199.03849
2749,750.11616,608.05446
2750,692.90448,554.13108
2751,793.30967,588.10636
2752,1001.29222,78.15160
2753,977.86659,26.35467
2754,940.32090,123.55622
2755,494.56716,-207.69473
2756,776.32964,390.57374
2757,693.97693,498.16451
2758,912.81894,173.00427
2759,832.35403,296.17353
2760,744.95665,440.81560
2761,990.07244,50.17050
2762,965.71542,50.49055
2763,959.88270,25.16653
2764,934.58361,95.95771
2765,435.53536,-218.44318
2766,503.48409,-194.88706
2767,877.34349,176.41463
2768,772.99073,441.08872
2769,675.26361,620.52198
2770,685.16425,590.92104
2771,959.21450,-219.94003
2772,706.18141,561.50241
2773,823.10952,416.99773
2774,980.32783,0.69153
2775,1045.97929,61.60452
2776,674.72460,589.93390
2777,736.61612,447.20087
2778,898.45057,232.64187
2779,690.96605,536.13631
2780,787.46507,347.80879
2781,791.45317,379.23266
2782,943.07575,-203.29205
2783,658.27725,-56.26480
2784,730.29068,463.15048
2785,718.53292,-53.61922
2786,924.17299,201.52582
2787,695.54618,612.63903
2788,835.02256,280.46724
2789,700.34981,500.33299
2790,831.97065,349.27692
2791,819.70968,301.81697
2792,954.34006,59.01136
2793,939.77767,143.95203
2794,700.31394,491.51629
2795,1010.71364,85.64508
2796,923.03130,191.12433
2797,948.04090,91.22312
2798,994.64200,130.90019
2799,902.79347,193.48319
2800,723.32114,554.24388
2801,827.54672,329.81907
2802,957.96900,25.67678
2803,721.21907,452.72731
2804,797.35062,459.05602
2805,781.41538,383.51303
2806,711.51360,482.43567
2807,704.32285,647.46134
2808,680.94885,585.58061
2809,705.94617,540.22805
2810,694.51016,551.46589
2811,941.56766,163.81231
2812,788.80444,378.57392
2813,953.24552,127.39485
2814,864.12821,232.48668
2815,723.91783,474.79845
2816,780.96411,388.08773
2817,628.18732,-127.19003
2818,739.87430,490.95124
2819,845.57016,294.74263
2820,712.35390,487.41460
2821,962.24287,117.38400
2822,704.06038,633.04633
2823,922.42423,120.13255
2824,701.61569,553.65864
2825,659.76997,625.48836
2826,790.12744,362.46404
2827,924.89933,-178.74934
2828,990.75298,48.40218
2829,1035.86228,68.32771
2830,949.08715,-210.11045
2831,944.41299,128.81492
2832,747.55189,489.01699
2833,900.00778,222.19763
2834,960.98600,133.14007
2835,685.58059,588.73321
2836,943.88229,53.37058
2837,801.11797,374.97226
2838,922.91022,110.33590
2839,910.03321,88.80283
2840,872.38826,159.32857
2841,921.53931,201.58289
2842,759.63079,417.64017
2843,875.67325,203.60218
2844,922.18785,68.57726
2845,758.52030,440.09835
2846,723.37681,468.18740
2847,707.19334,487.94064
2848,911.02289,139.84056
2849,1026.95677,-7.25363
2850,923.60396,68.70139
2851,676.58946,593.53773
2852,937.00740,-194.25874
2853,1007.61788,71.93481
2854,753.28790,406.11325
2855,754.84208,437.44302
2856,805.74637,326.34155
2857,725.43998,176.68469
2858,767.89844,393.94297
2859,442.49838,-223.86576
2860,936.31338,175.18727
2861,666.43343,606.41201
2862,672.14349,601.72185
2863,724.57774,651.18163
2864,787.11861,376.55459
2865,964.75073,18.46026
2866,939.48108,116.51095
2867,730.23560,467.88486
2868,982.20110,18.21176
2869,989.13830,47.46755
2870,1036.84730,-11.22218
2871,970.97153,52.46319
2872,758.73003,305.83517
2873,923.08198,179.55956
2874,969.50165,12.77535
2875,870.57183,199.67629
2876,665.96851,578.20014
2877,684.09557,576.93820
2878,726.47144,459.95819
2879,681.13900,517.21501
2880,1026.96589,303.52007
2881,711.33032,560.44441
2882,935.49810,154.81499
2883,981.17221,146.00634
2884,649.23539,576.56245
2885,1003.30528,80.12946
2886,923.36392,122.53211
2887,843.67946,268.40904
2888,669.78946,589.21429
2889,634.32432,598.14518
2890,737.80839,460.97051
2891,711.12053,479.77255
2892,738.87365,510.58706
2893,921.52529,220.88587
2894,856.74585,135.32684
2895,697.97954,570.00895
2896,969.24310,155.72858
2897,785.13530,681.20277
2898,866.38418,232.63336
2899,811.72353,389.15427
2900,753.76459,400.51339
2901,711.41240,524.02905
2902,946.58704,83.73838
2903,701.13682,491.40924
2904,889.49809,174.70307
2905,780.33190,336.96681
2906,634.42841,603.53862
2907,939.30546,93.28579
2908,856.09931,333.82110
2909,965.56786,64.22162
2910,869.54386,177.38292
2911,695.14556,590.51851
2912,767.22140,513.19880
2913,681.38234,604.10936
2914,724.99871,495.26478
2915,750.31352,442.31904
2916,979.20741,158.07189
2917,927.94175,145.98040
2918,682.42196,518.47537
2919,1038.77597,-9.58341
2920,846.24329,303.87394
2921,875.33621,347.16210
2922,885.21921,182.58105
2923,1023.33579,23.81539
2924,922.23757,125.69211
2925,733.20489,466.54966
2926,934.86867,-192.95144
2927,959.10989,125.96688
2928,978.53091,134.67007
2929,1022.84555,51.07195
2930,863.94762,278.45946
2931,982.92796,80.33480
2932,928.75070,180.82945
2933,946.41704,72.80428
2934,807.73788,358.51187
2935,741.54334,469.62056
2936,698.20593,506.06586
2937,850.81946,256.50522
2938,1017.73985,82.09382
2939,872.72947,167.23733
2940,743.37357,545.16196
2941,716.37569,7.27172
2942,748.58351,263.94233
2943,923.10923,117.46637
2944,865.90684,217.34302
2945,817.80901,306.60404
2946,817.16117,304.21873
2947,870.71995,145.67550
2948,811.42505,382.91294
2949,765.06629,384.75419
2950,939.76550,-198.65240
2951,859.22486,331.16240
2952,785.84771,234.26595
2953,819.85532,365.70573
2954,893.82731,188.85142
2955,804.14376,329.47455
2956,847.61854,301.21121
2957,829.87516,337.49177
2958,701.57636,507.65206
2959,892.70266,184.48718
2960,967.16126,115.12156
2961,686.17883,524.40023
2962,833.98941,311.41474
2963,936.34450,82.84011
2964,619.52894,-132.76017
2965,664.67857,627.70878
2966,1008.76966,24.21590
2967,826.67608,335.23662
2968,669.29660,606.80273
2969,842.00215,355.26163
