0,728.64838,-67.36860
1,847.93137,827.18565
2,592.19882,-261.39383
3,671.83037,-120.42172
4,794.98379,45.63988
5,945.92397,559.13564
6,959.60145,453.94644
7,991.35876,541.69822
8,972.35863,485.98772
9,973.63505,177.27005
10,886.24123,694.50755
11,600.27180,-234.54297
12,601.76376,-244.21486
13,862.49973,793.98316
14,919.29223,536.79525
15,996.32204,513.88893
16,951.18155,619.32353
17,929.47534,267.87464
18,916.33850,717.48217
19,762.50829,0.64277
20,945.29304,416.33292
21,931.71611,179.32754
22,868.18768,310.97772
23,965.77615,429.57021
24,747.74555,434.75815
25,897.04619,465.41308
26,645.58847,-175.64178
27,855.73971,824.46830
28,810.04532,72.86699
29,562.08569,511.85512
30,634.84253,-205.76452
31,908.18554,591.58049
32,856.21137,816.99637
33,617.70607,-259.61493
34,936.75459,624.46935
35,864.43553,790.07252
36,558.41339,506.73640
37,920.75951,390.28351
38,818.16414,805.13372
39,723.94334,-54.77805
40,903.45332,587.84867
41,709.28721,-73.98661
42,966.40106,185.05818
43,858.40938,617.56314
44,597.46625,-245.12708
45,986.78421,472.54570
46,952.19508,390.33738
47,893.71030,611.11883
48,947.87023,295.54441
49,970.84948,496.83898
50,980.19412,561.93636
51,947.62764,473.66066
52,969.18344,422.04191
53,685.46349,-126.30984
54,806.76258,58.65908
55,882.82633,666.78372
56,875.59431,800.20123
57,984.83267,543.65426
58,937.46161,648.12309
59,617.85409,-211.94738
60,961.13227,108.95669
61,866.25873,498.74746
62,947.77360,454.50276
63,979.94334,530.54314
64,840.79485,530.58283
65,890.88379,462.04555
66,965.18000,451.19213
67,946.98157,501.45754
68,927.89941,365.48239
69,575.57579,-315.22294
70,641.69110,-195.14331
71,860.25716,682.01167
72,885.53832,248.03546
73,592.34462,-279.10596
74,602.50169,-237.31970
75,793.34169,805.45591
76,845.04361,793.26685
77,864.39178,805.91984
78,702.22621,-66.94854
79,986.05061,517.87350
80,935.03054,284.69504
81,937.11993,633.08235
82,985.15437,471.54047
83,949.74543,613.53851
84,805.74476,73.23242
85,645.04566,-194.88321
86,578.51776,-312.38760
87,647.82383,-189.80788
88,918.56199,477.01985
89,934.44949,198.38402
90,848.57693,807.04267
91,892.95569,639.78419
92,682.06450,694.84044
93,552.84831,-331.04074
94,910.05212,504.31532
95,757.13928,11.93680
96,962.16494,450.34543
97,773.83195,602.18880
98,601.51502,497.53910
99,989.63418,508.74135
100,936.38357,339.40900
101,677.04909,-99.93785
102,896.60801,462.56625
103,681.04950,-97.78375
104,675.57040,-106.32823
105,594.31475,-252.69668
106,975.32422,435.19998
107,968.56486,473.00845
108,973.59653,333.52236
109,787.83762,749.29739
110,761.27406,728.33179
111,987.91237,386.82343
112,932.45298,669.33518
113,884.80359,770.12809
114,622.53324,-255.95614
115,752.58718,803.64357
116,751.88793,752.19244
117,622.43668,-248.41865
118,961.10124,613.39270
119,933.79934,610.79806
120,975.11026,346.12549
121,585.23578,-319.08640
122,647.87026,-187.49775
123,952.35345,282.20219
124,620.29109,-250.97425
125,913.83615,482.20228
126,944.05725,238.35594
127,683.30324,-99.81559
128,600.86485,-294.31927
129,960.23455,615.64051
130,916.08609,691.98329
131,608.94841,-234.12013
132,575.30960,-273.24964
133,859.23258,819.55350
134,991.64510,517.68835
135,565.31980,-276.95762
136,577.92434,-323.81801
137,558.10759,-343.57717
138,772.50812,623.28851
139,792.27845,495.07857
140,625.99561,-219.51108
141,932.33128,172.05672
142,940.15083,612.02898
143,883.29119,628.31355
144,570.49316,-268.69271
145,829.60273,726.04429
146,986.64890,549.64927
147,568.00948,-339.06195
148,946.35031,583.16900
149,612.32511,-226.09078
150,934.97963,287.87596
151,963.18464,173.20247
152,737.17900,784.98090
153,816.33800,602.69236
154,961.11523,239.82279
155,956.55139,450.42012
156,663.43752,-157.56500
157,892.99627,677.85418
158,922.38249,511.01617
159,844.15521,702.53137
160,588.54751,-286.35697
161,915.95455,497.41342
162,616.32058,-244.84139
163,966.94424,411.09147
164,668.43026,-80.41592
165,984.74220,498.84591
166,597.77314,-299.65173
167,840.47215,812.35795
168,965.16116,175.69054
169,899.42993,731.82452
170,980.43590,353.44326
171,945.23897,282.54028
172,904.64945,594.61522
173,939.05589,652.43826
174,981.63390,499.08841
175,926.89626,539.25426
176,831.94369,806.01392
177,986.13469,379.64489
178,964.96850,199.01797
179,905.72229,716.11427
180,966.58237,505.74814
181,935.44569,414.13844
182,755.51023,795.88062
183,592.95820,-292.85672
184,927.87548,611.24564
185,902.89351,644.38360
186,613.56271,-246.15892
187,948.29208,480.75901
188,931.59837,510.34325
189,976.28132,173.69717
190,579.22596,-308.79957
191,957.48546,441.75413
192,986.00922,486.67711
193,789.05484,340.47985
194,959.39161,431.62602
195,931.79809,544.99746
196,941.98232,511.17558
197,603.51922,-294.25987
198,921.09789,628.43802
199,724.57321,-64.21833
200,951.24988,617.60246
201,907.94942,717.67088
202,982.09098,558.49723
203,910.47966,562.71073
204,571.15707,-330.39840
205,693.80162,-119.36732
206,963.52916,458.70331
207,782.88097,26.41881
208,840.95299,803.18443
209,649.72566,-175.26526
210,896.79809,605.01572
211,989.54541,496.79577
212,631.14494,-200.47042
213,945.49260,387.51628
214,631.27964,-221.82503
215,668.58078,505.22125
216,857.06327,785.06038
217,967.68241,523.39925
218,923.78218,184.37815
219,960.43655,440.08654
220,966.89508,248.07066
221,571.77954,-336.23523
222,923.13920,594.98473
223,737.74770,797.71172
224,592.23436,-238.42740
225,978.27431,537.04898
226,971.51944,304.48798
227,769.45110,4.58157
228,581.93906,-310.78484
229,949.52370,110.02761
230,957.52910,518.73170
231,754.44966,747.75883
232,838.87547,742.63397
233,787.55813,483.34720
234,660.53000,-143.45977
235,950.07018,362.97986
236,665.32748,673.22850
237,743.74448,758.80796
238,550.56390,-320.26926
239,937.75550,189.89468
240,917.76785,334.76934
241,617.89923,-251.86247
242,984.08148,511.08147
243,959.71368,195.75907
244,584.47859,-273.53061
245,945.07892,591.02641
246,921.98767,607.85726
247,861.45705,455.97382
248,606.40866,-289.28308
249,872.60628,792.82911
250,823.38617,738.70133
251,969.68179,186.57155
252,897.99496,674.26728
253,838.79432,812.46370
254,990.24227,475.29782
255,975.80497,356.42566
256,985.91482,538.83030
257,688.17303,-108.23191
258,955.24548,454.37340
259,915.39223,270.68729
260,598.67723,-275.18841
261,605.13933,683.58375
262,968.15283,358.62261
263,922.82158,426.95786
264,855.36267,243.74654
265,920.86540,365.49775
266,631.99942,-202.72182
267,664.80801,-150.83420
268,944.64781,480.64569
269,677.31120,713.11490
270,704.97696,-105.72320
271,919.38538,404.76468
272,841.23271,805.79423
273,947.52032,395.59901
274,743.57462,581.49760
275,964.29948,117.39524
276,990.30712,458.52007
277,977.38066,503.53677
278,583.35402,-307.96785
279,931.33119,657.60821
280,760.76222,733.83663
281,932.71487,169.61880
282,883.32642,186.47575
283,847.03312,600.49973
284,666.53544,-153.16845
285,964.00414,264.35696
286,918.39688,527.02285
287,950.95367,580.54333
288,550.22112,-317.60549
289,837.73561,345.49085
290,958.14707,271.96717
291,598.48729,-247.97641
292,973.43915,558.18249
293,963.70597,179.71819
294,770.88614,7.00683
295,854.44666,617.71057
296,587.99021,-307.10106
297,630.92982,775.49861
298,949.14054,220.74099
299,948.92979,518.61089
300,989.21091,397.12051
301,861.28103,479.23671
302,909.83415,604.29610
303,768.74294,461.74773
304,852.05933,802.96737
305,963.37717,190.05940
306,922.63074,188.39658
307,620.76279,-239.47749
308,971.75920,447.50891
309,957.20691,459.11648
310,954.18017,255.33720
311,965.72019,514.07542
312,939.09951,273.12905
313,651.86509,-175.56641
314,913.32254,320.40987
315,934.86577,571.22649
316,562.24924,-340.38616
317,974.42871,141.99423
318,956.02178,220.92591
319,922.81726,505.83464
320,704.66656,-93.96930
321,868.57028,778.21383
322,989.39982,489.94441
323,575.16933,501.16717
324,836.76629,803.60829
325,967.95099,507.28497
326,805.51945,788.42730
327,905.12213,733.13711
328,933.24501,633.37273
329,633.05956,-99.69590
330,963.95609,229.81460
331,874.01285,307.96093
332,949.68183,473.51076
333,944.23496,617.75159
334,611.18134,-230.82706
335,976.38302,464.56827
336,697.37760,-106.62844
337,974.73010,538.32447
338,722.90393,-44.77477
339,952.37281,514.70760
340,657.61823,-172.94090
341,946.96301,521.78311
342,710.65599,-84.83987
343,918.65596,696.75893
344,895.53093,374.65583
345,983.45444,374.67812
346,736.51081,-44.42383
347,842.32964,652.79955
348,924.06494,592.41991
349,918.95386,384.94605
350,918.61620,629.37787
351,854.24244,757.32941
352,972.49837,250.31981
353,631.19163,-191.66111
354,894.71231,342.26422
355,636.80963,-215.57545
356,935.03889,408.99565
357,609.72437,-250.44747
358,910.31211,674.55734
359,672.15505,-110.37320
360,604.69646,-243.34412
361,972.54044,589.90131
362,968.94782,189.08035
363,621.14011,-221.53631
364,906.16750,266.55152
365,971.64625,305.86054
366,580.88053,-277.95397
367,816.10669,475.54634
368,741.31653,487.81545
369,715.30134,-72.81362
370,775.99675,27.21356
371,894.74912,658.20949
372,572.78920,-317.08221
373,702.74340,-90.38115
374,665.46427,-147.20953
375,850.62859,709.11671
376,962.17756,314.59400
377,748.13445,-30.32646
378,949.21454,650.03484
379,571.40334,499.72739
380,961.41494,398.06903
381,967.89766,168.53260
382,955.00143,516.04255
383,588.26276,-263.45635
384,573.24652,-264.77159
385,618.32950,-219.06503
386,643.08976,-200.79378
387,980.31640,520.14058
388,675.91667,-112.00027
389,920.33108,717.60709
390,813.26418,783.72464
391,978.07892,511.75777
392,605.22461,-248.10886
393,590.44115,504.28053
394,775.25447,63.48745
395,950.74928,454.00391
396,561.15621,510.79407
397,922.52211,261.32997
398,965.68274,468.08288
399,597.02490,-259.62663
400,929.01934,604.60424
401,892.88114,721.97048
402,899.08497,499.62730
403,988.87572,504.74373
404,920.63850,590.37231
405,643.09392,-195.74130
406,908.93124,617.80223
407,844.21315,307.33882
408,679.33679,-139.20545
409,721.35892,-79.61156
410,974.09472,220.59069
411,732.25282,799.16414
412,989.07770,475.24584
413,731.10044,803.19119
414,869.92733,624.26270
415,590.42853,-305.97772
416,735.97779,-50.13191
417,978.29993,540.02238
418,965.21343,455.81926
419,904.29991,323.67781
420,993.80606,486.69283
421,899.56673,842.93494
422,833.86524,817.41538
423,949.73332,589.14172
424,583.67471,-278.15636
425,944.69887,578.83973
426,856.59249,631.14412
427,947.59779,631.28105
428,578.88332,-272.92604
429,911.47246,361.85797
430,960.00900,595.81395
431,929.75515,599.68837
432,680.76098,-99.40078
433,951.33928,501.11504
434,990.37576,380.13622
435,953.11318,551.76501
436,917.72715,312.64011
437,953.24067,205.34062
438,911.39213,701.95547
439,968.90891,239.08779
440,909.84605,712.85496
441,857.80050,820.50715
442,901.83015,307.20986
443,839.63738,367.27154
444,985.60836,523.71790
445,587.08375,-270.40217
446,614.51116,-231.11906
447,912.62575,552.89753
448,944.24596,478.47221
449,728.34711,-51.83338
450,844.85226,827.92745
451,581.14012,-320.31467
452,939.10870,668.75173
453,959.09504,203.19573
454,904.61009,604.72388
455,964.88318,143.08044
456,680.74596,-92.72111
457,906.68279,743.10320
458,589.49407,-271.35968
459,970.46355,489.93586
460,964.19649,442.14112
461,898.79713,702.70931
462,972.80713,347.10628
463,884.16908,716.65740
464,977.80160,446.17749
465,861.05774,789.67732
466,949.28941,439.54057
467,699.68109,-108.35444
468,965.70993,481.69079
469,923.05219,466.97646
470,844.92906,107.19520
471,862.61388,625.35646
472,808.62820,76.41832
473,957.35915,504.04417
474,967.65091,196.90388
475,992.68416,504.79003
476,921.76836,268.94865
477,907.89258,605.21057
478,841.26286,821.46504
479,955.31638,461.60754
480,583.58750,-283.87235
481,938.09204,620.08340
482,629.53234,-218.20664
483,944.23421,204.99155
484,965.78953,437.41174
485,588.79933,-297.92279
486,915.73982,619.26349
487,638.87984,-218.77481
488,628.41664,-244.30700
489,927.74142,513.18513
490,740.69834,766.97856
491,650.67765,-177.32368
492,585.50299,-264.84049
493,913.06740,152.71996
494,976.37129,467.45321
495,889.34302,191.52073
496,881.46234,709.19974
497,994.76100,506.04245
498,888.41457,391.13803
499,958.45250,546.60537
500,586.08716,-297.80037
501,926.60885,274.08846
502,725.29139,792.40318
503,992.63864,416.97747
504,585.69638,-284.46915
505,767.39968,3.91868
506,885.10943,718.13640
507,903.24632,721.21094
508,848.62217,718.01260
509,948.12008,607.95696
510,947.20299,484.36548
511,973.01382,186.52344
512,585.84381,-269.44384
513,879.35257,808.96666
514,806.17735,748.72393
515,938.88075,481.12912
516,882.31276,711.22000
517,934.03536,526.24021
518,998.24267,473.61288
519,578.15717,-330.28377
520,974.55691,184.54428
521,977.01596,412.16529
522,954.38321,532.85020
523,587.55376,-264.82642
524,705.40989,-81.51400
525,881.48681,348.64000
526,970.24185,168.25092
527,863.03728,420.33600
528,621.86213,-259.01840
529,583.45632,-313.99864
530,931.36862,194.31619
531,978.03998,561.99083
532,919.50370,606.77997
533,912.15660,355.57829
534,594.18385,-255.24543
535,924.41044,552.85718
536,843.26282,582.68607
537,937.51963,469.32763
538,938.45839,594.63723
539,613.22741,-269.84940
540,978.80608,178.42406
541,652.05550,-166.24037
542,878.29244,418.63525
543,936.43462,662.66732
544,730.91456,-51.76555
545,983.14006,435.32862
546,903.59958,195.03706
547,631.63821,-230.77717
548,673.59634,-132.41571
549,893.98092,702.01088
550,827.01449,814.02768
551,598.51072,-242.84508
552,609.05665,-240.48372
553,893.50394,469.67645
554,843.52507,504.13412
555,870.81296,626.09840
556,959.08718,462.18523
557,906.75193,614.48801
558,973.08629,506.78346
559,935.40641,601.92349
560,571.48428,-274.56760
561,634.55117,-152.38446
562,937.80273,489.73988
563,812.86066,92.46736
564,809.13604,736.06655
565,956.97085,247.77257
566,585.39613,-276.56408
567,679.61626,-144.19381
568,859.29428,816.05310
569,898.04815,463.28837
570,926.58806,482.73369
571,977.31759,531.08242
572,921.06186,685.19149
573,747.57943,446.01798
574,954.78031,150.04275
575,847.93150,824.56763
576,970.18267,579.37946
577,832.20391,751.46978
578,619.58363,-255.63242
579,949.09918,340.66767
580,962.90511,334.36702
581,897.77856,453.38466
582,990.08501,531.02640
583,874.99740,369.30561
584,737.81312,-23.55896
585,830.43277,793.26160
586,710.68978,-95.54113
587,853.71302,760.89701
588,737.16723,765.00436
589,928.78020,522.42938
590,912.46432,455.76174
591,936.23426,423.42108
592,935.09296,607.73180
593,836.05499,699.66056
594,886.47923,347.00378
595,960.90994,288.47371
596,755.39087,2.89787
597,908.78102,596.77595
598,964.46467,195.80989
599,852.91158,798.14444
600,607.44756,-243.70596
601,933.99915,439.37583
602,966.86503,269.85566
603,899.95698,603.20454
604,963.58874,497.80762
605,973.48377,514.11016
606,641.72112,-199.07660
607,940.72292,502.44816
608,878.09096,714.69964
609,952.87636,411.77976
610,931.34147,621.53869
611,883.96372,583.46678
612,675.64337,-102.08983
613,829.75634,514.86569
614,917.55612,146.05623
615,942.78707,584.84454
616,886.32612,584.93320
617,910.03345,661.66206
618,909.10606,649.22797
619,785.17494,41.17742
620,968.30497,516.42581
621,908.95871,624.30555
622,930.95618,653.16797
623,732.10100,-43.29460
624,560.36157,-342.82162
625,615.32496,-272.08187
626,663.80006,-167.18896
627,940.53932,336.29241
628,885.88252,691.75171
629,950.18805,536.93004
630,948.96731,533.49365
631,983.36828,430.03919
632,986.32323,541.13103
633,793.72281,718.01731
634,977.63609,368.93225
635,941.76188,524.97259
636,921.81428,200.96956
637,915.41690,604.29792
638,598.80639,-253.55673
639,978.37306,505.55398
640,898.66572,421.44866
641,897.87830,610.35253
642,967.62773,463.28219
643,639.95645,-191.79816
644,923.40548,233.61400
645,918.18371,716.63298
646,601.99000,495.23592
647,955.62566,259.17085
648,965.29647,409.94028
649,937.06738,398.29936
650,953.64473,549.43588
651,863.73893,798.12675
652,947.57860,524.64418
653,928.64444,246.96837
654,952.11958,463.95895
655,926.91946,495.77558
656,913.32980,685.31598
657,644.35972,568.08558
658,896.93315,483.86705
659,966.98560,528.45618
660,846.65143,809.98534
661,799.26000,58.02042
662,653.62908,-168.21391
663,957.73934,575.45502
664,976.67983,441.94180
665,832.35499,794.33595
666,930.20781,664.28584
667,969.08158,181.80881
668,672.67472,739.66991
669,950.56082,352.19462
670,599.76957,-246.61114
671,768.10606,740.37967
672,906.60925,709.10881
673,971.55888,396.74126
674,998.37504,510.91602
675,845.06005,830.11984
676,936.27745,682.00214
677,852.18501,358.90233
678,913.70560,722.12585
679,729.55572,-62.81090
680,927.22440,463.24575
681,689.82994,-109.69898
682,976.12267,527.53455
683,978.37189,323.15250
684,576.77857,-252.90512
685,861.07346,379.20263
686,951.36917,635.06127
687,936.70218,182.58696
688,870.89566,799.38222
689,895.02416,614.18727
690,667.88361,-121.38847
691,861.27094,597.99655
692,947.18174,405.61180
693,980.51630,543.34064
694,712.33047,780.58116
695,639.75400,-202.08268
696,607.01253,-240.36200
697,972.74471,163.49941
698,950.35497,442.96419
699,725.73636,-46.07421
700,625.07539,-249.05487
701,892.31807,612.57849
702,787.48827,492.07507
703,876.74205,708.59928
704,928.69909,237.02152
705,600.34024,-241.37274
706,568.13009,-328.83947
707,972.96344,517.54124
708,872.42725,689.74532
709,981.81683,475.48088
710,900.07510,845.00929
711,889.67262,301.82968
712,756.36932,753.00425
713,978.15003,156.67641
714,960.27779,485.15387
715,978.08238,542.99532
716,965.49878,391.45582
717,979.09319,526.93217
718,980.37442,540.88280
719,845.17826,726.91939
720,924.91328,568.15370
721,870.90846,608.13777
722,579.07146,-260.54068
723,574.67435,-306.03587
724,948.35596,299.84064
725,778.21159,14.99315
726,969.69449,180.01914
727,957.49430,204.31676
728,922.89062,590.73810
729,929.76500,669.08797
730,956.89962,295.40653
731,584.60891,-310.53822
732,972.89509,583.94338
733,972.53207,541.35334
734,931.76936,517.24156
735,906.64703,374.23986
736,827.63876,64.39275
737,960.70295,458.07605
738,939.95030,570.79446
739,920.06355,700.04342
740,593.93201,-271.78411
741,944.73443,218.38639
742,722.57640,-58.93950
743,861.43627,565.41537
744,735.37941,50.64299
745,885.60054,612.27403
746,932.58661,473.81626
747,987.89313,513.49772
748,801.05258,47.77581
749,858.19241,602.01552
750,670.63465,-128.67471
751,940.72650,602.85395
752,743.66180,-18.34748
753,568.86285,506.46913
754,730.93082,800.46723
755,711.74663,-5.87638
756,843.16791,633.69841
757,839.44760,799.24652
758,977.86511,523.46338
759,594.10450,-297.77127
760,582.06948,-257.35988
761,952.58520,525.43341
762,974.86680,427.99719
763,994.18810,450.16278
764,852.44664,782.61824
765,974.29589,194.36408
766,870.22433,602.62987
767,974.45649,510.59339
768,929.71467,595.65636
769,974.00440,548.01530
770,911.77501,583.42675
771,586.87661,-300.80961
772,603.90136,-289.39612
773,947.87530,560.33317
774,949.19956,465.61413
775,968.05988,572.73555
776,950.33281,171.95634
777,923.62142,637.60423
778,643.49164,-192.19042
779,992.71269,479.13853
780,930.52678,107.28473
781,870.33946,775.30177
782,918.90047,247.10004
783,916.02578,608.06215
784,929.30588,173.86728
785,547.73600,-330.31340
786,969.00373,570.13335
787,580.56490,-281.51295
788,961.60529,295.73497
789,983.61623,391.31829
790,956.02278,363.74570
791,599.73038,-260.49890
792,819.64374,815.56658
793,599.17962,-289.90843
794,946.23311,531.73183
795,925.53030,601.31698
796,997.05970,501.15889
797,909.38666,333.52644
798,655.95999,489.37314
799,546.36229,-334.02414
800,781.50932,692.46970
801,610.55402,-271.43437
802,962.92972,347.20726
803,623.74088,-213.46350
804,604.03027,-276.93136
805,784.60508,803.24887
806,985.20689,551.72814
807,961.39570,580.32802
808,995.68057,528.24216
809,616.17066,-219.07613
810,577.35064,-269.82324
811,601.04147,-245.83010
812,879.26764,756.98003
813,814.99649,779.47243
814,849.48491,142.97228
815,971.59489,512.56401
816,579.47551,-267.14049
817,848.34893,812.37566
818,619.34138,-260.34608
819,570.19696,501.72010
820,934.00829,455.47398
821,916.78791,205.13244
822,908.50197,265.84648
823,957.93635,437.66976
824,864.27969,793.87214
825,792.55396,239.57187
826,934.16928,471.52047
827,927.70067,470.74267
828,961.36251,467.02257
829,743.36994,-35.84670
830,819.44039,75.31293
831,963.17685,352.23001
832,725.17496,773.47433
833,891.97262,498.92094
834,570.94627,-328.18517
835,997.65030,450.48209
836,968.96378,528.29459
837,953.55190,260.52587
838,946.47454,466.50274
839,969.26892,154.86662
840,582.16024,-270.35038
841,591.19342,-269.78806
842,920.24369,603.44561
843,948.59975,463.86859
844,941.89208,465.80463
845,935.74481,500.90968
846,595.15240,-291.96088
847,951.92631,506.71938
848,944.92156,106.52124
849,969.57213,247.11686
850,971.35198,508.67764
851,990.54414,525.73560
852,972.15412,356.89361
853,607.10718,-274.19968
854,911.95596,306.85620
855,610.09545,-242.70109
856,672.08487,-141.89405
857,918.82754,711.66865
858,901.72312,428.92682
859,886.86308,727.36084
860,593.47040,-249.78185
861,966.65985,342.36040
862,589.31736,-256.82592
863,982.77344,399.95063
864,973.39395,532.54967
865,899.83773,587.28370
866,873.06911,313.41947
867,951.11626,484.91948
868,929.37113,561.16949
869,562.00499,505.47019
870,711.41445,647.44122
871,683.55735,-103.39095
872,881.94907,754.37381
873,623.03060,-222.39571
874,798.93064,54.89980
875,968.05731,394.86917
876,985.80887,533.72805
877,903.88285,724.39903
878,956.16344,488.26717
879,932.15739,583.68788
880,949.01765,594.85453
881,979.84365,450.21225
882,929.04240,396.45834
883,961.30299,599.54248
884,700.49908,694.53980
885,975.05412,135.38861
886,954.60353,464.77235
887,886.38856,705.77268
888,578.78437,-281.31678
889,947.19871,448.22899
890,948.23860,505.47933
891,950.00012,558.36560
892,593.82389,492.25607
893,970.16791,460.33807
894,976.11300,149.69577
895,977.20192,509.52057
896,910.54232,443.54543
897,603.68567,-246.44786
898,935.61449,566.45549
899,579.38590,500.94634
900,873.25091,661.51308
901,900.92779,462.12334
902,888.97443,627.37633
903,862.11524,711.75124
904,963.35223,249.58075
905,916.51787,528.26100
906,964.29413,503.30163
907,915.66044,572.81738
908,926.18667,650.72419
909,902.33704,716.75357
910,963.28381,269.27826
911,578.33879,-316.70786
912,968.81203,540.86784
913,959.74309,519.92649
914,956.10815,617.65242
915,938.71429,539.33216
916,966.69865,444.60875
917,963.47177,511.50665
918,741.40057,-45.10508
919,974.53001,509.01285
920,911.54387,612.61993
921,593.82096,-307.45195
922,919.06920,224.00466
923,575.02170,-282.46756
924,935.51506,506.13336
925,918.85546,306.97262
926,942.56452,533.38408
927,897.61117,265.40653
928,942.82627,300.35580
929,723.54957,-55.99940
930,966.99259,124.27347
931,964.73332,578.21961
932,661.05187,-159.98254
933,589.19826,-311.54581
934,599.78680,-287.78161
935,605.15944,-280.86549
936,946.69243,623.86660
937,833.24487,509.21157
938,957.85647,475.13950
939,993.80121,496.83676
940,927.91389,625.31482
941,984.15502,489.21329
942,961.38704,545.44621
943,961.49437,364.33473
944,928.98364,349.43151
945,679.10732,-119.20832
946,957.17519,607.83742
947,942.00446,199.54117
948,629.83502,-235.57444
949,842.90088,828.42863
950,923.87995,642.38964
951,906.92697,308.23910
952,959.11664,474.16788
953,599.16298,-258.54737
954,857.17271,710.36761
955,636.54002,-193.14715
956,671.56199,-115.83207
957,976.88684,480.35011
958,706.05561,-95.52719
959,905.97049,723.20387
960,970.99912,388.27048
961,841.11131,602.25998
962,714.54180,-81.75235
963,947.51566,384.16673
964,986.69155,507.37721
965,894.74030,708.91628
966,933.56310,514.07643
967,959.90749,206.19944
968,909.68453,601.47770
969,656.06614,-157.41301
970,908.81881,275.68166
971,973.55094,452.99726
972,981.42925,356.24342
973,597.00976,-241.61427
974,953.40029,529.46525
975,901.78792,748.29255
976,697.91118,-83.64120
977,783.16198,141.39848
978,819.44641,784.54136
979,579.78570,-319.48852
980,851.30590,827.52954
981,956.53920,291.88243
982,964.62822,406.53193
983,976.95534,382.56505
984,983.14854,457.09525
985,954.38356,224.33495
986,611.52776,-280.49600
987,945.55988,372.40511
988,935.23704,241.60241
989,877.77735,765.45542
990,941.09288,516.15399
991,935.49409,223.56376
992,955.86892,417.30196
993,594.70230,-309.02611
994,934.99571,641.44071
995,839.11162,807.99307
996,903.45302,596.63146
997,629.49672,671.65417
998,976.41152,287.24313
999,601.37715,-256.63395
1000,630.79159,688.45980
1001,955.82971,399.08331
1002,958.62151,598.56436
1003,732.93664,797.35902
1004,870.76854,716.30761
1005,850.35092,730.96562
1006,962.47901,302.71626
1007,946.46845,513.81871
1008,699.88281,-98.58127
1009,976.07987,139.92935
1010,725.31555,-59.46288
1011,711.71974,-91.26680
1012,608.42505,-236.81048
1013,978.91919,436.61382
1014,828.78531,100.77733
1015,990.45333,412.28646
1016,849.58826,817.40845
1017,685.55842,-92.12914
1018,575.94003,-303.68638
1019,991.59883,446.71455
1020,943.40607,289.64351
1021,951.48948,531.44354
1022,947.03277,656.00687
1023,933.39203,528.82897
1024,959.37888,463.81429
1025,783.87789,103.28594
1026,577.21809,-286.46428
1027,639.65044,-135.38986
1028,553.60410,-317.34001
1029,722.19785,-75.20501
1030,564.39547,-327.34166
1031,727.27761,-69.87813
1032,925.98353,397.60855
1033,922.65199,567.55593
1034,618.21444,-267.43305
1035,594.99574,486.52746
1036,992.63094,464.22714
1037,983.22998,533.80967
1038,601.95688,728.51972
1039,936.11715,524.74395
1040,628.40303,-237.60042
1041,972.11580,435.04115
1042,951.37589,520.13674
1043,941.67953,194.52526
1044,961.64532,587.76863
1045,975.87530,205.73466
1046,963.85480,121.11433
1047,705.95670,-78.04853
1048,840.23618,714.30736
1049,953.68715,210.97471
1050,987.17601,458.93436
1051,994.29690,492.47453
1052,625.10671,-226.17083
1053,881.31336,282.20989
1054,954.62025,486.08070
1055,907.23275,702.96535
1056,971.79064,299.25935
1057,580.42629,-310.04717
1058,971.16156,565.42360
1059,965.75318,526.07467
1060,913.64317,609.82857
1061,976.50665,393.93222
1062,958.60021,434.77505
1063,982.37827,361.58646
1064,861.61816,812.15540
1065,952.50872,385.98915
1066,904.11817,699.80558
1067,994.07527,475.17195
1068,857.43224,741.32360
1069,948.98839,529.91996
1070,918.27158,706.74228
1071,982.25676,464.71025
1072,931.11671,533.51860
1073,931.13617,564.42784
1074,951.25720,542.44461
1075,695.35037,49.40385
1076,857.79716,133.92497
1077,696.70586,-100.24546
1078,888.16079,686.74590
1079,888.21401,725.42637
1080,829.22208,652.48609
1081,949.13917,217.04953
1082,976.17336,326.01438
1083,778.93278,473.91217
1084,927.78092,614.59722
1085,837.28505,560.29260
1086,903.35861,509.39533
1087,618.11159,-271.83742
1088,958.02041,421.14198
1089,918.70611,570.14609
1090,765.33323,-2.88403
1091,970.89538,256.66210
1092,690.66670,787.67140
1093,912.45693,405.77002
1094,711.76008,-81.04128
1095,807.44935,703.23422
1096,806.52431,716.27832
1097,966.23831,442.32708
1098,935.65160,647.69980
1099,980.35249,489.62724
1100,572.58001,-267.68769
1101,961.79159,361.06582
1102,605.24096,499.46184
1103,949.24830,103.71668
1104,598.59493,-262.00428
1105,974.47320,324.17650
1106,592.60506,-296.15517
1107,774.69690,8.36000
1108,778.54376,22.22853
1109,939.03033,176.08230
1110,946.81390,437.87078
1111,684.51507,-97.79327
1112,630.71382,-213.08173
1113,963.85542,613.28293
1114,974.69372,311.83605
1115,804.50369,801.88785
1116,622.69282,-252.89246
1117,964.32114,298.60109
1118,843.17332,629.13847
1119,950.23164,431.44630
1120,915.93858,180.70751
1121,968.87427,445.55554
1122,927.83261,381.14213
1123,708.49508,-99.74870
1124,879.50366,374.00687
1125,589.33966,-247.97176
1126,851.20119,812.50090
1127,850.89410,825.64339
1128,826.33946,793.76879
1129,931.42932,266.13324
1130,629.90214,613.95146
1131,769.95972,703.21711
1132,957.61295,481.12100
1133,914.02216,660.09534
1134,927.47441,580.53818
1135,939.09909,465.73238
1136,952.99677,472.45034
1137,579.74730,-276.76383
1138,948.32834,563.76204
1139,967.67659,510.06224
1140,903.90602,731.55126
1141,972.45992,188.83148
1142,653.90530,-181.86560
1143,688.31297,-111.68645
1144,930.89331,185.40441
1145,975.80591,521.38554
1146,600.38414,-282.07292
1147,981.59954,412.51173
1148,889.58665,711.98042
1149,761.47442,802.62466
1150,960.40544,231.31648
1151,932.87446,492.84246
1152,928.71601,448.56003
1153,941.09936,542.32885
1154,962.74478,486.98830
1155,847.21515,821.21813
1156,961.04428,418.55949
1157,941.82765,589.10176
1158,791.95558,44.80219
1159,703.79076,-103.12018
1160,814.13426,545.24907
1161,652.04106,-171.38660
1162,934.51850,544.44640
1163,868.72823,641.98483
1164,927.81035,687.11536
1165,969.71532,553.11713
1166,794.67928,52.55736
1167,966.10716,223.07897
1168,852.18272,794.71485
1169,639.90180,-197.12557
1170,959.20783,489.39107
1171,893.20552,743.30492
1172,580.94886,-322.32572
1173,854.14872,662.29682
1174,574.11636,-309.72335
1175,546.56484,-336.27121
1176,598.22529,-251.40516
1177,564.62883,-299.51791
1178,613.62946,-265.86664
1179,903.86416,693.21441
1180,730.29705,-34.52469
1181,946.15417,562.60370
1182,943.92815,484.28980
1183,998.42672,491.57354
1184,896.76851,316.91665
1185,996.80896,482.59189
1186,846.76422,829.60831
1187,596.27430,-281.54655
1188,931.67922,234.78784
1189,923.75783,699.77465
1190,828.77873,805.14479
1191,930.76227,499.04707
1192,930.56321,464.26049
1193,998.95714,515.69234
1194,988.68319,392.55161
1195,576.27143,-300.58013
1196,944.84694,608.08128
1197,891.52813,608.96974
1198,912.50035,691.40813
1199,936.27648,478.47900
1200,973.84306,145.36949
1201,991.15714,523.25002
1202,955.67953,159.73823
1203,856.38123,821.04994
1204,724.55144,-72.72152
1205,812.25221,600.33426
1206,922.10739,486.22078
1207,919.97243,525.78906
1208,920.61218,532.19166
1209,980.10558,501.23155
1210,960.55544,549.61779
1211,949.47137,174.77278
1212,811.21538,262.08893
1213,787.65916,237.39473
1214,796.44806,187.83566
1215,657.21801,474.73279
1216,583.15374,612.99088
1217,608.14371,608.17871
1218,628.91317,532.81600
1219,694.27911,368.71894
1220,707.19909,23.14769
1221,799.99734,275.58216
1222,793.47608,168.55215
1223,671.10786,488.75293
1224,586.61006,-310.08942
1225,666.09690,462.31184
1226,810.19426,210.57796
1227,808.40461,213.71450
1228,699.99409,386.35770
1229,624.72512,626.53093
1230,596.94064,761.23347
1231,888.73705,186.79278
1232,772.75206,52.32748
1233,890.86072,87.56000
1234,675.61159,484.74292
1235,913.77636,121.12012
1236,593.94649,585.55196
1237,704.45894,434.19289
1238,761.13059,32.03668
1239,797.73866,160.46711
1240,822.49739,232.51164
1241,694.10093,474.33744
1242,797.85841,451.67439
1243,774.32034,49.00902
1244,637.70205,772.32996
1245,895.14951,130.48978
1246,905.58940,79.43734
1247,828.04190,121.76776
1248,786.50632,255.20186
1249,823.12930,219.47965
1250,844.41730,133.24665
1251,560.07628,595.92485
1252,786.28904,201.49319
1253,832.18515,185.37998
1254,741.87768,446.00743
1255,734.41399,-50.65713
1256,653.53205,-161.14939
1257,937.80473,74.78297
1258,710.58501,401.65097
1259,709.25881,386.49794
1260,805.18908,211.91224
1261,555.52327,-334.98831
1262,875.62707,175.67101
1263,726.73655,381.87315
1264,579.04190,673.56256
1265,721.00773,411.17369
1266,528.17493,681.02816
1267,640.52207,678.44940
1268,853.93934,259.82620
1269,873.84582,157.85336
1270,892.54194,182.88946
1271,917.15313,178.25559
1272,886.83247,186.83829
1273,630.47625,537.56209
1274,582.12832,718.16485
1275,785.44035,48.25356
1276,680.00211,535.34595
1277,582.70196,-250.79972
1278,915.95337,87.52134
1279,611.87308,546.30618
1280,740.29015,-48.25090
1281,888.94312,824.04755
1282,634.91176,810.13972
1283,826.07293,311.35560
1284,797.93838,218.46879
1285,782.80145,425.55417
1286,669.62536,465.65668
1287,620.07705,612.32852
1288,849.38136,264.33357
1289,552.18661,767.86405
1290,671.97096,-128.13022
1291,758.89267,28.64817
1292,840.23876,131.86198
1293,790.37191,191.75737
1294,837.76245,182.44178
1295,684.07915,504.29121
1296,691.97418,442.74225
1297,844.70793,115.86718
1298,762.95757,82.27256
1299,617.98501,529.39856
1300,592.24576,606.31921
1301,726.42627,335.23930
1302,890.26579,188.37229
1303,809.42944,108.69518
1304,918.57172,575.00348
1305,898.11180,840.22499
1306,628.85314,562.89408
1307,909.88810,167.34688
1308,555.20846,636.36556
1309,595.40445,-235.34681
1310,615.00113,614.34030
1311,556.48721,630.73453
1312,742.79815,1.30284
1313,776.87932,320.66102
1314,775.48925,333.56074
1315,880.19713,269.54305
1316,912.80050,106.86109
1317,660.93959,603.78447
1318,850.10896,494.86074
1319,909.98135,130.08779
1320,567.47931,644.90363
1321,816.33457,172.22687
1322,918.95306,104.00072
1323,800.66126,253.20811
1324,745.33201,332.25001
1325,668.87406,-156.42458
1326,568.11693,695.22916
1327,879.56978,317.16526
1328,807.27095,262.82428
1329,903.12337,97.39240
1330,567.50572,-302.62426
1331,583.49548,584.08769
1332,900.07150,154.96565
1333,721.66744,456.46281
1334,594.15837,-257.33700
1335,617.84070,744.12744
1336,758.76201,8.32228
1337,732.18838,-62.34639
1338,891.19030,206.47530
1339,684.34144,396.62316
1340,931.88390,75.39659
1341,700.43589,511.62529
1342,577.89453,601.39197
1343,821.49458,191.96733
1344,715.82642,427.78580
1345,506.77451,738.29598
1346,770.19589,53.66686
1347,873.17967,174.08078
1348,920.22540,125.98563
1349,655.83712,800.76459
1350,660.91152,-150.61947
1351,580.71729,619.87129
1352,728.55528,339.21495
1353,847.85739,185.94931
1354,845.63867,223.14821
1355,836.46795,485.99316
1356,743.12029,271.62890
1357,865.81786,223.01031
1358,852.63968,209.60249
1359,593.70451,623.60615
1360,922.03694,81.90996
1361,559.71796,685.12634
1362,887.75364,131.25579
1363,760.98309,215.42319
1364,834.14527,135.00037
1365,760.47680,280.74780
1366,729.16200,804.57132
1367,641.01731,503.02934
1368,571.64101,-323.93703
1369,880.41625,811.33460
1370,606.55639,-211.49895
1371,559.74111,-303.36209
1372,837.99642,191.81536
1373,572.28642,515.78293
1374,811.93855,524.92297
1375,699.60526,458.40522
1376,590.31635,646.86551
1377,792.81514,673.63678
1378,835.44593,162.77525
1379,615.10398,642.01407
1380,590.17967,-266.79883
1381,695.97336,438.55465
1382,929.46193,197.87150
1383,707.35749,-72.82769
1384,568.87220,599.83183
1385,856.01951,169.41787
1386,790.92435,230.66543
1387,924.87016,124.65672
1388,601.92987,566.31803
1389,701.62543,-79.96322
1390,642.47371,-188.31952
1391,831.08405,149.02547
1392,736.53100,375.75601
1393,661.10361,755.15122
1394,859.12473,139.44819
1395,695.78156,397.21379
1396,775.16855,200.27995
1397,706.54378,402.82898
1398,520.44360,732.09834
1399,657.22787,511.36242
1400,548.30426,640.28067
1401,639.08572,-180.80997
1402,724.94201,-39.58081
1403,767.43334,287.50153
1404,848.91960,135.72143
1405,634.12842,518.22755
1406,877.42457,143.47134
1407,699.04196,-84.04559
1408,816.65789,265.48023
1409,538.47426,660.37477
1410,525.36821,694.37472
1411,618.29891,578.59483
1412,581.15334,600.29241
1413,588.58737,-270.48636
1414,919.21568,183.02670
1415,782.31676,217.55012
1416,698.94977,373.52779
1417,668.55547,483.02702
1418,723.12075,370.09242
1419,831.09993,189.84418
1420,724.23429,797.04316
1421,783.73865,280.37473
1422,605.68168,594.32824
1423,777.16833,199.40048
1424,559.13767,-337.58560
1425,747.36932,592.81362
1426,539.59793,695.13868
1427,809.68932,185.70352
1428,696.86261,-73.00882
1429,696.19566,-113.04881
1430,750.24655,455.14308
1431,685.95178,405.58319
1432,779.30070,227.72298
1433,838.49682,227.15348
1434,850.70109,339.29917
1435,578.21488,626.50949
1436,620.88344,594.60481
1437,556.22939,-323.51373
1438,687.48133,441.60905
1439,726.33056,-20.18392
1440,709.68355,389.25603
1441,875.96579,102.67177
1442,758.97713,14.85955
1443,701.87634,400.41411
1444,552.19302,633.67002
1445,725.62912,337.69914
1446,878.45600,182.37094
1447,550.75248,674.89292
1448,639.95711,495.62364
1449,601.04895,593.60663
1450,767.44332,217.27880
1451,621.02205,603.83232
1452,769.54352,264.79758
1453,625.81716,562.69763
1454,571.52580,-287.00486
1455,739.63150,409.05323
1456,779.07988,208.31384
1457,553.21729,685.64382
1458,707.03299,407.87511
1459,787.40751,269.40048
1460,728.88819,367.19022
1461,573.53841,514.97446
1462,729.35416,802.89055
1463,898.99845,171.31851
1464,573.74072,523.31910
1465,787.83603,186.70819
1466,530.77945,710.71220
1467,863.71110,120.82428
1468,771.98980,299.67165
1469,848.44702,115.11786
1470,602.82692,601.96630
1471,654.98980,550.21964
1472,523.07107,706.67575
1473,673.47348,483.80976
1474,894.02655,176.41678
1475,694.05707,793.05657
1476,860.75870,109.21574
1477,896.27363,837.47377
1478,824.47861,145.87046
1479,526.40840,702.22653
1480,584.62387,615.08047
1481,758.40776,437.50841
1482,698.69918,399.47198
1483,694.40969,489.86097
1484,759.32900,227.81859
1485,728.92708,312.38448
1486,860.45392,135.17792
1487,627.27009,686.39705
1488,674.80238,-127.14785
1489,724.83224,-69.76518
1490,705.59407,416.51782
1491,585.81228,677.35048
1492,590.94010,601.11652
1493,706.85030,354.10981
1494,581.34984,585.26087
1495,918.19506,80.23372
1496,601.27460,-247.78629
1497,584.35894,-266.66908
1498,759.93466,317.03472
1499,698.65246,421.79161
1500,612.20084,805.27593
1501,577.80422,-279.53386
1502,723.42031,-37.54374
1503,690.18500,468.86498
1504,557.67376,620.34713
1505,830.11375,817.61595
1506,850.93294,170.56844
1507,807.94940,85.25326
1508,571.39417,645.33273
1509,652.90627,-169.66824
1510,759.82657,67.45269
1511,872.69773,180.45402
1512,864.04385,296.35100
1513,531.57467,688.21735
1514,614.61916,-213.74451
1515,860.59849,394.21706
1516,925.90984,87.57143
1517,636.16832,630.29321
1518,556.67160,725.77130
1519,544.47455,654.12888
1520,921.98677,120.44441
1521,907.93355,142.65167
1522,625.51846,520.98135
1523,735.11735,313.20401
1524,870.77925,185.10447
1525,717.11422,401.54343
1526,881.51458,251.95755
1527,834.64601,176.02192
1528,917.09660,89.93596
1529,619.55336,777.86675
1530,665.00853,438.29084
1531,779.16689,250.55985
1532,819.44782,427.51575
1533,959.95388,343.58165
1534,592.46884,-276.23103
1535,726.45701,494.97826
1536,581.39192,602.38922
1537,723.33954,389.34034
1538,565.63775,707.14839
1539,836.86489,743.67419
1540,570.73183,509.84772
1541,770.37040,198.32598
1542,555.11744,720.68964
1543,860.81471,354.16131
1544,899.12833,174.15297
1545,587.09331,599.45211
1546,646.70805,-163.21127
1547,678.16941,-110.69224
1548,836.33598,473.02144
1549,754.64931,232.14294
1550,828.91002,730.75711
1551,869.83257,794.06651
1552,722.19889,341.15332
1553,767.93580,239.49993
1554,769.62111,343.72476
1555,714.17948,343.68157
1556,597.35962,621.11398
1557,598.08061,588.04242
1558,790.03043,200.22635
1559,868.54155,193.68572
1560,666.58023,-137.84207
1561,705.89931,382.31370
1562,642.70585,599.52015
1563,674.36072,438.89993
1564,574.50562,-284.41719
1565,888.09086,90.08425
1566,827.21007,197.68570
1567,854.82982,121.79403
1568,822.14583,196.47361
1569,539.80031,726.81426
1570,895.73311,252.04375
1571,544.69004,750.55372
1572,792.98970,275.47398
1573,560.80941,-315.68589
1574,683.14911,-87.06445
1575,581.84784,-275.77948
1576,827.47624,220.01977
1577,722.89722,359.92625
1578,815.46540,141.64883
1579,858.68480,147.50916
1580,814.69082,217.55427
1581,646.83783,723.08069
1582,821.82589,645.37163
1583,869.34263,255.37401
1584,539.61086,662.94613
1585,618.04503,696.43889
1586,566.53402,-335.41212
1587,544.80705,714.56545
1588,842.51981,214.84229
1589,543.73238,658.43581
1590,561.39523,613.94299
1591,560.96042,-331.41523
1592,740.38145,281.00724
1593,676.41357,-116.09908
1594,784.45882,290.38637
1595,909.59206,136.59336
1596,522.47151,739.49173
1597,664.59026,526.86181
1598,719.72817,-45.83070
1599,817.47015,672.33063
1600,635.13673,552.79011
1601,817.88075,97.83364
1602,589.41137,527.42302
1603,665.23793,761.17136
1604,646.98480,484.05726
1605,818.66387,310.81927
1606,833.14253,309.85676
1607,835.25009,268.08628
1608,688.35913,496.86083
1609,833.13094,741.59478
1610,782.58959,249.17119
1611,627.53893,806.12347
1612,811.65604,214.74512
1613,589.43125,-290.41216
1614,792.25429,265.93136
1615,859.50458,129.06823
1616,506.35057,755.29919
1617,855.07179,254.98826
1618,614.18526,604.46258
1619,793.37404,180.54691
1620,522.77417,723.68941
1621,579.37678,-286.86970
1622,722.76014,546.89166
1623,801.76587,207.01314
1624,790.86496,207.62575
1625,693.64231,415.49874
1626,518.95375,780.04681
1627,787.39010,284.82119
1628,587.47658,709.46569
1629,772.32819,45.05464
1630,655.11219,-152.42616
1631,839.56998,232.39360
1632,780.13383,193.70574
1633,793.08281,75.94664
1634,862.84570,214.68276
1635,752.06853,-27.34054
1636,770.19497,239.17069
1637,594.98932,714.03854
1638,790.02493,213.84719
1639,733.83128,-23.94375
1640,608.92369,603.29005
1641,529.64844,736.71432
1642,604.13043,617.49889
1643,806.22185,237.30853
1644,726.53422,-34.14366
1645,563.87015,-312.48004
1646,879.72315,169.03430
1647,764.80263,215.70006
1648,575.98455,-320.88474
1649,661.59599,-164.38022
1650,935.36891,83.45244
1651,798.06134,199.78080
1652,797.93026,274.10149
1653,551.73796,660.28634
1654,784.39424,588.46053
1655,754.52672,-19.46551
1656,907.91770,157.64344
1657,669.51182,-135.99619
1658,570.29367,612.55613
1659,861.11521,776.61956
1660,793.59714,251.30287
1661,820.29011,719.55107
1662,664.44293,-136.44870
1663,666.85511,-123.50893
1664,823.44464,353.84161
1665,831.53167,282.77478
1666,620.77151,477.69386
1667,571.41574,-290.67084
1668,666.02966,-140.92835
1669,843.45521,179.95014
1670,592.21930,612.22528
1671,548.33701,-328.04498
1672,684.48000,-95.47471
1673,545.11865,-335.88297
1674,904.79905,179.79924
1675,788.76245,488.62955
1676,669.18144,-142.69686
1677,558.31120,-312.53239
1678,588.50598,566.51779
1679,534.88160,695.83547
1680,913.10596,140.62688
1681,944.97373,395.97103
1682,608.60647,617.09883
1683,549.63896,-332.31053
1684,807.00822,266.60482
1685,507.30108,739.80657
1686,672.23662,-149.20587
1687,853.14817,146.93857
1688,611.43216,658.34820
1689,783.43372,50.37285
1690,838.16293,255.50180
1691,861.23281,204.65059
1692,814.27142,268.59780
1693,729.16020,420.47459
1694,713.87390,439.40050
1695,721.17052,783.21246
1696,836.48036,214.56864
1697,721.72496,-46.23566
1698,729.73284,-48.07506
1699,773.78006,224.60056
1700,810.31716,179.50259
1701,889.82078,173.36692
1702,717.20262,-84.30568
1703,810.86672,84.89920
1704,714.58387,400.71952
1705,848.38334,179.50457
1706,779.43287,198.77095
1707,563.59447,671.62724
1708,710.87363,-56.05010
1709,568.57963,596.10873
1710,697.73019,-88.31326
1711,579.40231,590.31387
1712,526.30700,742.08679
1713,925.18739,203.87666
1714,829.57289,292.18285
1715,625.90655,595.50867
1716,609.90589,630.46722
1717,568.64341,635.91198
1718,596.32938,653.78504
1719,576.46759,630.48839
1720,741.88218,288.45925
1721,812.83499,248.31852
1722,710.41658,469.07914
1723,711.83611,385.38294
1724,519.91394,729.82493
1725,836.35317,221.38046
1726,764.50395,210.54158
1727,820.88678,390.67956
1728,695.75098,451.68576
1729,843.58266,242.64452
1730,679.77092,442.71322
1731,871.17631,101.01909
1732,866.97778,207.63166
1733,807.17024,248.55360
1734,581.40976,615.14468
1735,764.14988,243.43620
1736,714.00753,384.76887
1737,537.13047,724.60670
1738,595.14762,574.64979
1739,897.37929,176.88896
1740,764.70874,303.60419
1741,577.23788,-311.30967
1742,851.63906,143.38858
1743,624.84091,602.57603
1744,731.83934,336.55568
1745,736.47514,475.83431
1746,550.93429,-339.61129
1747,899.59621,840.42692
1748,586.20923,613.07372
1749,787.22631,243.09254
1750,880.68749,88.88679
1751,809.94254,207.89239
1752,837.10528,117.35864
1753,812.64054,182.01910
1754,886.48128,181.83605
1755,658.65009,499.13395
1756,634.39953,492.19450
1757,856.22719,176.79355
1758,718.32963,131.38724
1759,603.56420,483.07346
1760,644.21471,542.56078
1761,778.18322,206.11883
1762,766.24085,319.39566
1763,609.15230,740.11217
1764,737.12717,326.04327
1765,825.45211,210.75499
1766,875.58691,156.52177
1767,678.32457,397.80715
1768,891.50880,131.21233
1769,700.91922,397.56700
1770,616.59959,771.18854
1771,819.90339,237.80019
1772,888.41897,221.62648
1773,600.55450,603.35781
1774,600.90453,569.68946
1775,775.98512,303.21997
1776,796.10649,298.79188
1777,624.74264,652.29166
1778,736.73807,-27.60194
1779,797.03891,709.17107
1780,714.59127,407.09691
1781,860.67441,343.38812
1782,565.92848,664.45163
1783,579.91603,542.28831
1784,824.05595,141.73849
1785,566.57682,726.24964
1786,694.43130,410.76419
1787,617.07991,729.31368
1788,541.06459,676.29803
1789,545.71038,749.08800
1790,926.89505,177.49420
1791,816.90321,196.62451
1792,758.20772,365.79757
1793,919.55770,194.40783
1794,797.28799,260.27921
1795,683.42172,464.22259
1796,910.43768,209.89376
1797,723.45054,431.85204
1798,896.02551,210.80304
1799,889.87124,178.82986
1800,821.81042,186.30658
1801,652.06502,784.85793
1802,695.23061,773.46323
1803,737.23358,347.77833
1804,731.34290,444.22108
1805,649.85426,464.42983
1806,703.38467,403.00680
1807,631.36427,727.10560
1808,726.37325,388.81309
1809,752.31850,-11.72523
1810,912.73008,148.63092
1811,825.88425,255.16858
1812,552.64652,-345.00929
1813,820.29424,437.49408
1814,775.94553,238.25598
1815,802.88650,228.81416
1816,819.17232,147.20815
1817,662.05440,792.63482
1818,862.54533,109.87145
1819,666.66190,445.16485
1820,558.20176,719.10712
1821,619.00943,604.22925
1822,641.37867,497.69405
1823,722.70141,358.48155
1824,698.43155,424.22497
1825,639.07344,502.29661
1826,872.29093,183.20494
1827,909.91867,117.31766
1828,584.29700,640.53272
1829,785.50585,387.50704
1830,779.84835,322.30052
1831,539.05402,670.15980
1832,634.75148,465.65082
1833,838.24186,272.56542
1834,786.01305,313.75650
1835,857.44279,171.30994
1836,709.90431,397.20035
1837,564.29796,774.10685
1838,743.38189,309.23795
1839,627.61507,741.22369
1840,902.06126,172.62788
1841,952.88423,136.59956
1842,852.74449,113.32868
1843,550.88538,-341.34026
1844,800.39838,351.51963
1845,741.06080,-18.45852
1846,590.75552,769.86831
1847,667.12667,489.00037
1848,736.67867,330.52793
1849,618.09726,792.53089
1850,666.12818,502.93291
1851,522.55108,780.12481
1852,709.04849,408.49335
1853,754.27874,383.16215
1854,880.61440,185.18191
1855,592.50527,571.59647
1856,649.23397,545.06474
1857,837.39377,219.41144
1858,906.17950,277.02908
1859,902.68133,137.71100
1860,567.01570,-308.16069
1861,655.28549,541.28373
1862,687.69529,444.89880
1863,587.04499,-314.31410
1864,798.17582,168.67995
1865,672.71837,503.22990
1866,607.54879,495.97247
1867,799.87393,177.72093
1868,604.86202,605.83105
1869,538.48869,763.54592
1870,929.43994,186.78428
1871,745.09609,392.05666
1872,634.38409,503.73290
1873,824.67646,257.39532
1874,914.56964,166.65843
1875,523.53029,751.01334
1876,869.60021,229.23524
1877,815.88691,224.27184
1878,883.45321,179.62069
1879,708.69625,766.49870
1880,720.13882,416.23028
1881,943.56584,212.77582
1882,609.40707,623.87554
1883,564.35738,764.38953
1884,523.70942,713.37592
1885,846.41727,300.39932
1886,530.12202,714.75302
1887,688.00008,457.18111
1888,915.74934,195.40783
1889,955.90535,77.41023
1890,844.65413,122.60976
1891,738.49568,413.87918
1892,847.10021,424.59426
1893,605.72796,596.06380
1894,715.09351,381.18536
1895,601.08332,806.00350
1896,652.48745,528.42075
1897,950.57752,104.49712
1898,623.54148,608.93223
1899,736.90771,71.36955
1900,581.44658,-305.09334
1901,958.54417,98.28617
1902,770.89043,215.38202
1903,806.79584,220.39117
1904,528.07384,772.33653
1905,809.93010,365.55874
1906,531.01836,703.16698
1907,561.13806,507.43683
1908,760.79332,380.69782
1909,696.06797,-87.09557
1910,600.65458,560.48839
1911,895.23927,163.88478
1912,534.74470,689.59695
1913,696.96784,434.91595
1914,657.23145,559.87517
1915,634.53968,804.82197
1916,602.62677,790.60027
1917,769.85610,49.69737
1918,524.95291,728.33561
1919,690.45072,458.47528
1920,654.33203,499.10644
1921,655.78311,518.19676
1922,733.28507,411.00849
1923,606.87756,621.74518
1924,886.07829,213.23751
1925,700.38941,-22.80052
1926,840.85757,139.28042
1927,603.61978,-224.59683
1928,536.35415,785.72226
1929,685.10963,791.22810
1930,525.25141,711.67189
1931,771.75227,291.48091
1932,827.83815,157.98118
1933,688.69006,471.48564
1934,786.28342,278.77276
1935,860.96619,124.91322
1936,854.21704,288.91840
1937,913.02852,273.08852
1938,824.12913,273.55627
1939,847.44318,140.25561
1940,599.20692,-300.37989
1941,832.81369,254.68815
1942,586.80449,720.18423
1943,777.89122,257.47183
1944,724.37031,327.34981
1945,727.08892,297.21968
1946,872.18823,199.46306
1947,747.83811,336.10834
1948,912.79052,134.76735
1949,914.61245,239.16230
1950,893.91286,231.13163
1951,549.86396,734.77218
1952,581.61820,634.96844
1953,868.61997,102.25052
1954,690.03191,401.20998
1955,614.86260,807.76467
1956,890.50830,175.82206
1957,894.16833,836.99999
1958,584.07726,604.93336
1959,746.93781,378.66139
1960,790.36341,249.94070
1961,804.82464,199.09545
1962,850.00811,188.56266
1963,646.75913,528.73770
1964,863.60710,114.99390
1965,657.15515,455.48451
1966,886.99020,218.26307
1967,902.53999,113.54108
1968,801.76339,280.08590
1969,726.53284,341.63541
1970,892.78611,832.80794
1971,713.40445,351.20430
1972,617.84878,602.76586
1973,696.20555,-20.69895
1974,763.07415,290.26531
1975,870.68057,143.40921
1976,664.45292,-142.97980
1977,689.43637,488.35633
1978,672.83251,587.60227
1979,789.15713,285.02508
1980,585.32401,621.56335
1981,901.29690,197.35648
1982,838.99250,244.92900
1983,614.03822,507.84443
1984,517.74512,708.49812
1985,838.69899,176.12245
1986,562.90595,629.79098
1987,717.98647,783.14083
1988,718.46976,36.20817
1989,790.71192,151.63284
1990,873.05998,98.02163
1991,671.92051,521.93039
1992,824.93321,267.80075
1993,584.83145,737.07177
1994,713.81435,422.42763
1995,750.60377,314.30432
1996,883.31891,91.02155
1997,777.18706,296.37994
1998,828.20842,192.61376
1999,661.25911,488.11028
2000,517.41208,710.65370
2001,503.55761,765.78910
2002,702.83483,436.32573
2003,900.05055,164.17208
2004,747.28081,188.77484
2005,894.18500,171.08833
2006,591.56448,-254.09995
2007,804.05164,323.19742
2008,958.10936,148.18172
2009,576.87498,623.58195
2010,764.88692,296.07494
2011,824.47987,722.24252
2012,752.09811,448.50044
2013,628.24827,525.44236
2014,540.46306,668.09950
2015,835.05464,182.68974
2016,833.37180,143.91857
2017,780.44291,187.80723
2018,843.52204,155.36707
2019,583.00651,697.86602
2020,529.14213,706.08581
2021,784.73245,193.77456
2022,818.46923,172.78078
2023,782.94604,200.36372
2024,644.63212,563.52149
2025,582.33476,803.37330
2026,872.57120,797.45910
2027,844.83312,191.03341
2028,622.03017,555.45081
2029,914.15801,182.40627
2030,803.44312,258.79161
2031,921.37195,143.41151
2032,813.98277,146.55427
2033,917.55242,161.10894
2034,940.97121,151.68289
2035,857.95457,330.09224
2036,565.64346,738.93476
2037,574.05836,628.68537
2038,585.73235,658.89959
2039,530.16599,691.58649
2040,790.18718,280.36599
2041,855.08397,147.95733
2042,789.60555,266.07446
2043,567.11633,-285.31331
2044,770.79567,206.47026
2045,785.79802,345.25066
2046,719.29574,781.97011
2047,655.50388,486.67183
2048,567.09670,692.15078
2049,623.27534,569.17035
2050,738.44388,392.05379
2051,635.24337,531.32524
2052,568.18389,620.78162
2053,808.68534,716.01187
2054,746.09100,305.05825
2055,818.69806,203.16173
2056,749.76646,263.22180
2057,810.41319,232.00094
2058,565.07716,718.88278
2059,660.33662,486.27606
2060,702.35961,472.70351
2061,551.43418,683.49131
2062,577.88760,-266.08294
2063,714.56300,280.86578
2064,827.78632,300.00708
2065,698.86945,790.03333
2066,828.39228,155.33332
2067,825.32363,247.94313
2068,894.89125,102.28925
2069,629.03106,506.97079
2070,563.50694,778.66667
2071,527.39633,753.14292
2072,652.49551,490.32900
2073,669.38281,-138.39983
2074,853.18058,149.75931
2075,720.42016,348.65031
2076,725.03642,424.93773
2077,674.50189,-108.17735
2078,869.65728,246.50613
2079,643.18429,490.40447
2080,857.12768,140.71118
2081,865.16741,211.13437
2082,629.26962,638.88299
2083,789.79242,204.91867
2084,864.23452,185.50381
2085,896.62401,842.26883
2086,767.91134,281.30389
2087,645.40286,546.34357
2088,574.35399,-318.86416
2089,536.58854,781.68403
2090,634.29026,602.35309
2091,875.20166,96.35225
2092,636.93317,531.12512
2093,969.30260,194.27810
2094,741.15110,318.61641
2095,936.90439,169.09461
2096,910.36121,183.19032
2097,786.10438,183.29906
2098,535.84690,660.96369
2099,808.70839,311.65118
2100,884.23727,322.32999
2101,707.38309,446.47208
2102,562.20884,774.89476
2103,835.52492,174.07235
2104,535.74239,721.68828
2105,896.84833,90.36474
2106,808.25938,165.26040
2107,760.78999,339.99498
2108,752.67059,252.83565
2109,558.18667,-326.67182
2110,678.76274,447.13946
2111,906.22869,135.02580
2112,730.93163,345.12884
2113,804.14797,107.36815
2114,827.12717,185.67378
2115,845.88531,216.81703
2116,948.94335,158.80228
2117,667.84979,496.57138
2118,853.97742,156.87624
2119,845.32345,178.84045
2120,678.69745,779.81285
2121,525.69367,770.07063
2122,562.04234,701.08235
2123,650.16295,500.32718
2124,515.15765,723.97369
2125,733.63298,346.71606
2126,769.41726,222.46541
2127,646.56147,680.65622
2128,598.34935,707.74285
2129,850.03666,148.48467
2130,755.05932,321.87795
2131,652.76231,505.96709
2132,798.68954,291.06863
2133,746.76568,286.13099
2134,683.78732,-111.86130
2135,615.71657,777.57161
2136,912.91613,83.27517
2137,858.77194,195.77026
2138,857.46526,182.46306
2139,848.41602,311.05658
2140,598.83154,617.90379
2141,831.40605,370.66519
2142,516.31124,700.56876
2143,516.64919,737.69103
2144,740.41838,364.38860
2145,558.21499,-315.03389
2146,688.39663,417.15743
2147,905.80519,129.89777
2148,964.08465,93.63374
2149,594.48056,495.44775
2150,818.10224,199.87815
2151,558.14248,625.91523
2152,697.50303,432.70356
2153,700.25712,442.67953
2154,944.93503,155.75310
2155,781.61250,285.83602
2156,659.76033,546.81022
2157,710.21957,383.02027
2158,914.78543,84.38293
2159,764.53214,255.25779
2160,911.26621,85.43257
2161,822.07565,209.24363
2162,857.96248,177.64311
2163,910.58160,145.05922
2164,693.36733,407.75735
2165,569.58049,798.99593
2166,665.07249,468.55140
2167,879.34882,91.87039
2168,722.71827,372.76288
2169,665.43689,508.71181
2170,563.73882,638.80750
2171,534.16351,680.48704
2172,660.47670,-156.65735
2173,587.53298,614.05889
2174,764.53131,276.85537
2175,669.74106,521.93261
2176,692.54663,422.63798
2177,830.02506,206.21951
2178,849.98221,126.78322
2179,792.10378,288.81311
2180,891.21045,189.61562
2181,570.37553,-271.94732
2182,532.36527,677.34795
2183,906.99386,188.56295
2184,579.40394,788.35975
2185,634.56755,583.47991
2186,596.57215,809.07040
2187,734.68443,134.48774
2188,555.62925,619.64160
2189,896.92340,202.19748
2190,836.08810,381.85932
2191,725.52168,343.30578
2192,908.79350,154.97716
2193,788.87696,218.67102
2194,706.27973,786.35795
2195,531.75565,756.53250
2196,815.11129,193.41045
2197,720.69197,331.06221
2198,753.88433,298.48680
2199,787.89870,275.31450
2200,506.84536,745.67801
2201,711.61418,391.35995
2202,963.27939,151.67582
2203,715.18885,404.06344
2204,700.11228,-86.54647
2205,828.83467,164.54634
2206,733.01389,316.26210
2207,776.69845,644.25281
2208,720.44252,386.18149
2209,744.82715,646.20935
2210,568.11887,-281.10722
2211,594.92890,644.35936
2212,640.28529,531.54100
2213,867.67745,144.40614
2214,954.06382,84.36076
2215,832.08511,199.92240
2216,768.11095,367.40687
2217,526.96901,700.04275
2218,713.28183,445.40744
2219,533.44355,753.90012
2220,793.44333,196.63254
2221,608.00839,705.59647
2222,932.54362,329.82349
2223,560.50534,720.13326
2224,561.62023,633.51850
2225,825.21697,162.16848
2226,787.06561,282.75171
2227,549.01857,675.91415
2228,751.73433,304.09689
2229,964.16457,111.46384
2230,673.48056,498.48862
2231,699.07112,396.28207
2232,572.61637,-314.37461
2233,715.15987,-55.00935
2234,884.92208,200.79570
2235,727.94315,801.04847
2236,802.67731,692.21289
2237,625.41266,587.92764
2238,549.37045,787.38564
2239,824.73292,317.07481
2240,552.27500,694.62110
2241,680.27108,-116.38734
2242,723.86565,399.50617
2243,759.99691,290.08353
2244,863.69205,188.99188
2245,838.13143,120.66180
2246,708.37960,771.42461
2247,575.05232,793.74499
2248,734.41038,402.31629
2249,682.69517,443.96803
2250,543.91452,678.53160
2251,731.48778,318.09826
2252,774.56715,271.09982
2253,941.94963,185.03023
2254,578.61346,784.87926
2255,898.55430,844.64427
2256,808.63268,255.37308
2257,957.38928,132.03172
2258,829.39378,780.77121
2259,696.69935,406.82842
2260,568.59455,795.42402
2261,566.00859,648.55118
2262,845.53647,126.30365
2263,575.25437,698.10978
2264,678.12664,-121.02717
2265,866.92814,118.71370
2266,834.23065,155.52722
2267,543.81355,695.62702
2268,676.39498,461.54021
2269,951.77126,74.62393
2270,546.34101,766.06322
2271,837.19844,165.89472
2272,904.84074,213.92593
2273,812.63469,208.65816
2274,608.77426,647.46274
2275,672.28084,690.17434
2276,559.44214,638.44254
2277,777.47535,363.04302
2278,573.60768,716.32025
2279,510.95558,736.23835
2280,580.97342,-307.23003
2281,583.20455,622.96111
2282,825.82600,727.53090
2283,864.70175,125.46649
2284,959.78828,132.61872
2285,836.01393,265.51268
2286,891.47964,220.08015
2287,900.45790,212.74463
2288,575.76163,-295.43749
2289,856.04556,337.51109
2290,675.56996,784.10217
2291,756.45718,301.91497
2292,560.00919,636.72703
2293,641.43711,515.32090
2294,781.84660,473.85010
2295,866.53913,788.45498
2296,864.85143,154.15130
2297,791.18567,251.88891
2298,756.95130,282.52886
2299,554.02121,-337.16982
2300,757.27202,255.75321
2301,535.97632,710.77610
2302,565.68642,-274.85021
2303,807.68143,179.02845
2304,845.99167,354.63021
2305,596.87484,777.41157
2306,780.48682,229.25057
2307,549.78201,713.46600
2308,564.98870,507.93251
2309,591.45950,583.08526
2310,772.38069,262.77152
2311,820.11445,283.78215
2312,756.35023,457.20566
2313,831.84750,194.09651
2314,680.14402,458.10788
2315,560.83724,726.40222
2316,945.95188,89.69301
2317,539.47613,701.12513
2318,691.25337,404.58600
2319,613.77855,515.26176
2320,930.31262,96.26372
2321,924.52391,74.82484
2322,898.66237,242.17144
2323,782.46403,294.56751
2324,542.56800,755.82177
2325,730.26215,300.97282
2326,784.26888,226.62999
2327,825.97104,251.42930
2328,582.69693,-279.76132
2329,809.88234,226.23349
2330,728.90374,377.29018
2331,823.97999,164.47290
2332,702.63857,391.98090
2333,613.27702,592.44058
2334,650.41786,494.02981
2335,668.00906,480.48168
2336,570.40959,-282.28118
2337,726.28152,425.82180
2338,583.77754,607.47267
2339,560.56913,660.49601
2340,572.49327,524.01974
2341,526.58905,689.32065
2342,563.65688,509.51814
2343,923.62570,133.78018
2344,561.37832,-327.76019
2345,573.07569,-305.06987
2346,603.44737,669.19797
2347,541.76404,696.78625
2348,535.51880,741.19466
2349,511.68115,749.69781
2350,668.00897,457.68520
2351,683.73550,426.84959
2352,597.83123,565.62854
2353,840.97596,164.52664
2354,554.94116,696.83912
2355,797.59779,267.60682
2356,821.82480,255.77383
2357,541.48265,733.93034
2358,526.36646,696.33965
2359,583.21557,690.55073
2360,759.88440,332.92244
2361,549.42359,729.34920
2362,592.45528,596.62060
2363,880.22392,187.47101
2364,916.97839,134.88617
2365,835.14885,193.93610
2366,627.49426,529.10389
2367,889.35315,248.01562
2368,911.28645,109.74183
2369,821.18850,182.99876
2370,810.89845,163.13693
2371,748.20966,383.34703
2372,732.98244,371.32533
2373,565.98457,699.15267
2374,827.25009,259.83032
2375,559.05006,641.23512
2376,645.89269,472.67836
2377,906.72142,160.84288
2378,880.18998,146.58491
2379,711.83955,456.54380
2380,919.35860,149.86067
2381,619.78795,582.65361
2382,950.96068,102.27578
2383,621.38971,790.76076
2384,512.17716,780.88244
2385,703.12760,440.94816
2386,843.00233,129.92019
2387,905.11901,110.77044
2388,537.42665,703.35982
2389,563.43627,687.46894
2390,591.45523,623.47212
2391,757.43138,347.58534
2392,877.55922,96.89804
2393,754.33328,290.72971
2394,811.32021,271.67754
2395,851.80847,417.68571
2396,694.55602,-90.24829
2397,861.25017,175.90991
2398,872.51309,155.68986
2399,785.14493,34.45683
2400,566.02920,-313.58531
2401,553.13072,728.09026
2402,624.68611,567.74719
2403,804.20673,193.23202
2404,796.85204,211.37915
2405,743.58546,324.09421
2406,737.21668,363.03985
2407,674.79044,536.12841
2408,658.09985,531.77806
2409,640.81418,550.91758
2410,844.44627,284.93109
2411,651.57865,536.02863
2412,710.97067,443.71794
2413,855.57990,131.11253
2414,736.68768,367.82353
2415,771.42855,273.55559
2416,770.69306,227.20619
2417,934.85195,155.84451
2418,535.93797,690.99316
2419,949.31460,126.14578
2420,615.76863,545.03633
2421,760.71722,367.85555
2422,747.01391,312.99586
2423,831.16683,160.38628
2424,731.78769,422.40971
2425,691.71346,297.49031
2426,782.78075,315.71909
2427,961.28819,102.36318
2428,691.05689,496.76002
2429,555.11306,667.67067
2430,766.81173,209.16501
2431,601.09098,596.14523
2432,615.93407,558.73290
2433,827.67814,294.75849
2434,605.32202,603.42295
2435,522.21814,696.82771
2436,927.66244,95.71459
2437,911.63019,95.37023
2438,678.94433,466.86140
2439,895.21316,154.31374
2440,954.13532,80.02489
2441,822.87428,222.91408
2442,620.84897,569.88268
2443,582.47701,-262.50017
2444,705.83507,502.11267
2445,817.39460,396.56249
2446,611.35670,679.58856
2447,762.87327,283.99950
2448,550.98315,-344.10196
2449,672.87991,808.68253
2450,567.24629,704.06244
2451,728.13054,370.06564
2452,710.58828,474.27467
2453,835.56008,158.79731
2454,562.96248,-287.33161
2455,590.07517,607.32891
2456,612.36800,808.05882
2457,733.97358,522.62057
2458,911.84611,123.20596
2459,884.98504,257.44319
2460,794.42738,458.57380
2461,779.71058,327.20779
2462,576.68845,609.60754
2463,668.29913,490.31297
2464,562.00280,732.66910
2465,701.35556,413.90474
2466,681.47604,447.95677
2467,738.98769,336.78656
2468,705.49441,385.55354
2469,731.63355,414.01094
2470,922.81359,107.42202
2471,941.93012,109.35961
2472,559.38722,-329.52514
2473,864.66174,180.90276
2474,683.07643,467.21656
2475,777.85870,266.30004
2476,741.31614,340.96700
2477,753.02022,479.42580
2478,725.66638,394.89873
2479,909.78896,108.82476
2480,681.95259,456.11730
2481,834.74485,178.24862
2482,582.74583,630.41356
2483,554.64463,753.08960
2484,556.16112,680.66223
2485,506.83734,736.35214
2486,830.97290,171.23007
2487,862.42381,258.83108
2488,671.73720,465.90218
2489,772.29585,500.90411
2490,583.60184,513.32459
2491,708.80248,418.53448
2492,631.13149,548.01710
2493,558.10856,714.54285
2494,867.11637,102.44721
2495,543.68426,700.41504
2496,594.93644,685.92501
2497,732.54759,124.03202
2498,772.13615,223.23536
2499,645.47812,498.67255
2500,553.58883,721.14805
2501,697.09919,422.25319
2502,545.07295,669.84299
2503,738.67672,352.84141
2504,846.36806,755.58862
2505,719.85820,380.62178
2506,569.15948,-286.92583
2507,711.84229,418.03514
2508,813.81748,346.84323
2509,856.53347,136.45050
2510,531.84438,789.07598
2511,673.71413,-111.53523
2512,641.36373,504.58808
2513,758.53183,446.52247
2514,573.36297,711.87517
2515,905.45178,145.20704
2516,749.82046,372.65345
2517,776.93036,338.23956
2518,815.05761,155.51830
2519,880.81190,193.47851
2520,807.12328,187.43925
2521,805.75553,336.50064
2522,956.13613,137.71261
2523,944.25982,178.69614
2524,565.63169,512.42112
2525,580.97016,648.90027
2526,727.95166,360.71870
2527,671.55498,458.12397
2528,505.64661,772.20793
2529,551.93979,648.38985
2530,837.32948,201.71522
2531,815.61147,182.39541
2532,699.74928,454.46138
2533,537.07457,719.63188
2534,602.31956,572.77954
2535,621.77778,795.67355
2536,504.58033,754.18494
2537,659.18042,468.55768
2538,602.44008,538.44175
2539,561.73618,-305.39106
2540,912.35833,150.41363
2541,816.13655,287.48971
2542,785.95925,405.92412
2543,520.78170,712.40692
2544,575.25414,742.38767
2545,653.96370,477.81149
2546,685.26425,409.92969
2547,524.04635,777.85803
2548,789.89715,366.87198
2549,677.66038,431.68611
2550,503.64276,747.36966
2551,537.11354,707.07590
2552,618.67424,586.52033
2553,556.28381,693.21151
2554,728.97201,389.75205
2555,848.98457,292.15188
2556,867.09286,262.49140
2557,661.68602,542.43739
2558,574.47324,516.54269
2559,868.79374,204.63339
2560,595.08872,564.96263
2561,624.95282,774.81042
2562,725.76720,24.20160
2563,820.71216,455.06461
2564,737.68694,294.39495
2565,670.14273,498.61541
2566,524.92719,684.66875
2567,828.23034,144.41021
2568,931.74475,156.37883
2569,537.62001,778.18060
2570,839.61200,123.43001
2571,903.25800,157.76679
2572,780.35281,269.18005
2573,513.80503,709.24875
2574,761.04867,294.71840
2575,521.73333,769.81458
2576,645.99843,560.78323
2577,546.12270,671.67494
2578,820.19890,166.28653
2579,936.36684,79.95627
2580,572.78824,617.87147
2581,573.81589,787.79421
2582,564.38702,644.29257
2583,569.31064,721.51216
2584,575.60107,675.91692
2585,559.22289,617.57247
2586,704.16025,412.77713
2587,684.63114,450.39867
2588,788.49340,233.31061
2589,676.37661,446.65827
2590,723.69673,689.75075
2591,840.61690,130.07844
2592,923.30767,117.01699
2593,585.43428,-258.35070
2594,778.40739,291.61194
2595,575.38006,-328.22148
2596,700.50814,439.96850
2597,595.35384,689.18480
2598,713.86449,418.15185
2599,755.17531,245.05709
2600,871.11220,297.96845
2601,914.71942,127.31036
2602,769.95966,277.73696
2603,768.30800,7.54638
2604,565.40478,733.94597
2605,814.05146,229.78662
2606,528.15346,691.37343
2607,915.96387,211.77025
2608,540.95363,758.75446
2609,602.06737,564.18753
2610,868.17739,99.73379
2611,648.86338,801.90152
2612,717.57431,391.61126
2613,879.43491,205.68870
2614,617.90713,536.99451
2615,689.03208,478.33908
2616,623.37545,547.40040
2617,560.26160,703.73317
2618,502.60769,761.07705
2619,527.87945,768.94661
2620,733.04424,309.63695
2621,889.18821,110.97472
2622,578.55750,-301.00608
2623,844.74834,137.61931
2624,812.09391,275.24881
2625,582.56307,601.15099
2626,701.31456,389.90692
2627,589.88195,720.11934
2628,610.11483,627.13474
2629,831.01692,250.86922
2630,588.21415,583.34801
2631,558.38839,-309.49893
2632,854.82463,772.62606
2633,714.37693,398.73203
2634,748.27104,295.36543
2635,883.30439,130.60110
2636,786.05110,231.37146
2637,795.65921,794.50228
2638,584.77209,596.08223
2639,543.30073,787.16640
2640,779.95868,263.11504
2641,856.58931,144.36002
2642,572.75965,609.29896
2643,741.58863,313.34774
2644,718.95416,441.94667
2645,589.83054,663.25585
2646,787.53982,271.84207
2647,888.28850,85.36348
2648,877.27061,164.76837
2649,554.56392,-321.65094
2650,873.13700,216.41147
2651,559.65332,631.74027
2652,704.86957,376.34872
2653,577.31629,658.24283
2654,689.96484,451.99414
2655,550.03516,776.40989
2656,803.88634,25.58540
2657,764.75328,274.42526
2658,522.09951,786.88731
2659,531.56126,684.87609
2660,902.98675,120.28992
2661,726.09974,415.43455
2662,894.04250,208.33366
2663,870.93967,165.90879
2664,608.25259,678.45244
2665,670.16986,480.03730
2666,925.49426,129.76851
2667,780.40136,419.99508
2668,746.11999,399.16412
2669,792.90736,71.81646
2670,880.20496,116.35026
2671,728.15835,333.75110
2672,588.11234,785.24589
2673,868.35264,622.63363
2674,578.74193,-290.79589
2675,791.05130,297.02718
2676,677.51527,512.61827
2677,730.48984,804.26153
2678,504.66470,760.61979
2679,553.98757,763.50647
2680,659.53428,-145.04115
2681,631.92651,610.51941
2682,959.41316,91.39429
2683,929.12050,86.35249
2684,576.87628,755.78556
2685,679.15423,519.11460
2686,611.23049,550.93053
2687,716.37501,363.27483
2688,709.55198,-88.68937
2689,692.03930,505.22592
2690,568.00861,741.63933
2691,684.94015,414.37110
2692,570.31098,648.95387
2693,895.19200,835.09482
2694,869.93866,116.33802
2695,748.13966,218.32633
2696,824.71191,189.24099
2697,814.19367,164.81723
2698,794.19384,309.89673
2699,651.08136,570.66944
2700,797.73216,276.05929
2701,627.32060,544.38522
2702,633.01686,574.66642
2703,709.81293,361.76119
2704,895.38843,839.46615
2705,732.03007,351.98176
2706,759.64234,171.14360
2707,881.90723,216.34093
2708,893.12940,88.47820
2709,720.31754,448.43541
2710,773.37694,217.81489
2711,707.74705,404.95309
2712,771.02124,345.94369
2713,642.05394,512.03610
2714,694.84257,426.18639
2715,898.86473,127.22719
2716,750.56473,355.50206
2717,958.64870,181.94708
2718,611.73822,540.04440
2719,565.40124,641.56710
2720,677.89504,452.16362
2721,560.89488,651.75386
2722,620.17884,616.45116
2723,900.29968,227.56816
2724,549.73160,698.30129
2725,676.55715,471.78781
2726,542.91868,723.50164
2727,760.50081,254.76558
2728,956.80677,126.82106
2729,619.69953,749.23323
2730,904.89376,83.12452
2731,834.23417,216.98014
2732,968.62419,404.13174
2733,574.35866,605.45849
2734,848.08595,118.33536
2735,887.71125,88.52991
2736,528.88456,791.27669
2737,914.17005,75.94977
2738,668.13978,803.45044
2739,584.88495,-287.94465
2740,762.83450,245.90610
2741,798.95845,88.78765
2742,766.60956,233.58353
2743,875.95343,93.15664
2744,772.53059,237.92691
2745,842.10596,235.66909
2746,896.99726,205.29630
2747,839.90430,745.39206
2748,575.87799,521.18006
2749,625.96398,770.22463
2750,552.64550,715.43919
2751,654.50829,736.19571
2752,919.36569,160.70768
2753,887.22938,104.62174
2754,870.25417,211.02668
2755,587.51979,-274.85981
2756,649.01066,504.15129
2757,546.65037,644.72836
2758,780.98547,283.55697
2759,718.51525,408.83205
2760,595.77739,595.04488
2761,957.93712,106.70915
2762,866.82274,124.64840
2763,863.89299,98.41233
2764,826.34415,173.37115
2765,555.72070,-339.34177
2766,589.88024,-264.63171
2767,756.29737,271.45460
2768,633.38952,580.79269
2769,543.77327,776.10660
2770,563.17839,734.04323
2771,898.21213,841.90028
2772,573.15521,714.90159
2773,689.27610,557.41942
2774,894.81813,82.67103
2775,968.82568,149.86953
2776,544.58686,754.12695
2777,600.44112,586.33557
2778,784.54276,318.33853
2779,550.86752,687.55106
2780,661.17480,462.20321
2781,663.48799,499.21886
2782,888.34138,825.85580
2783,677.51154,-105.68942
2784,608.05437,570.08311
2785,743.52978,-38.56191
2786,800.14392,281.27136
2787,576.35782,771.32458
2788,715.43169,376.71144
2789,560.95752,649.38653
2790,718.34342,462.76860
2791,691.13236,409.62698
2792,841.12483,141.90822
2793,835.16697,226.07874
2794,549.31515,645.83052
2795,930.11803,164.30152
2796,831.92455,288.59402
2797,841.45039,172.23742
2798,910.04090,220.53667
2799,784.04918,282.81429
2800,587.18366,712.03753
2801,712.09706,424.18668
2802,868.41932,96.08057
2803,589.39352,586.79135
2804,652.13768,593.55942
2805,660.23804,482.82351
2806,566.85591,626.93692
2807,585.99461,800.28556
2808,549.73557,742.02328
2809,565.34448,681.19718
2810,559.29995,706.99462
2811,842.53244,255.04821
2812,657.94084,503.24151
2813,843.77909,216.08694
2814,759.49809,313.35335
2815,586.34649,609.93288
2816,658.15982,487.45425
2817,682.67107,-115.05869
2818,591.82414,644.44436
2819,719.44976,387.94510
2820,577.36252,636.89045
2821,857.91047,200.93602
2822,602.87004,802.90208
2823,849.20217,191.40391
2824,558.62325,710.76809
2825,524.19334,786.64533
2826,663.48995,490.98040
2827,858.18749,775.14407
2828,959.35966,117.99935
2829,968.61920,147.00118
2830,890.25740,828.15684
2831,870.89200,215.34690
2832,606.04821,635.95142
2833,793.57311,315.07070
2834,859.91961,218.93032
2835,558.60162,742.51783
2836,838.32848,134.05801
2837,666.67606,476.28540
2838,809.51412,204.42448
2839,789.80949,187.14380
2840,757.47387,245.29698
2841,813.61324,296.18804
2842,623.41083,550.09144
2843,757.77177,296.56697
2844,803.63930,162.13858
2845,610.31363,585.33625
2846,579.01612,614.74039
2847,588.22700,644.92443
2848,767.17601,270.10827
2849,944.39322,83.00135
2850,809.50478,158.79739
2851,550.59692,756.10458
2852,877.64738,805.58272
2853,922.35272,152.43933
2854,655.24136,467.51472
2855,618.78718,566.79720
2856,674.94058,442.27839
2857,570.98065,512.77367
2858,639.96679,508.42241
2859,553.72825,-328.62912
2860,837.59527,257.15401
2861,534.76031,747.09940
2862,546.01337,759.53519
2863,619.61095,796.04598
2864,667.86274,485.37880
2865,883.84340,93.30867
2866,831.06906,205.71549
2867,588.78143,608.26947
2868,879.92298,98.33661
2869,889.87366,139.46391
2870,951.89109,80.14289
2871,863.84385,123.32049
2872,615.39215,481.77351
2873,827.49469,276.91407
2874,861.06901,105.59087
2875,751.05228,301.11821
2876,525.28158,734.15936
2877,561.72899,713.30091
2878,587.97083,604.79791
2879,541.10555,649.85777
2880,947.03527,392.12294
2881,575.59101,721.99948
2882,831.11605,244.88513
2883,897.96997,221.15556
2884,512.61343,726.82295
2885,921.56348,161.34707
2886,824.75213,192.49823
2887,732.75715,358.49351
2888,532.77251,739.07425
2889,501.04286,759.96951
2890,605.52262,589.03983
2891,571.36370,626.15363
2892,590.59018,653.33629
2893,808.37803,322.33033
2894,745.72582,176.10583
2895,570.32116,705.57490
2896,862.94843,244.47448
2897,672.52171,806.44479
2898,747.52538,330.66088
2899,680.79837,500.66464
2900,629.09619,517.54770
2901,572.88553,666.27773
2902,840.43999,159.66973
2903,556.73582,633.78918
2904,773.11628,275.44404
2905,648.09988,478.66647
2906,504.38461,767.66477
2907,851.96488,163.11317
2908,734.12347,417.89666
2909,860.79281,137.87079
2910,750.52490,267.10664
2911,567.53899,750.54948
2912,632.63103,648.47212
2913,557.00034,763.27693
2914,592.42798,631.23889
2915,615.04797,575.68819
2916,879.10389,247.37953
2917,814.47236,234.69368
2918,540.44914,686.09040
2919,949.80089,82.15051
2920,716.80278,420.36465
2921,755.22147,447.37527
2922,778.27997,253.95059
2923,953.23704,96.50555
2924,824.64503,203.65474
2925,600.36430,599.83806
2926,873.75863,800.00434
2927,865.60427,190.99032
2928,884.23699,209.20594
2929,940.83816,134.81193
2930,744.78965,369.14880
2931,898.47636,154.25449
2932,832.64442,262.31077
2933,836.75953,161.29638
2934,689.96033,462.22274
2935,596.45962,598.66509
2936,549.63563,656.49696
2937,735.93901,337.49501
2938,937.72451,139.36624
2939,749.23719,251.16554
2940,600.16112,692.70539
2941,706.82855,1.50939
2942,591.54226,511.88522
2943,811.60999,197.54809
2944,743.84859,320.21040
2945,696.23114,390.36507
2946,701.93321,398.83688
2947,768.04012,221.50882
2948,682.46890,509.80530
2949,635.83182,504.58829
2950,875.90241,804.04371
2951,751.07313,423.81572
2952,641.25621,449.90260
2953,695.24338,484.23239
2954,790.31289,271.46017
2955,669.72596,448.38302
2956,715.15114,392.52940
2957,712.11024,435.56265
2958,558.43545,663.94855
2959,780.99697,278.01608
2960,880.68324,172.60632
2961,542.05234,671.72123
2962,701.44453,416.47004
2963,819.31061,170.38203
2964,672.88732,-130.92191
2965,537.37196,790.27200
2966,919.53045,113.03354
2967,702.71427,445.01449
2968,536.62404,770.67085
2969,715.41778,449.95046
